(1,18154.87)
(2,23230.29)
(3,21871.95)
(4,16070.07)
(5,9831.92)
(6,6204.08)
(7,4873.74)
(8,4190.85)
(9,3702.35)
(10,3993.08)
(11,6174.11)
(12,11005.34)
(13,15367.18)
(14,16887.02)
(15,16857.85)
(16,12450.69)
(17,7889.43)
(18,5258.37)
(19,4380.74)
(20,3834.33)
(21,3420.93)
(22,3690.64)
(23,5620.85)
(24,10652.31)
(25,15493.32)
(26,16557.12)
(27,15183.59)
(28,12121.47)
(29,7420.61)
(30,4942.18)
(31,4135.43)
(32,3627.07)
(33,3257.43)
(34,3579.56)
(35,6236.77)
(36,11403.5)
(37,15558.57)
(38,16762.88)
(39,16119.25)
(40,13443.77)
(41,8246.0)
(42,5325.19)
(43,4397.96)
(44,3815.68)
(45,3411.66)
(46,3749.33)
(47,5961.24)
(48,10673.56)
(49,14744.94)
(50,16409.46)
(51,15905.55)
(52,12536.29)
(53,7830.92)
(54,5198.87)
(55,4243.16)
(56,3698.82)
(57,3278.52)
(58,3558.38)
(59,5962.36)
(60,11280.33)
(61,15056.19)
(62,15379.16)
(63,15367.65)
(64,12419.21)
(65,7730.86)
(66,5032.6)
(67,4158.58)
(68,3646.95)
(69,3270.49)
(70,3691.33)
(71,6304.97)
(72,11269.07)
(73,15387.33)
(74,16459.06)
(75,16388.14)
(76,13657.05)
(77,8535.92)
(78,5442.48)
(79,4423.12)
(80,3839.58)
(81,3342.76)
(82,3682.93)
(83,5983.14)
(84,12215.25)
(85,15125.5)
(86,16744.35)
(87,16116.38)
(88,12347.31)
(89,7604.87)
(90,5010.89)
(91,4220.53)
(92,3709.12)
(93,3269.6)
(94,3565.31)
(95,5842.06)
(96,10741.02)
(97,14626.86)
(98,16982.79)
(99,16827.18)
(100,13597.21)
(101,8313.47)
(102,5361.5)
(103,4374.72)
(104,3809.07)
(105,3366.15)
(106,3707.64)
(107,6081.68)
(108,10971.9)
(109,15252.3)
(110,17790.63)
(111,17729.78)
(112,13795.15)
(113,8674.83)
(114,5542.53)
(115,4473.74)
(116,3901.97)
(117,3522.55)
(118,3938.65)
(119,6146.48)
(120,11275.17)
###################
(1,18154.87)
(2,11946.81)
(3,11271.59)
(4,7849.45)
(5,5022.69)
(6,3806.24)
(7,3447.6)
(8,3048.28)
(9,2665.26)
(10,2671.02)
(11,3334.49)
(12,5408.38)
(13,9164.09)
(14,8370.56)
(15,7480.47)
(16,5636.72)
(17,3832.1)
(18,3113.89)
(19,2947.16)
(20,2591.63)
(21,2310.61)
(22,2367.89)
(23,3007.96)
(24,5220.09)
(25,8798.09)
(26,7619.36)
(27,6718.27)
(28,5003.3)
(29,3529.67)
(30,2875.3)
(31,2726.2)
(32,2397.01)
(33,2212.15)
(34,2270.02)
(35,3181.38)
(36,5904.21)
(37,9073.93)
(38,7872.97)
(39,6931.56)
(40,6147.43)
(41,4086.98)
(42,3160.76)
(43,2932.67)
(44,2573.6)
(45,2332.38)
(46,2377.33)
(47,3096.67)
(48,5273.91)
(49,8168.26)
(50,7335.87)
(51,6830.51)
(52,5346.06)
(53,3497.4)
(54,2964.81)
(55,2766.42)
(56,2456.14)
(57,2176.51)
(58,2180.47)
(59,3082.23)
(60,5159.64)
(61,8908.03)
(62,7371.77)
(63,6623.86)
(64,5405.24)
(65,3797.2)
(66,2943.47)
(67,2776.53)
(68,2440.39)
(69,2200.25)
(70,2378.97)
(71,3047.26)
(72,5342.56)
(73,8751.23)
(74,8027.63)
(75,7579.02)
(76,6125.53)
(77,4048.44)
(78,3144.85)
(79,2949.65)
(80,2599.82)
(81,2271.98)
(82,2307.06)
(83,3095.03)
(84,6001.91)
(85,9021.04)
(86,7286.44)
(87,6754.37)
(88,5338.69)
(89,3609.46)
(90,2968.36)
(91,2809.2)
(92,2501.21)
(93,2194.86)
(94,2321.47)
(95,2994.8)
(96,4919.52)
(97,8680.75)
(98,8028.46)
(99,7537.62)
(100,6175.77)
(101,4215.93)
(102,3196.82)
(103,2918.18)
(104,2611.41)
(105,2308.27)
(106,2327.64)
(107,3165.1)
(108,5467.9)
(109,8974.52)
(110,7491.59)
(111,7457.1)
(112,5856.8)
(113,4001.44)
(114,3184.49)
(115,2947.65)
(116,2608.98)
(117,2379.13)
(118,2491.93)
(119,3304.01)
(120,5968.52)
###################
(1,18154.87)
(2,40768.01)
(3,39740.83)
(4,28477.6)
(5,16722.64)
(6,9366.55)
(7,6687.02)
(8,5684.72)
(9,4982.52)
(10,5629.17)
(11,10393.25)
(12,18803.46)
(13,23499.09)
(14,29073.35)
(15,31132.44)
(16,23889.24)
(17,14104.03)
(18,8236.51)
(19,6252.96)
(20,5404.2)
(21,4803.09)
(22,5497.95)
(23,9821.88)
(24,19287.77)
(25,24749.12)
(26,30902.37)
(27,28290.9)
(28,23352.47)
(29,13282.11)
(30,7823.76)
(31,5930.29)
(32,5105.94)
(33,4577.4)
(34,5197.17)
(35,10509.52)
(36,18602.84)
(37,23237.45)
(38,29616.47)
(39,30905.23)
(40,25326.12)
(41,14751.83)
(42,8292.7)
(43,6246.05)
(44,5328.28)
(45,4737.63)
(46,5550.86)
(47,9861.65)
(48,18781.71)
(49,24241.36)
(50,30067.55)
(51,30192.21)
(52,23776.06)
(53,14535.08)
(54,8150.53)
(55,6077.38)
(56,5258.76)
(57,4601.28)
(58,5351.32)
(59,10187.69)
(60,19984.34)
(61,23598.41)
(62,26997.2)
(63,28804.23)
(64,23548.09)
(65,13441.36)
(66,7903.4)
(67,5960.46)
(68,5093.99)
(69,4589.99)
(70,5409.42)
(71,10905.4)
(72,19534.44)
(73,24199.46)
(74,30497.47)
(75,31827.46)
(76,25580.5)
(77,15717.96)
(78,8672.35)
(79,6384.03)
(80,5427.47)
(81,4740.59)
(82,5509.86)
(83,10208.14)
(84,21486.2)
(85,22821.83)
(86,31205.77)
(87,30605.48)
(88,23121.71)
(89,13435.22)
(90,7790.54)
(91,6058.98)
(92,5241.28)
(93,4630.16)
(94,5216.03)
(95,9723.97)
(96,19902.42)
(97,23412.3)
(98,31140.26)
(99,31218.41)
(100,24276.2)
(101,14034.77)
(102,8171.02)
(103,6165.82)
(104,5295.11)
(105,4673.46)
(106,5463.94)
(107,10044.24)
(108,18828.72)
(109,22983.47)
(110,33054.63)
(111,34523.54)
(112,26430.81)
(113,15613.52)
(114,8745.88)
(115,6442.53)
(116,5535.22)
(117,4930.53)
(118,5721.07)
(119,9909.02)
(120,18698.33)
###################
(1,18154.87)
(2,10271.84)
(3,6997.24)
(4,4051.32)
(5,2779.64)
(6,2323.7)
(7,2305.83)
(8,2085.71)
(9,1874.58)
(10,1890.41)
(11,2136.25)
(12,3223.66)
(13,6094.76)
(14,3431.95)
(15,2741.09)
(16,2598.01)
(17,1994.48)
(18,1645.13)
(19,1819.81)
(20,1672.89)
(21,1649.33)
(22,1555.2)
(23,1603.74)
(24,3107.77)
(25,4780.15)
(26,3827.64)
(27,2923.08)
(28,2254.99)
(29,1718.41)
(30,1531.45)
(31,1762.29)
(32,1662.84)
(33,1466.54)
(34,1116.14)
(35,1449.21)
(36,3418.05)
(37,5953.48)
(38,4177.69)
(39,3351.91)
(40,2644.94)
(41,2137.39)
(42,1825.5)
(43,1675.58)
(44,1515.81)
(45,1365.36)
(46,1557.49)
(47,1617.29)
(48,2563.2)
(49,4814.49)
(50,3079.47)
(51,1841.17)
(52,2814.74)
(53,1530.39)
(54,1688.09)
(55,1769.56)
(56,1592.7)
(57,1383.74)
(58,1253.3)
(59,1468.62)
(60,3001.44)
(61,4922.21)
(62,3866.45)
(63,2971.44)
(64,2799.23)
(65,1668.86)
(66,1632.52)
(67,1741.92)
(68,1595.12)
(69,1561.96)
(70,1554.94)
(71,1772.18)
(72,2489.13)
(73,5293.58)
(74,3610.59)
(75,4066.61)
(76,3595.37)
(77,2080.56)
(78,1969.96)
(79,2097.03)
(80,1916.3)
(81,1586.48)
(82,1478.2)
(83,1825.37)
(84,3675.16)
(85,6220.23)
(86,3927.5)
(87,2686.7)
(88,2705.25)
(89,2077.14)
(90,1852.57)
(91,1930.47)
(92,1593.19)
(93,1548.36)
(94,1482.42)
(95,1763.81)
(96,2830.19)
(97,4898.57)
(98,4541.97)
(99,3735.47)
(100,2712.63)
(101,2032.06)
(102,1871.42)
(103,1952.83)
(104,1703.92)
(105,1611.68)
(106,1496.93)
(107,1687.47)
(108,3054.86)
(109,5326.19)
(110,2892.24)
(111,2660.36)
(112,2517.55)
(113,1545.22)
(114,1623.67)
(115,1792.51)
(116,1564.84)
(117,1576.58)
(118,1717.3)
(119,1660.37)
(120,2823.15)
###################
