(1,21113.17)
(2,30005.76)
(3,36932.94)
(4,39433.58)
(5,38587.67)
(6,35038.81)
(7,30588.38)
(8,25253.01)
(9,19854.92)
(10,14739.22)
(11,11926.17)
(12,13566.94)
(13,19757.27)
(14,26020.74)
(15,32348.89)
(16,34795.91)
(17,34209.48)
(18,30633.22)
(19,26159.32)
(20,21348.04)
(21,16224.9)
(22,11661.63)
(23,9166.2)
(24,11174.29)
(25,17620.43)
(26,24566.16)
(27,30352.54)
(28,33217.84)
(29,32490.42)
(30,29929.73)
(31,25949.47)
(32,21601.94)
(33,16931.45)
(34,12435.33)
(35,10320.74)
(36,12654.86)
(37,18959.22)
(38,26142.87)
(39,31870.51)
(40,35058.99)
(41,34217.84)
(42,31107.8)
(43,26840.91)
(44,22442.34)
(45,17686.2)
(46,13122.01)
(47,10762.22)
(48,12706.25)
(49,18516.4)
(50,25218.17)
(51,30887.79)
(52,33986.02)
(53,33348.71)
(54,30565.48)
(55,26521.53)
(56,21860.27)
(57,16686.4)
(58,12006.11)
(59,9742.5)
(60,12184.88)
(61,18037.8)
(62,24173.63)
(63,30136.47)
(64,33219.29)
(65,32300.95)
(66,28786.61)
(67,24366.6)
(68,19852.47)
(69,15115.35)
(70,10972.0)
(71,9159.13)
(72,11386.82)
(73,17943.95)
(74,24635.25)
(75,30494.57)
(76,33903.2)
(77,33345.21)
(78,30409.13)
(79,26391.32)
(80,21776.03)
(81,16524.65)
(82,11813.41)
(83,9654.87)
(84,12675.03)
(85,18395.67)
(86,25330.55)
(87,31437.55)
(88,34093.99)
(89,33278.06)
(90,29767.91)
(91,25451.55)
(92,20829.73)
(93,16099.2)
(94,11630.77)
(95,9237.96)
(96,11084.85)
(97,16418.24)
(98,23654.75)
(99,29800.84)
(100,33364.02)
(101,33044.84)
(102,29903.93)
(103,25673.32)
(104,21171.93)
(105,16184.92)
(106,11522.17)
(107,9067.18)
(108,10830.86)
(109,16870.02)
(110,24183.45)
(111,31251.24)
(112,34646.62)
(113,34519.65)
(114,31308.3)
(115,26930.52)
(116,21915.22)
(117,16498.44)
(118,11483.38)
(119,8073.52)
(120,9068.91)
###################
(1,21113.17)
(2,20900.92)
(3,22197.64)
(4,20934.28)
(5,18889.21)
(6,14919.77)
(7,10245.94)
(8,5108.08)
(9,599.04)
(10,0.0)
(11,0.0)
(12,0.0)
(13,1508.08)
(14,4226.55)
(15,7529.82)
(16,9303.82)
(17,9258.17)
(18,6982.5)
(19,4200.74)
(20,2127.13)
(21,0.0)
(22,0.0)
(23,0.0)
(24,0.0)
(25,1422.76)
(26,3231.83)
(27,5611.79)
(28,6250.9)
(29,4760.96)
(30,3121.99)
(31,812.76)
(32,926.81)
(33,0.0)
(34,0.0)
(35,0.0)
(36,0.0)
(37,1623.66)
(38,4647.45)
(39,7358.66)
(40,9105.0)
(41,7316.2)
(42,4599.54)
(43,1306.56)
(44,888.15)
(45,0.0)
(46,0.0)
(47,0.0)
(48,0.0)
(49,147.75)
(50,2410.48)
(51,5185.14)
(52,6192.76)
(53,5404.01)
(54,3616.17)
(55,2368.08)
(56,1055.59)
(57,0.0)
(58,0.0)
(59,0.0)
(60,0.0)
(61,661.71)
(62,1784.12)
(63,4859.22)
(64,6112.78)
(65,5401.56)
(66,2434.18)
(67,418.54)
(68,0.0)
(69,0.0)
(70,0.0)
(71,0.0)
(72,0.0)
(73,1174.85)
(74,3728.22)
(75,5335.51)
(76,7299.17)
(77,6936.98)
(78,4986.78)
(79,2750.25)
(80,1619.11)
(81,0.0)
(82,0.0)
(83,0.0)
(84,0.0)
(85,1324.58)
(86,3081.63)
(87,5184.59)
(88,7042.08)
(89,7105.71)
(90,4938.65)
(91,3206.11)
(92,1283.42)
(93,0.0)
(94,0.0)
(95,0.0)
(96,0.0)
(97,47.76)
(98,1524.58)
(99,4277.14)
(100,7390.41)
(101,7017.0)
(102,5657.64)
(103,3914.09)
(104,1996.93)
(105,420.55)
(106,0.0)
(107,0.0)
(108,0.0)
(109,1703.64)
(110,5295.21)
(111,9915.22)
(112,12631.3)
(113,13217.22)
(114,11727.87)
(115,8766.35)
(116,5908.36)
(117,2979.71)
(118,0.0)
(119,0.0)
(120,0.0)
###################
(1,21113.17)
(2,44570.33)
(3,51806.1)
(4,51806.1)
(5,51806.1)
(6,50713.43)
(7,47536.89)
(8,43122.26)
(9,38223.82)
(10,33190.6)
(11,31662.72)
(12,36768.52)
(13,47553.95)
(14,51806.1)
(15,51806.1)
(16,51806.1)
(17,51806.1)
(18,50166.16)
(19,46562.87)
(20,42032.39)
(21,36680.77)
(22,31864.25)
(23,29771.01)
(24,35722.09)
(25,43660.44)
(26,51806.1)
(27,51806.1)
(28,51806.1)
(29,51806.1)
(30,50119.62)
(31,46232.12)
(32,41354.5)
(33,35774.41)
(34,30943.03)
(35,29122.35)
(36,33234.62)
(37,41617.53)
(38,51806.1)
(39,51806.1)
(40,51806.1)
(41,51806.1)
(42,50264.0)
(43,46741.44)
(44,42227.37)
(45,37028.07)
(46,32799.57)
(47,30956.1)
(48,35515.14)
(49,44462.37)
(50,51806.1)
(51,51806.1)
(52,51806.1)
(53,51806.1)
(54,50538.97)
(55,46605.58)
(56,41800.04)
(57,36571.83)
(58,31635.51)
(59,29532.79)
(60,35010.77)
(61,43094.84)
(62,51806.1)
(63,51806.1)
(64,51806.1)
(65,51806.1)
(66,50073.17)
(67,46057.64)
(68,41211.87)
(69,35956.03)
(70,31399.47)
(71,30110.98)
(72,35406.12)
(73,45122.12)
(74,51806.1)
(75,51806.1)
(76,51806.1)
(77,51806.1)
(78,50819.29)
(79,47413.45)
(80,43008.79)
(81,37825.85)
(82,33059.95)
(83,31462.51)
(84,37992.69)
(85,47339.46)
(86,51806.1)
(87,51806.1)
(88,51806.1)
(89,51806.1)
(90,49915.27)
(91,46385.63)
(92,41684.51)
(93,36835.98)
(94,31840.61)
(95,29477.25)
(96,33989.92)
(97,42471.18)
(98,51806.1)
(99,51806.1)
(100,51806.1)
(101,51806.1)
(102,49697.01)
(103,45940.95)
(104,41432.98)
(105,35915.42)
(106,31047.63)
(107,29112.88)
(108,33647.72)
(109,42891.82)
(110,51806.1)
(111,51806.1)
(112,51806.1)
(113,51806.1)
(114,50519.12)
(115,47015.6)
(116,42557.25)
(117,37538.84)
(118,32911.01)
(119,30144.21)
(120,34915.42)
###################
