2.1471536749612004e8, 3.016310326510701e8
1.2246702772529344e8, 3.001599708708673e8
3.599275965358273e8, 5.834754471010714e8
7.477045956695497e7, 1.8987689579435843e8
9.65759915074166e7, 1.9059290531440377e8
3.585163274980358e8, 4.515078098109938e8
1.3459025757725042e8, 3.091796898451246e8
3.2678711153695875e8, 4.233910186384772e8
2.4022235204569894e8, 3.097012561615174e8
1.2025092937601797e8, 1.5370070269823688e8
3.772801222014021e8, 4.529895258421505e8
1.2000616255769366e8, 2.2658905292477122e8
1.2557316494967896e8, 1.6662900775383323e8
1.5849781628427088e8, 2.3022021988953257e8
2.0195888858242196e8, 6.294692659601946e8
1.2868586990802991e8, 1.6847574329331538e8
8.26121800380401e7, 1.7722238848989004e8
2.446942133083462e8, 2.952774511731639e8
1.2964794134228958e8, 2.4068282500747284e8
1.3323221795654364e8, 3.4236090856561136e8
2.650883201678784e8, 3.3530773066734564e8
1.4740891775834996e8, 2.115093683975126e8
2.3423948350680387e8, 2.7686683414359653e8
1.4374436543825725e8, 2.0828671759122252e8
1.501884457102655e8, 2.106387605739925e8
2.1823444509103817e8, 2.778083815575373e8
1.1396159185682294e8, 2.2156634380744672e8
3.1978336420341897e8, 4.40446018006213e8
1.4033680176307532e8, 3.323495936796214e8
2.86140696175819e8, 3.3704988019561565e8
1.396004660996698e8, 2.6719886358402368e8
1.1127957943448676e8, 1.6123219513429412e8
3.2925051055188817e8, 5.891199485112507e8
1.167163998591623e8, 1.6614308980951232e8
2.6797197746213248e8, 5.1266526064994985e8
1.1180695894763596e8, 1.3977633749864554e8
1.499636004028769e8, 2.822513711394208e8
1.6182784516570505e8, 2.254804704168294e8
2.0532121259710428e8, 3.527667622403881e8
1.5922058619361666e8, 2.3170734922889015e8
1.1575414753897524e8, 4.2551288944838774e8
3.041127022945301e8, 4.2243631226729316e8
1.0851426392038074e8, 1.5775745917122236e8
8.422960057997143e7, 1.6113977770286092e8
5.763267277840452e8, 6.355676069422232e8
9.647363538495485e7, 2.5639700173074314e8
1.4815696718321738e8, 2.102109037761414e8
4.951600019565099e8, 8.636068991745206e8
4.2612127472052497e8, 4.702917466912309e8
1.63190404151586e8, 2.455855395397704e8
1.5964003459933203e8, 2.421146093283825e8
6.020443085240604e8, 7.708961633135325e8
1.2248637181152709e8, 1.9842627674150428e8
1.041857143016164e8, 1.396451699472935e8
1.2652821882571651e8, 2.0339667288821796e8
1.7102387812698114e8, 2.4340553285882738e8
1.9496535895103833e8, 3.113801898286655e8
1.0525801431118776e8, 1.9900816112344286e8
1.685771806683061e8, 2.1447153315247288e8
1.5174058736791447e8, 2.5203546882753435e8
1.265567379047627e8, 2.457174424101191e8
1.1311404225077581e8, 1.7089699364543644e8
1.0387565971211244e8, 1.7409474176321736e8
2.800772191595567e8, 4.0700625956732595e8
1.7470916869664696e8, 2.8292635127821773e8
1.0351588829938607e8, 1.858890275116075e8
2.7077717195802355e8, 3.392115318267568e8
1.2010957104725263e8, 1.8452355836283126e8
1.0751780334932381e8, 1.4788215902717778e8
2.1605816774602127e8, 2.8677479028144944e8
7.756147215020505e7, 1.5184799625717813e8
1.6983032831170487e8, 2.566450751373954e8
8.14118775627977e7, 2.953675504622548e8
2.1101972404950175e8, 4.4673896092433494e8
1.7517750479850504e8, 4.223715601585985e8
1.5859029076688963e8, 2.5303702388787815e8
1.376266346146234e8, 1.998540438205672e8
8.00339063184392e7, 2.4943396058337525e8
2.901946486068143e8, 3.878560986696493e8
1.917550993770755e8, 2.3789596523922274e8
3.9375749729438e8, 4.8882153410671306e8
1.6035226143591908e8, 3.753271583971979e8
2.550575819364887e8, 4.930133647130782e8
1.8966728026030028e8, 2.5146286402532536e8
1.3214544335406281e8, 2.0407500905135465e8
2.080251172663799e8, 3.729984049553637e8
9.450611734757921e7, 1.2770842512148215e8
2.4702133432301107e8, 2.910855037482021e8
1.1596397024050927e8, 3.155140199264543e8
3.238552044383803e8, 3.731246061771894e8
1.2480144313524956e8, 1.663319625246538e8
9.451757388386157e7, 1.865146431462501e8
1.234602501942853e8, 2.316254620762452e8
2.0893272534965035e8, 2.5553107904676795e8
1.5212250404866216e8, 6.08965474960994e8
2.0998746930081e8, 2.6501199293619397e8
1.2519702613429108e8, 1.7524677467758855e8
2.119533719085253e8, 2.971752621693287e8
1.0511169067254783e8, 1.4226702440700188e8
1.150995959693747e8, 1.6752319926347905e8
3.148309076723408e8, 3.9510513358980584e8
1.3163054109222585e8, 1.8200273338005722e8
8.671836084604415e7, 1.4675164914153832e8
1.41754573410248e8, 1.956138358042858e8
1.4378971539392877e8, 1.875505176991362e8
1.270517168136171e8, 1.8271074862272274e8
1.653830308598451e8, 2.4977688551478875e8
1.2337230917709088e8, 1.5557790190597346e8
1.8756921865599507e8, 2.2547985574921992e8
2.170554498628015e8, 3.025409152494738e8
1.0031907149428485e8, 1.4444998461296096e8
1.5070269976133078e8, 2.550594131939115e8
1.1053827849910581e8, 3.6393977807121676e8
7.066328303730671e7, 1.1271471411114569e8
1.3022060969997585e8, 1.7218436033243352e8
1.948700462832469e8, 2.451238973749408e8
3.753272849819837e8, 4.586653390728318e8
9.549164580646212e7, 1.5970285205771732e8
3.7129496250184935e8, 4.495663341229496e8
1.0444229615522638e8, 1.644853446796299e8
2.5684045704590318e8, 5.2534101602505076e8
1.396769851137664e8, 2.828316260153268e8
2.536395762063459e8, 3.142275947600583e8
1.1785367662181535e8, 1.9467615134852326e8
1.5438329337728044e8, 3.7778087906385356e8
1.1496077987963982e8, 2.958920923685463e8
3.4850727936804533e8, 4.611904908627506e8
2.7344361708405906e8, 3.61439984188884e8
3.469894759140358e8, 5.795292444199591e8
1.2108769304832245e8, 1.737660566093057e8
1.954429549016487e8, 2.921469008048006e8
3.6436183745993394e8, 4.14739703326257e8
3.618015245781505e8, 4.5833557677914304e8
4.7680848586361796e8, 5.554980247627174e8
1.0254323802911875e8, 1.8653189654676446e8
8.558127438247684e7, 1.3438569125005555e8
1.1405083194260818e8, 6.611059376345063e8
1.2950569467778826e8, 2.0817304503129688e8
1.1673285798844758e8, 1.91404484395162e8
8.983715625909509e7, 1.3952784602906573e8
9.128843462531367e7, 1.9036363846917048e8
1.2795495423135647e8, 2.1026217717447764e8
2.0452641425650877e8, 3.659187861334206e8
1.0410882297610636e8, 1.6029461696527696e8
1.0989941425023167e8, 2.3051862906743255e8
4.4026877148309535e8, 5.332299339280913e8
1.1005339508584642e8, 1.7876182787433326e8
1.2908599344435188e8, 2.854458498996963e8
1.389715297535852e8, 2.449512912902925e8
9.191259014543611e7, 1.579721186471771e8
1.6158799967544428e8, 2.489144848128921e8
6.201475723275199e7, 1.2660465420696336e8
4.5475273485532916e8, 5.3603957422007513e8
1.2216957590930356e8, 3.077454243026245e8
1.634823013382008e8, 3.096840115010311e8
1.3945749722099584e8, 1.728017195404892e8
1.0710954935472475e8, 1.7832413916766378e8
2.819286894080679e8, 4.164249271378648e8
1.8549254251637802e8, 4.451390455125813e8
1.368038134500202e8, 1.8359920967003238e8
1.1020294260915871e8, 2.4486978758788723e8
1.0352339948099948e8, 1.6206676298477507e8
2.6351296003703472e8, 3.3934105015210456e8
1.1311245617713971e8, 2.2970812824555406e8
1.746207891116327e8, 2.3979659834731525e8
1.5732287599429628e8, 2.0978485905858874e8
1.2429462291812615e8, 1.9175200048865533e8
1.947657892214092e8, 2.728594672224371e8
9.608383189932911e7, 1.5171791825901636e8
4.3673467864971197e8, 5.895415605953962e8
3.125566661719292e8, 3.961360759351941e8
1.0983720120744817e8, 2.0907186891729808e8
1.4711235865830714e8, 2.3485951170801967e8
1.6878831959177998e8, 4.060089629015667e8
1.1330318823344496e8, 2.3205055479341522e8
3.0248523703367263e8, 3.4807476789757454e8
1.0644579409612809e8, 2.6553861822010434e8
3.075480223235448e8, 3.858616256472978e8
1.087361220961453e8, 2.4712167569808573e8
3.316141423939873e8, 5.0332119940504646e8
9.123145250035651e7, 2.1467087785418802e8
1.616914095579683e8, 2.1230138084744045e8
9.166669328546248e7, 1.5783102330601588e8
1.581878213486066e8, 3.142349994545195e8
3.2106954937118465e8, 5.382130948306373e8
2.1128654183418515e8, 3.0870823850757474e8
1.5630433148964006e8, 2.6823671702366483e8
8.831430389793995e7, 2.2146359033628035e8
1.533136838044631e8, 2.8029135768829614e8
1.0125457708574016e8, 2.63413843125721e8
1.4735956362383863e8, 2.6289943474227512e8
1.0291704926357925e8, 2.0868729126525238e8
1.1610604332765388e8, 2.5041751867440116e8
1.0299600972412956e8, 1.6855332649503377e8
2.7760356357599235e8, 4.925066259046877e8
1.3933969264392832e8, 2.6809172012041578e8
2.3596836169068903e8, 3.3434495582787305e8
1.0418032336549374e8, 2.401602475685336e8
1.5394167932069427e8, 1.884784982519586e8
1.1421642467877302e8, 3.1954009020754117e8
4.604802278906918e8, 6.403730188437859e8
2.614202660951363e8, 5.983507637092785e8
1.2235835946918458e8, 2.4867792094561294e8
2.916521487664856e8, 3.5427068540502965e8
7.128937368456097e7, 1.5653299664007425e8
1.834947064905221e8, 2.58696989325331e8
1.786853260485262e8, 2.4524030948958308e8
1.746756016065488e8, 3.0326220357457024e8
3.181885990486827e8, 4.7446332394207335e8
1.1592630202610195e8, 1.7603296406508797e8
2.959705063769138e8, 3.61433462485467e8
1.1945170977776982e8, 2.1945668765556666e8
1.7511491714908716e8, 3.157483030213776e8
3.8602118488110435e8, 5.105262959326296e8
1.1175553804822882e8, 1.479516181249391e8
9.257951109350997e7, 1.3395295327870306e8
1.4694489172597513e8, 2.112632542616973e8
1.6586045091779885e8, 2.271034567706523e8
1.160649984630953e8, 1.8097526561110798e8
1.1936399838197395e8, 1.929412877385375e8
1.2729404869741063e8, 2.0671802587876207e8
9.983326394261524e7, 1.755098675160134e8
1.0349386996320406e8, 1.353296645888965e8
1.1806958686644539e8, 1.6398373830215728e8
1.1672187848321436e8, 1.793693901754365e8
1.04135611343422e8, 1.8260002252579162e8
7.960360121035607e7, 2.724800093110327e8
5.37275422830172e8, 6.361943610034235e8
1.7413175490186563e8, 6.634593305256939e8
1.773112260740954e8, 2.2218481672329372e8
1.1500986248908152e8, 1.6278791050750503e8
7.16762514075779e7, 1.1982043091899784e8
1.0714167335789451e8, 1.4364978755337277e8
8.727728375741248e7, 1.5508742090745255e8
1.242862866611094e8, 2.2638192947093645e8
1.32207883301203e8, 1.779653819446816e8
1.0511862417258471e8, 2.6186467613594446e8
1.735295375691589e8, 2.3451820120254958e8
1.2838229973292623e8, 3.4122664408480835e8
1.2139327232828379e8, 1.8742971551275453e8
9.540127807635656e7, 1.7130763183225182e8
5.397696152886649e8, 6.441158339563309e8
7.975122557513215e7, 1.1135943057410686e8
7.243891441523991e8, 8.65072186442391e8
1.608438433633466e8, 2.6109309854769513e8
9.779227608626468e7, 1.9588762917220807e8
1.8743124351396763e8, 3.570378506137101e8
1.9372627385565478e8, 2.4389747858214366e8
2.9412325909171516e8, 3.9991177379076666e8
1.0368016392296104e8, 1.4486753075592712e8
3.0142840126812565e8, 4.9848470390565383e8
2.821497162680443e8, 5.5960213425787e8
4.600685419642399e8, 5.337392443425918e8
1.5341860682354724e8, 2.776632752129868e8
8.732196974996659e7, 1.6566239630451286e8
1.6773440453741577e8, 2.2043942436072454e8
4.455317598048455e8, 4.944065076253997e8
2.765917276819251e8, 5.711442165048918e8
1.8583430039225695e8, 2.898792050992066e8
1.58894780647801e8, 2.561805836833504e8
1.6526252103064343e8, 2.396273206733816e8
5.451989564154148e8, 5.929960498329751e8
2.4103849446414518e8, 5.212773044068723e8
1.2391874662270336e8, 7.026442941271315e8
6.82057103918359e8, 8.152273411368943e8
1.766074273165772e8, 2.6401048624727297e8
8.683448983141285e7, 2.2262027209276533e8
8.585934000820296e7, 1.3364261633552489e8
2.069844967475577e8, 2.726145552926073e8
1.6690230961801553e8, 2.377320808061575e8
1.1826006644142072e8, 1.8510237219885018e8
1.5651049438137573e8, 2.4076203836604133e8
4.177202809476074e8, 5.528440195393847e8
1.44282957635937e8, 2.0043809431181347e8
2.3067670568016022e8, 2.9616481367611325e8
1.465141721420175e8, 1.9125266356259316e8
1.6668362971553317e8, 2.3862726934040228e8
1.110424388230579e8, 1.86749035364777e8
2.2835577565062213e8, 2.7396499047189796e8
1.3746479769343376e8, 1.6960710093451807e8
2.0511180724017605e8, 3.332270669855757e8
1.5128610318449044e8, 2.8009909299889994e8
1.6051972454080036e8, 5.425185595246354e8
9.074898705006489e7, 1.5361386555384278e8
1.0467441558820112e8, 1.7283967981679046e8
1.0865832778794095e8, 1.9903598174777228e8
1.418781981941903e8, 2.9274242480989945e8
9.492265116599484e7, 6.154323047051154e8
1.178789181526609e8, 2.4236597386841267e8
3.454904030217393e8, 4.3382348757701105e8
9.36575416055071e7, 2.069481887264654e8
4.0785799010266453e8, 5.993901591335416e8
2.1081138957791376e8, 4.078656800134026e8
1.100150924976224e8, 2.1265467766467392e8
3.6769784910362405e8, 4.7487185248924536e8
1.0923671226746863e8, 1.9719386855906552e8
1.7788320747710627e8, 2.369728269982772e8
6.674086207197786e7, 2.575949146534226e8
1.5683232325053385e8, 2.0174166669444793e8
2.8765449896752155e8, 3.384803144454032e8
1.2147168568881375e8, 1.900476609152527e8
9.363678247855544e7, 2.3548640648462453e8
1.855838765839734e8, 3.122069014457638e8
1.689525554976528e8, 2.79395342666606e8
1.1512633059888256e8, 1.571249200273431e8
6.130084170146799e7, 1.0883140786152628e8
8.650932542153376e7, 1.69748164350862e8
1.3857912054062644e8, 2.082904778981068e8
1.2724258804153265e8, 2.7877698237543446e8
1.6633358531319642e8, 5.371680504064859e8
9.073112426034307e7, 1.386821816820363e8
1.0581290203204982e8, 1.5369550963684094e8
1.1428854662945478e8, 1.6686289644625044e8
1.6214234044996312e8, 2.8060856999335486e8
1.1682142681119283e8, 2.710916812537781e8
2.091110158843373e8, 2.919730511274909e8
7.313097952946071e7, 1.240567506606979e8
1.0095795568996626e8, 1.8665264309831348e8
2.3080774093402633e8, 4.1195487453215593e8
9.572695758893849e7, 1.8539144527122694e8
3.6828435784141225e8, 5.657497135478809e8
2.850727572747048e8, 3.296456730518777e8
7.920610647760376e7, 1.596134030333692e8
1.81522769732878e8, 2.37387808696754e8
2.1457609075710896e8, 2.8742809862065303e8
1.103287060414171e8, 1.6368679566907158e8
1.556211282300733e8, 2.3393593868719366e8
5.850541631617702e8, 6.532066674702454e8
3.7039699712622654e8, 4.4970108043868977e8
6.168118732949464e8, 7.0050186342847e8
8.953467783266868e7, 1.54960299295512e8
2.4946394112680513e8, 3.1681006234163994e8
9.726956564913039e7, 3.532060943371175e8
9.573076583613153e8, 1.2473565405118613e9
9.920775329707402e7, 2.2586636616589245e8
3.0064401655565417e8, 4.4156287493393016e8
6.23336615400243e7, 1.58573156098133e8
3.963444220698359e8, 4.9651211297651696e8
4.628405363499983e8, 5.70882157862319e8
1.575384366501385e8, 2.5013151382483864e8
1.0887144082334574e8, 1.7094108093079743e8
1.2649231375087164e8, 3.6174819809152645e8
1.2191722149778634e8, 2.2179252815388194e8
1.5575720821997252e8, 2.1822967984392494e8
1.4105671506697184e8, 2.447755049948073e8
2.0811375135462528e8, 2.801427716544753e8
1.7432644499770227e8, 2.278449197818028e8
1.1148026276355557e8, 1.7267725800117224e8
1.6109122457776785e8, 2.240616870058743e8
9.274139092256355e7, 1.6888654527663934e8
1.2522647897195679e8, 2.553237743626043e8
2.995206489461237e8, 6.159283734274004e8
1.7194638588233644e8, 2.1648252020301405e8
1.4363546441051933e8, 4.3333130660793674e8
1.1164624808748491e8, 2.6853369755546564e8
1.3034420941590337e8, 6.972582595094796e8
5.446864040881771e8, 6.854407933196442e8
1.1520446893477093e8, 1.9028940428869852e8
1.1933850558009984e8, 1.8653924774515805e8
1.3556233053795114e8, 1.82248004863175e8
3.357417441838425e8, 6.012109898862131e8
1.08115774119267e8, 1.7520782509590876e8
1.1496534428900543e8, 1.5733247758606103e8
1.6172117030150542e8, 2.2073639199381167e8
2.0966845485140678e8, 3.675204089187338e8
1.1578183926009254e8, 1.6619249815881422e8
1.596646686303853e8, 4.3896820286160517e8
2.9671930585301334e8, 6.377333065645909e8
2.821687646159344e8, 7.16135333537137e8
1.1472003309517834e8, 1.909251163520009e8
1.8960470549067432e8, 3.0879414360929394e8
1.2279183999151087e8, 1.8475532299401867e8
1.463897295420272e8, 2.4810488181136358e8
1.347325467383402e8, 2.1504607083018398e8
1.5898835287414262e8, 3.0127896808401614e8
2.398988330205712e8, 2.717032002811055e8
7.494236899822077e7, 1.5864223777672768e8
1.4637507343724024e8, 2.3579843984463736e8
1.3112182297384453e8, 2.526838934171355e8
1.0693939121526222e8, 2.1114266088749322e8
1.562826566230126e8, 2.7233862010924214e8
2.0140202483632243e8, 2.4186812608220264e8
1.3910735310701737e8, 3.816842961716822e8
7.368408448852453e7, 1.7015219969518235e8
1.735822216165221e8, 3.012596844715131e8
3.2020041849693096e8, 4.182383235754445e8
1.4158200798711577e8, 1.8736142135653254e8
1.721442137362414e8, 3.724505983916937e8
1.4803261627637765e8, 3.121539600202064e8
1.3166501415399496e8, 2.1524580334873703e8
5.174196463032671e7, 1.0990510191537997e8
1.2787877402102324e8, 2.8160845275860983e8
8.927940491239056e7, 2.6563204771356562e8
3.424146026743325e8, 4.4113138361326593e8
1.330422330352465e8, 2.850814874217854e8
1.3093064985795307e8, 2.6638828901066524e8
1.4665293414437285e8, 2.0263807309212658e8
2.720042784512621e8, 4.3430328919143e8
8.436300929438652e7, 1.3448668399708664e8
1.878440844218296e8, 2.865002264264417e8
1.3247294445772165e8, 1.8513113296648365e8
1.4221382908035398e8, 2.2686684932592523e8
3.324989818360366e8, 4.054296879597847e8
1.2240540301880117e8, 2.2541488381540224e8
1.1065492324798304e8, 1.797540405370099e8
6.009753968530695e8, 6.309666639607638e8
9.486105911648846e7, 2.1172172678690073e8
2.2923300929849398e8, 3.8262499311081177e8
7.616593176414168e7, 1.487917252525339e8
1.0933709161619069e8, 1.7117931753985325e8
1.039336655192643e8, 4.8118814308213615e8
1.7957795713672477e8, 2.620753774640108e8
1.3498205499765924e8, 2.4850577470407233e8
1.378338902699628e8, 1.8651294099837628e8
8.368816510677545e7, 1.580175173033666e8
2.4176345662303016e8, 4.803971376390776e8
1.3764974179720074e8, 3.492234931893667e8
6.019653819610133e8, 6.749856367479863e8
1.5529156778722042e8, 2.1297858745980123e8
1.2715059514511229e8, 2.971609526747425e8
1.9276948190677258e8, 3.5539234488455015e8
1.5273813605021465e8, 2.1532416825219348e8
1.1856555890687363e8, 1.4731274100670573e8
2.4718510692905432e8, 3.063210410744441e8
9.35839030388982e7, 3.5917218173018926e8
1.248779410154455e8, 3.001301848342354e8
1.2508875566225663e8, 1.8222860565162575e8
1.0453475392534076e8, 1.7426100841326013e8
7.353676533446915e7, 1.6689826497888148e8
3.383643206316873e8, 3.888792588650781e8
4.597687707895796e8, 5.031538317315262e8
3.8100326518094623e8, 5.400894807270653e8
1.593787407157793e8, 2.2846734303170517e8
1.842637186922506e8, 2.541055042958712e8
1.9024234348520768e8, 2.441737409901528e8
9.502927863806431e7, 1.6959948033429852e8
1.3264753097431125e8, 1.8309119302968392e8
1.441847738201615e8, 2.5456904626192605e8
1.4451631467887384e8, 2.508881836565471e8
8.114674594531557e7, 1.8571083128291982e8
6.657124500961753e7, 2.0542409928048488e8
1.2126110286524314e8, 2.2198264332201654e8
1.835566055801096e8, 2.6248409126962602e8
3.1478750374269503e8, 4.567871974506948e8
1.0282643299704006e8, 1.3735245210122693e8
1.0221466432009955e8, 1.795193476612188e8
1.0043055224261267e8, 1.5302000997273794e8
1.3310291942584997e8, 1.899447869084628e8
9.631175291879731e7, 2.8254701068394464e8
1.7330009108334318e8, 2.351996140435606e8
1.6304707518742418e8, 3.3748135320233995e8
1.604701690238236e8, 2.6149329399742267e8
1.9837034907494038e8, 2.6802867960100794e8
1.6202137645353782e8, 2.1417390886877018e8
9.489391551823811e7, 1.6456005656307122e8
8.35189091615564e7, 1.6616211509059602e8
3.984056274894064e8, 7.258879333561311e8
1.9767858725203985e8, 2.4914289497374177e8
1.6551222213131312e8, 2.3332813362462345e8
1.7825429561118376e8, 2.763026703914222e8
4.189735495854935e8, 5.0989807190647167e8
1.6759286981427962e8, 2.3601940050650436e8
9.740488129205814e7, 4.263742550465692e8
1.7013674763178742e8, 2.2702447340701595e8
9.187640687286904e7, 1.30308578512731e8
1.1773492297967158e8, 2.735004006728598e8
1.5661989606296968e8, 3.181942590562168e8
1.7656372588464084e8, 4.6271469421919197e8
9.938746736511171e7, 1.4240060326561972e8
6.510887186239682e7, 1.2851096313471639e8
1.2885891493661101e8, 2.214365424080492e8
2.665152329615709e8, 3.2340688291894346e8
1.118920636317098e8, 1.4002750225134018e8
1.6267244419183457e8, 2.9637764791002566e8
1.3071218286737287e8, 1.8686586328766853e8
1.5386378039716175e8, 2.171849622054349e8
1.6647420669778088e8, 2.1940659495020363e8
2.522058598813312e8, 6.287354045174586e8
4.8098632885351104e8, 6.892521346168923e8
1.2645284433501107e8, 2.4875526221822375e8
9.77437914785453e7, 2.0685646748661503e8
4.3090493264318377e8, 5.2710873109211105e8
1.0679939778626212e8, 1.6160449301382667e8
1.9715165037427163e8, 4.2060121560377926e8
6.186987117444266e7, 1.9540014861052543e8
1.5959807739641118e8, 2.4028210511726403e8
1.3252198328526212e8, 2.1482724532002017e8
2.460374709312593e8, 4.657228035941343e8
1.7430893395027962e8, 2.489099663547546e8
1.4928196302467912e8, 1.8597386870190606e8
9.203759389331156e7, 1.5643702954385048e8
2.7927456878005946e8, 4.5685070572090995e8
1.061420846159607e8, 2.2813014614518383e8
2.460495269080354e8, 3.265338884421547e8
3.823340418352488e8, 5.716590953068565e8
8.12705470664554e7, 1.9516539996045607e8
1.900968621143501e8, 2.459761825771708e8
2.132997945507421e8, 2.6520114340800396e8
1.937265363315112e8, 2.702392183644517e8
9.488246732256152e7, 1.3930694181807742e8
1.0089131038512294e8, 1.398863722887624e8
1.8145801348764572e8, 2.7819606039822e8
8.610266331438689e7, 1.5241206841997787e8
1.1292400992773856e8, 2.0546238837046894e8
2.6714557635132745e8, 3.276911023837998e8
1.8038522188513574e8, 2.3770301778878656e8
1.7280580773481366e8, 4.382032250987248e8
1.3607325161284897e8, 1.757635046143198e8
1.3204263735675006e8, 1.7163327727976426e8
1.2861102814365712e8, 1.977523083729395e8
2.0861520263425246e8, 2.9680630876243925e8
4.391899003743682e8, 7.060043713156394e8
1.1256195669866177e8, 2.3606069232016408e8
1.5576441516342035e8, 2.28569759349164e8
1.083382902681495e8, 1.6415687782112798e8
1.730607553976825e8, 2.0723794056164443e8
1.527743099252834e8, 2.271306045811428e8
1.1525532812153774e8, 1.8676142033670586e8
1.1579467838494772e8, 3.008914590390558e8
1.280560457997011e8, 2.361585777712148e8
2.5751874283159962e8, 3.0027347647770476e8
5.117027224544347e8, 6.03238364912396e8
2.6162134413523033e8, 4.55944697891875e8
1.2268933306319688e8, 2.3127353880032882e8
8.892208000210956e7, 1.5556679431073782e8
2.2788789589841664e8, 3.30644307371779e8
1.4343607522807017e8, 2.102128971571638e8
1.0644596341724448e8, 2.2642248556166196e8
5.266573938734559e8, 5.97036520782302e8
1.0688546777745526e8, 1.4534513337187803e8
5.877053999607309e8, 7.667904225635097e8
1.102462463293293e8, 1.6785473442908666e8
8.185943452428162e7, 1.3602140254286882e8
1.6112459915037057e8, 2.2238596523437047e8
3.864380763203376e8, 4.723644293307483e8
1.0944615793866378e8, 1.6925762740981826e8
1.4604965728417715e8, 3.1034577423683774e8
9.472784415483908e7, 1.4442901356826833e8
1.1345103936075029e8, 2.5900646082010934e8
1.40306933854057e8, 1.985630738371414e8
1.000277525922726e8, 1.5877949306342787e8
1.533598068850013e8, 2.255093882318415e8
1.3032950113435748e8, 2.890862536848147e8
3.122724377067213e8, 5.239212877708005e8
1.3293198405300158e8, 4.187263889053733e8
1.08360096299853e8, 1.618039935033337e8
1.1106314695440818e8, 1.5528824696771464e8
1.0686040221887538e8, 1.4859457653315687e8
1.5365388880766496e8, 2.852383317611977e8
1.1621973547774199e8, 1.8028903483539605e8
2.4284600374065554e8, 2.907256712257834e8
7.544304250753157e7, 1.3714891809908038e8
2.310514041075003e8, 2.884682694742616e8
1.3098572785226642e8, 2.041241930610892e8
2.4546770641718286e8, 2.8373337489738727e8
1.378880320797177e8, 2.2383127875845125e8
1.617812286447274e8, 2.5763101099794555e8
1.8132619207931995e8, 2.4092082358112127e8
2.26714955276307e8, 2.834628730112404e8
1.2944278591006096e8, 2.4182857930481532e8
1.3556037619312152e8, 2.3200581586551917e8
9.963277370218156e7, 2.1201716533217475e8
9.500425344541849e7, 2.4086272161638856e8
1.714560676568394e8, 3.763769543122523e8
4.3440633629834986e8, 5.860032755447974e8
5.2360187483827823e8, 7.599553050813338e8
9.992802778528766e7, 2.0814381106072715e8
3.7143628018828857e8, 4.529324717403363e8
1.2639327103262371e8, 1.764185537348543e8
1.1586166805397831e8, 1.6625336331028193e8
1.6596068209340644e8, 2.5497561128233466e8
1.5132614107603514e8, 2.667146037438427e8
1.921588212033499e8, 2.5667605935685483e8
4.438511156148658e8, 5.3589091045319736e8
1.1674873283898419e8, 2.128125759428954e8
5.742555192959081e8, 6.584698987758026e8
1.7639457181992573e8, 2.5105662653596598e8
1.2720428677099665e8, 1.738788176355422e8
1.5400623150469738e8, 2.1393072734340438e8
3.6597422287790984e8, 4.2975711923085064e8
1.2345511477419382e8, 1.6751524966878152e8
1.008754888159773e8, 1.351443009112326e8
2.149999696493809e8, 2.6090445258636007e8
4.740737253874489e8, 5.461371827907531e8
1.2555261740123232e8, 2.4501530432500038e8
1.1701265846705963e8, 2.050173985086731e8
1.535111371777962e8, 1.987274566787913e8
1.7214670690369946e8, 2.8531136272683686e8
1.704281435917654e8, 3.054730117790897e8
1.4203718355094948e8, 1.711482038604627e8
1.3300554580780584e8, 5.972769996358442e8
1.0390995188457674e8, 3.21540582579025e8
1.48709803600185e8, 3.5091848080987066e8
1.2287191743143938e8, 2.31023623439328e8
1.03358548227255e8, 1.918113546924354e8
1.0569710577328086e8, 1.7214282905323762e8
1.0406095059793283e8, 1.4882266773586524e8
1.0059779533564354e8, 1.6779328226865336e8
1.2025831661211762e8, 1.6787143118980873e8
1.0861577684874918e8, 1.4732230005814978e8
9.96187040096412e7, 1.899322115067398e8
2.064902081280854e8, 2.839480734791478e8
1.4858473445789507e8, 2.1146053000276086e8
7.487777811746566e7, 1.8601869698204914e8
5.501764303437089e8, 6.955797621978219e8
2.951548106927614e8, 4.477188607852624e8
1.2028135485440338e8, 1.9855760382668588e8
9.823642851588377e7, 1.2047135146041474e8
2.0963948651978716e8, 3.216024169743424e8
1.485713508577463e8, 1.7592196391298622e8
1.8135120995739532e8, 3.268927235085647e8
9.810889924845882e7, 1.5720579618921468e8
1.5828718651470822e8, 2.2454965044735965e8
2.1507598276805526e8, 3.292516820495481e8
1.493288987940187e8, 2.1367120370451108e8
1.744221995788087e8, 2.5874881971279332e8
1.343761485605761e8, 2.0773036638347068e8
1.3287332417568173e8, 3.023540528400919e8
1.0073830951506966e8, 1.932379337862858e8
1.4034648456118694e8, 2.3837921525392088e8
1.282011144390513e8, 1.5955693355261844e8
1.378901885779874e8, 1.9249453960500386e8
9.181625043066122e7, 1.2304901135135661e8
1.3481000264831775e8, 2.8723714908690137e8
1.0084695205225658e8, 3.720959801777751e8
2.15994866655718e8, 3.1982176867953676e8
1.5750658220265442e8, 3.637393369389625e8
3.805765968837734e8, 5.065526609403367e8
1.4754284651260963e8, 4.4008302141519445e8
1.1947609381219018e8, 1.7148160765051943e8
1.0860258735818258e8, 2.610485401256033e8
2.968326849629139e8, 4.004599757851591e8
1.8205981084341666e8, 2.2807572413833722e8
1.2502561632302403e8, 3.509377595316e8
4.5189377698635226e8, 6.294447173416346e8
2.2189365997454345e8, 2.767132532095145e8
2.698396322032883e8, 4.5565705348988587e8
1.2657752196140456e8, 2.5057911314711148e8
1.421529317156341e8, 1.9239220433774126e8
1.4674959818987912e8, 2.1974029967307112e8
1.5427248519265687e8, 3.6681609166584927e8
1.243339881180281e8, 3.0601534431594104e8
1.1170286564871734e8, 2.369527951499762e8
1.2242336163050866e8, 1.8713941466263503e8
2.5601426136749452e8, 3.14126350451279e8
2.3950465171515015e8, 3.8687222294144213e8
3.2566604926705897e8, 4.6061218448560596e8
4.2377679835875213e8, 4.986314078341774e8
2.31934461582819e8, 4.835144093371353e8
1.2556913297204733e8, 5.066586783310687e8
1.181077016622831e8, 1.6956817687833112e8
2.7856911579897696e8, 3.3883827902563953e8
1.1967384092915145e8, 2.5784326793049332e8
2.5624948842329878e8, 2.97466530483715e8
5.361885796450354e8, 6.503189089803412e8
2.6475957349460542e8, 4.534747189069316e8
1.818633763633864e8, 3.4616188414148325e8
1.231164372906839e8, 1.6483116959105247e8
4.575482889734352e8, 6.952667783041191e8
3.743467133631051e8, 4.480793022888292e8
3.0034375431385034e8, 4.6860963597660214e8
9.949224318844883e7, 2.5078374901591432e8
1.5375164403202957e8, 5.890325339595768e8
3.078415458933393e8, 3.611512282073202e8
1.85142480769924e8, 2.999551241041408e8
1.2151378505927715e8, 1.9418613227366823e8
3.273822340283027e8, 3.7054177736167246e8
2.0552606114920428e8, 2.4854111157367018e8
1.539471554111605e8, 4.668157745320774e8
2.0262764883115414e8, 6.820304935337006e8
1.0919780404719462e8, 1.5603011509897518e8
7.643828843450181e7, 1.285863102491826e8
1.678250467086894e8, 2.992449773248414e8
1.2632492566875696e8, 1.7579357218453345e8
1.514949074531326e8, 3.0313441232867426e8
7.475462606015256e7, 1.3187164662581739e8
2.3948270490015233e8, 2.9330956888679945e8
3.015184773047906e8, 5.3362540174798834e8
1.2752515653256792e8, 1.6221710380654812e8
1.7387545260638136e8, 2.567750255923033e8
2.6003067774839884e8, 3.417954684613306e8
2.2532913298282033e8, 3.0717987266171306e8
2.7477085735852814e8, 3.735514740755589e8
1.399980004453559e8, 2.8498380229642767e8
2.6572718449346584e8, 3.866375515173617e8
1.2885889905431989e8, 1.920062957587104e8
7.071727601944722e7, 1.1029634264896812e8
1.0623089025078833e8, 1.710103326698679e8
2.090918715465775e8, 2.574373214621036e8
1.6815194980526233e8, 2.9274224971443003e8
2.2086485145861143e8, 4.4297684705823445e8
1.1186709705694786e8, 1.6916944717345116e8
6.5477330344068624e7, 1.2009503989025235e8
2.138600207509114e8, 3.0658735709757805e8
1.357012480891866e8, 2.223491062959122e8
2.842382161506337e8, 4.63306964397072e8
8.307999889102703e7, 2.01235691497622e8
1.3170758188506065e8, 2.26747529872532e8
1.73226105694098e8, 2.21327793855347e8
1.0504031587933901e8, 2.4138168430273986e8
3.036952186235745e8, 3.8519441763534206e8
1.2376945989271517e8, 3.45713342251598e8
2.1944519652276462e8, 6.384251251148216e8
2.6412736441114274e8, 5.82900289124596e8
2.2151520093502086e8, 2.896518959287646e8
1.2384009664205699e8, 1.6723686707390994e8
1.1548925070917453e8, 1.8717372137451994e8
2.2043747160211825e8, 2.903042592385039e8
1.2150759317688967e8, 2.1800927228435138e8
1.2182561793832962e8, 2.364952327922451e8
2.982196279577309e8, 7.33853748290006e8
1.4320055417127854e8, 2.4894124152964956e8
2.4362224339772555e8, 4.189869927847185e8
7.389071817595194e7, 1.233348972720704e8
1.4977257346493027e8, 1.82281313402232e8
9.324718385512412e7, 2.7386708616690385e8
1.2786777542873088e8, 1.7548203220697507e8
5.115699876230376e8, 6.018378333304117e8
5.743605866316047e8, 7.200054590192348e8
1.2291348657348044e8, 1.6353517031176722e8
2.0461534174671474e8, 2.687678333936899e8
9.215922299090068e7, 2.865148886341627e8
2.2168474275425237e8, 2.769800298296495e8
2.46863136265205e8, 4.190376318624391e8
1.0181931396440253e8, 1.4787535124172843e8
1.2060882254670362e8, 2.4535954702812052e8
1.1834225020226073e8, 1.8006247496282378e8
2.0972823414561298e8, 2.659192944520672e8
1.357656069778813e8, 2.6103816347324112e8
1.740103904242674e8, 2.3517184823830318e8
1.0011882559308082e8, 1.7375794467369783e8
1.9259891150698018e8, 4.816555757926577e8
1.5059469329321986e8, 2.584221723537414e8
2.4679368043440378e8, 2.921826636740892e8
1.607315559687547e8, 3.095686274229959e8
1.248307083060974e8, 4.052778375319577e8
1.001272027377694e8, 1.4258515259539205e8
1.2336432434286672e8, 2.085721254015308e8
1.3513892598876163e8, 3.6261727913222635e8
1.4755050888287303e8, 2.1540049397531885e8
7.12497307291562e7, 2.6029745633725566e8
1.5164160212232286e8, 2.2003676100662035e8
2.0669825066216984e8, 3.6541506120369864e8
1.2323226828621008e8, 1.9167822612983927e8
1.3947903772019157e8, 1.8676571320272312e8
1.1673422654820146e8, 1.9303237601701558e8
1.0773205470571442e8, 2.55060428910937e8
1.919633667711041e8, 2.673692874945042e8
1.2327628417096221e8, 1.984906657650533e8
2.4892567941953915e8, 3.279319657489717e8
1.760168844143302e8, 2.9129246461146337e8
9.596472728571056e7, 2.336052634121681e8
8.423032477213736e7, 1.279822222268533e8
1.6004532710039815e8, 2.069935213182002e8
8.910017741241246e7, 1.923415501552487e8
1.8375538222020626e8, 2.5152873263875803e8
2.824646935526822e8, 4.6210697437665206e8
7.693313551136054e7, 1.3377279664291279e8
2.88764130425638e8, 3.7591153996767306e8
1.0847154170923345e8, 3.1567650585939556e8
9.595483615829676e7, 1.3531599807194406e8
1.9953883305749616e8, 3.0097441939455295e8
1.1941296859349006e8, 2.2146607572651413e8
2.4200975450306022e8, 4.469417272423781e8
1.5984902916486105e8, 2.310589675190561e8
1.3989691911793217e8, 3.3754742064179415e8
2.737915111373315e8, 5.538618872325783e8
1.2738324942215185e8, 2.265528051178229e8
1.8411954030408782e8, 3.261564101330677e8
2.169387359256916e8, 3.7092843952654606e8
1.8784854244847715e8, 3.074915677272703e8
3.823079481262722e8, 4.420055648844e8
9.265145071163341e7, 2.3278958259122857e8
2.2233166212650993e8, 2.755149755044819e8
7.659465590546903e7, 1.3797090437798515e8
2.931223579190373e8, 3.7835627001680064e8
1.0699796990776792e8, 4.2238506878047454e8
2.9092221641175485e8, 4.192597347661476e8
2.1185206604870924e8, 3.24841561078528e8
3.6361645048714095e8, 4.7899655657169485e8
1.8263148512157023e8, 2.4258377624908963e8
1.0485204610706966e8, 2.179667973198917e8
2.6496706504652277e8, 3.376205406650965e8
1.1422653242035887e8, 1.9696947556015918e8
2.421165029524639e8, 4.165204275989864e8
1.4560752563740322e8, 2.2143723145051765e8
1.7022786738209844e8, 2.8990283138019264e8
1.4100394786737865e8, 3.24529948152392e8
6.330165046011941e8, 1.116459900153402e9
1.2211118407607399e8, 1.6567591933222318e8
2.95340500437275e8, 4.1178997211536145e8
1.8208619183413675e8, 2.8519059684631723e8
1.6696100928437704e8, 2.0180966764513537e8
1.4665940659117535e8, 2.5035557505406526e8
2.5841107290174338e8, 2.9998021497285813e8
1.3693279934330282e8, 2.2959563957095388e8
1.1571802402266777e8, 1.5666225928271464e8
5.842881010167118e8, 7.457478695167637e8
1.0833945843629886e8, 1.8281699250253823e8
2.333592024572494e8, 4.1831035901033866e8
4.950972828429722e8, 5.581833849052131e8
4.8543473752008885e8, 6.000227810036877e8
1.6833260824866942e8, 3.1561242904661185e8
2.6618188435311958e8, 4.453768794583652e8
1.2188397018697873e8, 1.5850359078008267e8
1.93906776627358e8, 4.18663609577286e8
5.045758132214716e8, 5.6300914544904e8
1.114139292559152e8, 1.5633132594195428e8
1.0040481277539234e8, 2.1776237234529728e8
1.3586099460513344e8, 2.7884576131933844e8
9.698414723336709e7, 1.6061016842074016e8
2.3987965039051154e8, 3.2092062963528794e8
3.587974066365121e8, 5.52128850526906e8
4.125976847290677e8, 5.1816409799585587e8
8.90780767792738e7, 1.3615009313738868e8
1.2532039096654558e8, 1.8080569748037276e8
1.103000153622192e8, 1.6402025716815415e8
1.5594784198130417e8, 2.0704516495376033e8
1.203974309412041e8, 1.665921090556441e8
1.6141607459446347e8, 2.836027119062915e8
3.521804108249543e8, 4.481918413916246e8
1.283630484623754e8, 1.8673941040407237e8
1.058561559619411e8, 2.1987708127573696e8
6.326144640035779e7, 1.2106194536489536e8
1.7803157847389436e8, 2.534072867021272e8
8.61990234846284e7, 1.186786398755388e8
9.487768820815858e7, 1.4117255948058027e8
2.795851272490815e8, 3.238834612865815e8
6.0887916398646414e7, 1.0106151938440286e8
5.934953525344558e7, 3.1933011176617926e8
1.1708603506880862e8, 1.806646751049079e8
9.534074707014142e7, 1.891465290946928e8
3.689877883473456e8, 6.12353194440342e8
1.1090193557354786e8, 1.9969102518851858e8
2.6654762602647847e8, 3.263079233557388e8
1.145999541278393e8, 1.5247830548234576e8
1.6746156140580347e8, 3.3585310241262466e8
1.4711980866853186e8, 2.077387127825185e8
1.433644793309115e8, 1.726814509200482e8
2.566696918240749e8, 3.072254324933262e8
9.978541455492455e7, 2.07247945803286e8
5.909359268337198e7, 1.1681026174074937e8
1.4122877227588654e8, 2.353526815637913e8
7.999654187847468e7, 1.2841754404563762e8
1.4465306725732726e8, 2.206493090351478e8
9.723262778604966e7, 1.2787114260389669e8
1.1982463810818288e8, 4.2014246570624393e8
6.817450796545082e7, 1.0748134503813186e8
7.713687023085804e7, 1.425253820189393e8
1.6909301687995005e8, 2.548490862181656e8
3.230554207107214e8, 4.172258878314815e8
2.1862129518477866e8, 3.734619319253261e8
9.883525010153823e7, 1.8696473909738144e8
1.028114788251866e8, 2.1274826119321096e8
4.123272056656338e8, 4.564520270368703e8
1.8425173141998973e8, 2.4876846349556744e8
8.69450228226396e7, 1.7224054711112118e8
1.2440148697984006e8, 1.967083016098055e8
2.648563705824775e8, 3.890494271792541e8
3.989144272820674e8, 4.5498114965358573e8
3.236632007798159e8, 3.771173765363814e8
1.531585817397272e8, 2.6718907236615258e8
1.2973954484058759e8, 2.547988994690268e8
8.870410175596285e7, 1.674711854068798e8
1.0186412570614478e8, 2.0408836022036913e8
1.4576560487306148e8, 2.416672221226431e8
1.375108926539208e8, 2.4529085150632834e8
2.1820965490707776e8, 3.57143725519714e8
1.3922663186364344e8, 2.0981597229163042e8
3.938299945241044e8, 4.789044604167829e8
3.665112309294461e8, 4.334033838473819e8
1.3092979233880815e8, 2.031156070580098e8
1.2928286911986643e8, 1.853335871610495e8
1.2154524585086173e8, 1.5242245231683677e8
3.57672347174016e8, 5.815906565316498e8
2.4203616040469497e8, 3.133890039435313e8
3.1023221704304284e8, 3.6036625227709633e8
1.533782741637316e8, 2.6413894496870708e8
1.1614714567842963e8, 4.300274549061482e8
1.403935948535536e8, 2.809278509086511e8
8.602702094541559e7, 3.148862031471484e8
9.260562103101674e7, 1.687754306438436e8
1.490223852725683e8, 3.4706539827589446e8
5.165301551134359e8, 7.373844187753253e8
1.2616526976285502e8, 2.1654367201955247e8
1.275932333971676e8, 1.9706561656043077e8
6.708142613510473e7, 1.2895754216562574e8
2.731516221676547e8, 4.161727090268897e8
1.2913518226856777e8, 1.8144829005317137e8
1.2420767094302164e8, 2.382747726315819e8
3.3330113948265624e8, 3.911942738220429e8
1.0890312633961768e8, 3.6751396121211267e8
1.7633539186816e8, 3.3993991156012475e8
1.2546452645543283e8, 2.3612528763109282e8
1.149442731275943e8, 1.8350390481548893e8
1.4465443819128224e8, 2.2707315349506813e8
1.4548378956386107e8, 3.197570347380887e8
1.6201305461279258e8, 2.286423373394015e8
3.7220285320327336e8, 4.658957890947445e8
1.3479138852321082e8, 1.9259192773269758e8
1.1332358995465903e8, 1.644026034205228e8
8.76140161476306e7, 1.409062666222004e8
1.9563843174192652e8, 3.734840815352971e8
1.2537386109914973e8, 1.8217941272391126e8
9.826903163292572e7, 1.6467912284160262e8
9.439628297621407e7, 1.651604682288043e8
3.0435343571158224e8, 3.991901116972257e8
1.6889975030468288e8, 2.3057334628751874e8
1.1198819540262334e8, 1.8830374978344476e8
1.3872411101648444e8, 2.2867844774617425e8
1.4796291218424717e8, 2.551807355798376e8
1.0551876560187377e8, 1.9064413783399898e8
1.0211816582889277e8, 1.7949548154828343e8
2.1508018602758935e8, 3.9147746854190147e8
1.9826407615474576e8, 3.4091128668950695e8
1.412725637843523e8, 2.5619588005605876e8
9.581987058543764e7, 1.270641842846119e8
7.101864804370363e7, 1.226170375622424e8
2.3922799771428093e8, 3.784858131699183e8
1.406120418509078e8, 1.672063999769341e8
1.574166379601926e8, 2.778829850329594e8
1.320307198432093e8, 1.88526277675168e8
6.737287508127268e7, 1.1967362385344423e8
1.4013415535160604e8, 1.8490706967008057e8
1.2109710056526366e8, 2.0858808944150564e8
9.273249565467718e7, 1.7327952124763831e8
1.1031023257392812e8, 1.6626730699953455e8
1.840095830404822e8, 2.4186635351807028e8
3.1566139434674066e8, 3.900877170822163e8
1.0948859417425512e8, 1.860870627832889e8
5.574132906331713e8, 6.189853354468639e8
1.2824623112465209e8, 2.579220316585294e8
1.3209471003909577e8, 7.400502989338365e8
1.0791922365583234e8, 1.414362102921694e8
8.235199083641456e7, 1.3525912690343317e8
1.019593825738077e8, 1.68461192402163e8
9.007064547656754e7, 3.0067686834845775e8
1.0218681978852701e8, 3.3904189223734796e8
5.912228887691617e7, 4.1321117831643385e8
1.6707073549873644e8, 2.2058054068563652e8
9.735174599765137e7, 1.4567844516984567e8
1.3158935342861155e8, 2.1465755814324686e8
3.1290104390752816e8, 3.981603459804538e8
2.3642499262867403e8, 4.365680373572857e8
1.3008223859718207e8, 2.033735284459389e8
1.064726437088023e8, 1.8038264740037927e8
1.4213105078441423e8, 2.0276558954211032e8
1.4236714996413404e8, 2.3688473770000616e8
8.07186296612395e7, 1.7950885008066428e8
8.144171231648943e7, 2.017933616286851e8
2.3771533108508265e8, 2.982054228247346e8
2.219725638306575e8, 2.8946072131903535e8
1.2009744484183472e8, 2.2107852607411158e8
3.9023615854655147e8, 4.843414341548384e8
1.5673315117176366e8, 2.3977832230457196e8
1.710869260172706e8, 8.593171465826135e8
7.778656444805509e7, 1.3963336099313858e8
1.3654119490606606e8, 2.2149481073985365e8
2.1984976973902348e8, 2.6054509553841385e8
1.3248119811244059e8, 1.9212653280010003e8
5.0086528781960535e8, 5.444827350208329e8
1.4364180206321943e8, 4.865975589716377e8
1.3094158994024962e8, 5.071545108933806e8
1.3168952247159623e8, 1.8991177820067585e8
6.888742372187583e7, 1.1273070786910607e8
1.1041137140881787e8, 1.6505664928962743e8
3.5401321879605883e8, 4.219429015083796e8
1.809727787323676e8, 2.1198851455265898e8
1.0394242907641983e8, 1.6704172709450397e8
5.0954912922499746e8, 6.722058347005304e8
2.655587456181681e8, 3.1490604513119614e8
1.3719703764306334e8, 1.7584431528991267e8
6.999022065444903e7, 1.3906629381270906e8
5.890162522563255e8, 6.971227593119148e8
3.309731720112197e8, 4.043794587650889e8
1.0067726283779459e8, 1.7315353070161003e8
4.111242301519615e8, 5.100196872840128e8
1.1662479197150306e8, 1.8810572490032342e8
1.3249808316976242e8, 2.6922042868071705e8
1.9541111811851984e8, 5.3145654336336064e8
1.8924341365305117e8, 2.5329416034232414e8
1.0750198745144376e8, 1.8730885145914716e8
1.407007432321956e8, 2.0433054543851617e8
1.2436326696165875e8, 1.9166172699446887e8
1.286642294735618e8, 2.0397149693403795e8
1.8025273269963238e8, 4.9277343506914365e8
1.193908481162488e8, 1.5962337199526432e8
9.20532515446932e7, 1.9090834822339046e8
1.455583773142211e8, 1.789049186063811e8
1.505477444620122e8, 3.269418985119218e8
1.1624022809731835e8, 2.2194556328255552e8
2.8969664710361546e8, 4.213673242443845e8
1.7311006444639826e8, 2.607476944887127e8
1.48956857945295e8, 1.9239530431352395e8
2.7233844442479026e8, 3.497617071614755e8
1.3102569530357066e8, 2.0954219310133237e8
1.5978115161146617e8, 2.442574832891124e8
1.603503796565711e8, 4.140636543951397e8
1.55000561435382e8, 5.274772807865281e8
6.678466590076442e7, 1.4672165894237128e8
2.2754426696166706e8, 2.6562733415813217e8
3.44974700466602e8, 5.548901843711134e8
2.1074427187993452e8, 2.5171950237345302e8
1.6890789881049672e8, 4.4513117781552005e8
1.3842808280505702e8, 1.9806569769730324e8
1.5900284605588114e8, 2.6121462316174972e8
1.218592312328451e8, 1.756905001195785e8
8.793320944978024e7, 2.5812364219262627e8
1.5796340008135208e8, 2.476536524426392e8
2.4949938829303867e8, 2.768433808283017e8
1.9115362760956606e8, 3.553449653298471e8
4.0180397329218566e8, 5.9096991729554e8
1.4800650329744437e8, 2.0324647336093718e8
2.3377180975841972e8, 3.0898594306190455e8
9.576616028665489e7, 1.9324551961304504e8
1.0776641233492704e8, 2.8748143861742353e8
7.010577815195845e7, 1.3874807150738665e8
1.1422227155805862e8, 3.1329854580091363e8
1.4361450880472887e8, 2.6026798499049962e8
1.54356773352067e8, 2.244913376803274e8
9.522901757830185e7, 1.9877200880820343e8
1.7874505366638607e8, 2.1025847191427174e8
1.3189842168216087e8, 1.740365131845872e8
1.5568433310456982e8, 3.244054841701158e8
1.0687479864104816e8, 2.5433979151674026e8
1.386960702937899e8, 3.1303796068670315e8
1.2234937776021063e8, 2.999230995943104e8
7.560095879895064e7, 9.905474341599087e7
1.2619111131706035e8, 2.2036978712385532e8
7.320330502689664e7, 1.2875128114371568e8
2.0124122709800592e8, 2.575511084826761e8
2.76955912784194e8, 3.239216355190302e8
1.343430659878233e8, 2.741821657713669e8
2.387866890828926e8, 2.958985232567361e8
1.4318317688795298e8, 1.9527962311207607e8
1.892729724777766e8, 2.5267646714758593e8
6.692294989780016e7, 1.3279137355262944e8
1.7598717880222362e8, 3.123269690057506e8
1.459968514393397e8, 2.132129129915709e8
2.855379177560315e8, 6.437900150989062e8
6.786368920080025e7, 1.4185668111132902e8
8.30242088395697e7, 1.2652712847725634e8
1.4001062665027657e8, 2.5632571946263242e8
4.189086061199405e8, 4.621702324354958e8
2.090873915267007e8, 7.062011163592248e8
1.1892595228973688e8, 1.8325630864628032e8
1.156776593844358e8, 1.7834090647572267e8
1.3656451014520207e8, 1.9054064930105728e8
8.480478580508938e7, 1.3649194017943847e8
1.445469030195557e8, 2.5472019948098826e8
2.7301285054673666e8, 3.3812122994657755e8
5.135287598063103e8, 5.698987221716479e8
1.2359406916744079e8, 2.4194838488516515e8
1.7956298919391388e8, 2.360353115938004e8
6.33651336689089e8, 8.79994474202851e8
9.58969984778304e7, 1.8582349779799873e8
3.897629341351779e8, 4.915502240422499e8
2.4150698937267852e8, 3.4563697609467584e8
8.939874786159824e7, 4.7724038320050126e8
3.026681164145795e8, 4.711473348911412e8
3.475234171684183e8, 4.587678815887498e8
1.1504415278918329e8, 1.8639563592743877e8
8.995388557277054e7, 1.5578433946359414e8
2.3954180195975918e8, 3.387045276024311e8
2.0104177260972828e8, 2.4893550503862464e8
1.4175026094643775e8, 1.9364317300543573e8
9.574686177546938e7, 1.7140914442590383e8
5.05532416369725e8, 5.488895969265846e8
3.734570396844122e8, 4.656280954357492e8
4.7194133122662526e8, 5.407111123018261e8
1.0759330582171513e8, 2.874604059139167e8
1.3066966704350176e8, 1.735057741542798e8
4.230745454554324e8, 5.946663257166163e8
1.4935255507027304e8, 3.2697075451340824e8
4.883226960878008e8, 7.949851387258389e8
1.4432249126461017e8, 2.4390027067405933e8
3.8067309267625266e8, 5.2841902951852864e8
9.895838311398037e7, 1.6218568909096935e8
7.471437567475712e8, 7.925789959547396e8
5.2384558912074804e7, 1.504871097051322e8
1.419603355748825e8, 2.136481799497614e8
3.865557045689361e8, 4.9655534199831474e8
1.9161884070707503e8, 2.7948039541329867e8
1.050357922832604e8, 1.705048957852038e8
8.554068810769278e7, 1.852618305414593e8
1.6551547379917e8, 2.6216039305702943e8
1.9528812224675018e8, 2.4003163893211308e8
3.0804090056983393e8, 3.8013727179667616e8
1.532685554548111e8, 2.089851912223631e8
9.93291813326472e7, 1.6718230794063693e8
1.59823882983046e8, 2.2725035725173417e8
1.7345744710324752e8, 2.6852378807508254e8
2.9026892137310916e8, 5.51584729853792e8
1.6860205478747648e8, 2.4001038624446762e8
1.4254589642470214e8, 2.786432204586319e8
1.2031226503987758e8, 1.748536044728119e8
3.198548676734973e8, 4.170928243603145e8
1.6460581248301956e8, 2.2347712082379153e8
1.39794205295686e8, 3.428815961806388e8
2.0192894805046618e8, 2.8891719731293863e8
1.0620452201191658e8, 2.015911553199784e8
3.7464205530496633e8, 7.592860498893148e8
2.0395472072405782e8, 2.639857277369411e8
2.012288479776383e8, 3.196020335688095e8
3.0896143196575564e8, 3.6564379375321144e8
1.2315555658618815e8, 1.606919489790163e8
3.209936017793539e8, 5.655202473900695e8
9.926553080975616e7, 1.3713589236624074e8
7.006693398350419e8, 8.251450335620015e8
1.4375457425738335e8, 1.9626219791159427e8
2.3142058764991075e8, 3.8604120310930556e8
1.3178730400657427e8, 2.964949603654726e8
1.3171183250697604e8, 2.0487498040738872e8
3.714319079623551e8, 4.3248127554599506e8
1.556502161459129e8, 2.0408955279326564e8
1.5734595443331116e8, 5.604276345849423e8
2.863354391698619e8, 4.8441756764906955e8
2.9109794817328507e8, 3.447910883128921e8
8.988177170778397e7, 1.4984390206077754e8
1.4462243116333944e8, 2.0383528879350907e8
1.248499053376782e8, 1.9943716337350103e8
1.751059252433994e8, 2.3912374762174055e8
1.1838458208820522e8, 1.9403469654325852e8
1.73184309356561e8, 2.5797323190923688e8
1.47461709847028e8, 1.9208502983669838e8
1.9852025991339612e8, 3.244684563610441e8
1.0656810060383068e8, 2.2070616182599917e8
1.65603734487786e8, 2.3190264748115277e8
1.612100137157473e8, 3.33962198373773e8
7.309724803286295e7, 2.465286251412615e8
1.3169617241168457e8, 2.1625252911581933e8
1.2182115617256808e8, 1.8497792721195394e8
6.584666868599405e8, 7.766602971991707e8
1.3205430343236345e8, 2.2271910728270245e8
1.8511448218106148e8, 2.4661107745898694e8
3.993809214268975e8, 6.296126171141735e8
1.518071803513887e8, 2.4767668657075763e8
1.1142088496263587e8, 1.863026764050047e8
2.3571474037980548e8, 2.847401270578699e8
1.87002198966726e8, 2.3115230599860027e8
9.635678752431369e7, 1.440250725285012e8
9.239786360094206e7, 2.2076798477883008e8
2.3772544077982748e8, 3.194500674734365e8
1.329465512967362e8, 1.9064534572310427e8
1.2392268701667823e8, 1.6219786130540675e8
9.99305536141361e7, 1.7434724503189835e8
3.014584643103127e8, 3.909083439779811e8
1.4902066318652558e8, 2.7827441239611334e8
4.345766004181426e8, 6.536393081416643e8
1.2804886291764578e8, 1.974827788228748e8
1.1717040091408901e8, 5.821086481459535e8
2.5754682048003817e8, 4.200016485487933e8
3.97945201922526e8, 5.173632477180351e8
1.681569433624319e8, 2.6766420391850626e8
3.630565898216423e8, 4.4521740790474087e8
1.769988114984893e8, 3.47010907894565e8
1.1463622187205517e8, 2.207874257310594e8
3.972697162476085e8, 6.127049603998957e8
8.815471183552745e7, 1.9341947594740552e8
1.8693917075063115e8, 5.517918568590525e8
1.617428741675016e8, 2.1194796771646312e8
1.268439907982961e8, 1.7001843718978325e8
1.1404644446549591e8, 1.6714225350680542e8
2.0544717154777876e8, 2.854691504271259e8
2.1334849120572418e8, 2.4194290416963962e8
8.734971939347476e7, 1.1839346710847978e8
1.8564765365080157e8, 2.3237764251764515e8
2.0656507231882927e8, 3.263027617996753e8
1.14680748051112e8, 2.3822536493631196e8
8.601916484975833e7, 1.76038645085105e8
1.1051887114891419e8, 1.7679580926293954e8
1.8429495265242517e8, 3.1497003143067914e8
3.031705740731662e8, 6.015484307595737e8
8.628092475386636e7, 1.3002066214881554e8
1.123702344057562e8, 5.666852126514807e8
1.0014676126342617e8, 1.7495691119438928e8
1.6851270211614475e8, 2.5248032574300066e8
2.1863292538041914e8, 4.188638300362069e8
1.0964947261034667e8, 2.3120020195244345e8
1.1261210117336729e8, 1.3667918735971022e8
7.054856892829439e7, 1.697013823371229e8
1.2031181764725669e8, 2.1411679317206672e8
1.2248519830948332e8, 1.8014721809772587e8
2.0122132183085975e8, 2.6082241392491046e8
8.20977654727968e7, 1.2572893712003185e8
1.7496455912722975e8, 2.3775199945303202e8
1.2613928548675008e8, 2.887083038173417e8
1.3225358907936163e8, 2.8324238840608495e8
7.084011829467287e8, 8.33672917899524e8
1.1840527709470832e8, 2.4895228997495887e8
1.2985011128600939e8, 2.761778699489192e8
1.266774158311536e8, 4.308177363521147e8
3.2021409714270425e8, 3.743204769996007e8
3.099640430882164e8, 3.678723727707423e8
2.4157391308134267e8, 3.15132869560541e8
8.469207524526729e7, 1.2223952985259022e8
1.587193135565906e8, 2.5997355147216967e8
1.50252792467998e8, 2.1863912654919535e8
5.57872214565819e8, 6.318863416660532e8
1.091516243287458e8, 1.7882498906473783e8
9.766077312264958e7, 2.1468957690122065e8
1.6295494058885962e8, 4.0110585184853137e8
2.4622918066929877e8, 3.424522473505746e8
1.0349678100685742e8, 1.9802196600806555e8
1.687477060319276e8, 2.632508198588225e8
8.792309176186447e7, 1.507364819395008e8
1.7718916594991106e8, 2.728269080485797e8
8.796240453794734e7, 4.6021155440343946e8
1.8186054040715086e8, 3.041565902532003e8
2.0293809677100128e8, 2.9141631580270743e8
1.90130498161956e8, 3.802580250339002e8
1.2273612273935112e8, 1.9431178540139458e8
1.6450394454713774e8, 1.8599941616446048e8
9.465917966621567e7, 1.3911070646442232e8
1.1253718568142405e8, 1.491527607825761e8
1.8219509555577406e8, 2.708781369705034e8
1.3797388731399122e8, 2.972332115072289e8
1.0452531254788698e8, 2.5846672509222847e8
1.1984190080452174e8, 1.6271926202863094e8
2.0495265737729055e8, 2.489125058554049e8
7.529606419829752e7, 2.565051053137543e8
1.2272586065434201e8, 1.6919098817594847e8
9.582023649163753e7, 1.2998937130531034e8
1.3872596752996913e8, 1.8620119690459076e8
1.4907486332950667e8, 1.9589093219786802e8
8.185833848023778e7, 1.4079442584975633e8
1.3307184822252883e8, 1.7379715166924012e8
9.28665209138936e7, 1.9606674175132793e8
1.263962905719321e8, 1.806764580387411e8
4.104074400444764e8, 4.798953314395506e8
1.4083644417264026e8, 2.029328919418946e8
2.2802462355141377e8, 3.319947899981512e8
1.73702799504159e8, 2.1004809836375013e8
1.4172837503737813e8, 2.0808595829026294e8
1.1673986820897438e8, 1.578797321014858e8
8.430297842341249e7, 1.1874096656240153e8
1.5284157428647766e8, 2.462139223329602e8
8.746072178110327e7, 1.2989024998681101e8
9.724336633688478e7, 2.567177992080475e8
1.611135644400442e8, 3.180189648221351e8
2.435580439852141e8, 3.1285799928264785e8
1.134137877156987e8, 3.775305275249945e8
2.40577745770808e8, 6.374787668999803e8
1.862655003075274e8, 2.6866573651883245e8
1.4412263755907625e8, 2.4283433478908008e8
1.3370133946528788e8, 1.7788177388502488e8
2.0531286579446515e8, 2.4331027629758814e8
1.820333390555317e8, 2.328786622336553e8
1.1246703309845866e8, 2.2279843219003e8
1.1699151900436042e8, 1.544683606157529e8
6.686679429041566e7, 1.3104749329169202e8
1.7196986588337386e8, 2.792900245496903e8
1.7391994568293715e8, 2.914840829010476e8
1.0898393112422873e8, 1.5826840803535116e8
1.5931281024725723e8, 2.8083693411586726e8
1.6945193367589095e8, 2.555439128928731e8
7.052014557720423e8, 8.339874101304969e8
1.9771994764681244e8, 2.913825667991324e8
1.0879692363336538e8, 2.040204518620698e8
1.5458277597584912e8, 2.9353070696991193e8
9.980412294162379e7, 1.438636527684001e8
1.38589263955584e8, 6.200428785463278e8
2.100523699967391e8, 2.857668852065589e8
1.6994051430310145e8, 2.4124197982537737e8
3.2061404324850386e8, 4.058085944835717e8
2.7987062613767684e8, 4.8678709558759224e8
1.3740913703273836e8, 3.579821145740185e8
1.5545187736357027e8, 2.142083455604429e8
2.966310075718075e8, 4.115246946612491e8
4.98963081342942e8, 5.423942978314434e8
2.8470187457539195e8, 3.9634036571767527e8
2.0109735092014146e8, 2.676157328674258e8
1.7919059648649362e8, 3.1311665500219446e8
1.2745295084691419e8, 1.5956282263063994e8
8.04666084112416e7, 1.40303156458833e8
8.37862144785203e7, 1.1384646473810595e8
2.8259733821926457e8, 3.300780344312715e8
1.8381505271744666e8, 3.312346625826929e8
1.2801690761953303e8, 1.967734208856753e8
1.536131984055431e8, 1.804666289869585e8
1.2359615598842305e8, 2.6860283410651034e8
1.1273398124072398e8, 2.0365789423245242e8
1.3088881152661093e8, 1.9730908056109464e8
3.656319866732009e8, 4.3545931954575086e8
1.326556827568604e8, 1.7388249867705342e8
1.364551661774061e8, 2.875209811687205e8
1.111544024877768e8, 3.322029600657453e8
1.610900741559461e8, 2.6624692176014134e8
1.2812059300041117e8, 1.8536242497128963e8
3.3060235780788463e8, 3.797636842379195e8
1.3947397226379994e8, 2.283837017272594e8
9.275808961207202e7, 1.5636778377941963e8
1.4945168863248459e8, 1.9431873252228242e8
1.3509110853125504e8, 1.600056561504475e8
1.5404360201167646e8, 2.6289977388273063e8
1.4657272191110778e8, 1.9828376144536635e8
1.3475917900719303e8, 2.000173101382296e8
3.031534090519123e8, 3.9184206497683066e8
1.801172684850902e8, 2.6118686924800143e8
9.99974106461458e7, 1.6563204364354414e8
1.564830732992574e8, 2.7427716185782456e8
1.1294783522325744e8, 2.3554960579810607e8
2.672381224283549e8, 3.103909101163158e8
1.2190077145731047e8, 1.939195146988095e8
1.759523391182273e8, 3.0695217793187606e8
1.1950079041660613e8, 3.966582848421015e8
1.1931888244061352e8, 2.553909786731656e8
2.1567119831835008e8, 3.630225632220244e8
1.5179278978088477e8, 2.141579742358271e8
1.1101598818107589e8, 2.1404574127123576e8
2.9287144316826063e8, 4.2667469391744167e8
2.19937834238062e8, 4.756061397494596e8
5.989429249265931e8, 6.761805616461638e8
1.0553325937449245e8, 2.0942742751976308e8
1.0715597513845219e8, 1.9434395063852698e8
3.3146093505221474e8, 5.115138568496346e8
9.043077539498371e7, 1.686855881327073e8
1.3146975907487525e8, 1.7583614991466326e8
2.1541171730473685e8, 2.8175951129775107e8
5.666190363360227e7, 1.3922080816727263e8
9.501803607233663e7, 1.4408859938981453e8
1.2742727806956616e8, 2.290791201873351e8
1.0292415808185624e8, 1.4087107602890947e8
9.758945704952339e8, 1.0435047478754241e9
1.4082998511025265e8, 1.9902287845722562e8
1.4366663720986342e8, 5.1707214974725425e8
5.037964254544401e7, 1.252019263835774e8
2.4060583366542897e8, 3.2999997389535844e8
7.542225668655966e7, 1.5410735562335378e8
1.3726940999457616e8, 1.8730007919012132e8
7.873831052401994e7, 3.9819487808936894e8
1.5142374079676962e8, 2.4313745651883733e8
1.7108998076930538e8, 2.3397920354461947e8
2.3456118439424884e8, 2.880874906517512e8
1.3261628290417914e8, 1.919777408700842e8
1.1625051792751917e8, 2.0338920101974702e8
1.1571144317383333e8, 2.12988595581813e8
1.3125691179939614e8, 2.3063209239905953e8
9.353869462758644e7, 2.5580383009260038e8
4.539406859062288e8, 5.730319721193616e8
1.7351083081341428e8, 3.86133978925935e8
6.516212904095801e8, 7.637514162174808e8
2.2988921762251586e8, 3.560164206483998e8
3.5659010203792447e8, 4.820133405088853e8
1.199416409656741e8, 1.9227626493516186e8
1.2143918734927607e8, 1.5857758331453255e8
4.615988485536639e8, 5.285585451340918e8
4.9964597047405595e8, 6.099299176325017e8
2.1790957373014307e8, 2.771034226187322e8
9.731407856878667e7, 2.486010761203491e8
6.375249618210315e8, 8.387944913935705e8
1.0230786553735371e8, 1.8806308098334458e8
8.049791673961747e7, 1.2596261441496539e8
6.532517015777144e8, 7.609672167842517e8
6.066116046674908e8, 6.854148191118691e8
1.337840945838433e8, 2.1576293451228487e8
2.4314871231036377e8, 4.436817496129796e8
2.2711656504839975e8, 2.827968631506853e8
2.6683478675158122e8, 3.109712917931899e8
9.680826434236434e7, 2.1836236548077542e8
1.4569884897297332e8, 3.266404696616752e8
1.030172225941947e8, 2.1605848460529688e8
9.83293190071832e8, 1.0691330982310872e9
9.857721731471477e7, 1.7509813935953245e8
2.1114771294286105e8, 3.3645960476511323e8
2.4461515245779973e8, 2.950104939606536e8
1.2492667720687535e8, 3.1033276475409514e8
1.601906169851505e8, 1.9137108503987917e8
1.1609876223867278e8, 1.7390375475750032e8
1.6208309888480693e8, 2.382909092203771e8
4.389988193790989e8, 5.2398719131395006e8
1.0059956242808163e8, 1.8291668033275157e8
1.3173063902660015e8, 1.7720125106191882e8
1.5302230224033853e8, 2.1559431834771726e8
8.565112343785794e7, 1.537049760037681e8
1.2886014933338149e8, 1.9899643215012765e8
2.3899828923343644e8, 4.171933737548827e8
9.031965837205467e7, 3.8447064060326284e8
1.2601385082868639e8, 1.98433365726542e8
1.021189428247926e8, 1.5749963868583477e8
3.402911070005196e8, 4.260853667347656e8
9.527175868031643e7, 1.3080152008642915e8
2.6272440782757357e8, 3.438167132937271e8
2.3542733683103576e8, 3.060615104311738e8
1.067893987065283e8, 1.6908094831823212e8
1.1634300766938314e8, 2.0353083332148507e8
1.076118996031862e8, 2.283847129595176e8
4.689753106050168e8, 5.431454597697335e8
4.1917245850478053e8, 5.561328376702019e8
2.137711469242881e8, 2.912011826513974e8
7.668108124046774e7, 2.1164130471616536e8
1.9947346767653263e8, 2.708658896406036e8
1.4361361990593415e8, 2.3390446138002485e8
1.5754897742101943e8, 1.9680892956660175e8
1.475582386542563e8, 2.506561689212888e8
1.1696908210885619e8, 2.5093890214601892e8
8.468712691068591e7, 2.4846041791987643e8
1.372888673510242e8, 1.747809715258271e8
1.416542617085988e8, 1.8659674565689078e8
1.9945321232835826e8, 2.9831241570760936e8
1.6474905479348576e8, 2.126989396543937e8
1.6807965932679582e8, 3.405389658162268e8
2.1161185704949516e8, 2.804090416272226e8
2.2341256790487024e8, 2.736918311311006e8
1.7374345875912142e8, 4.511875076598592e8
1.3780288493895608e8, 2.1021079835846078e8
2.1321538239084128e8, 3.6728031434721184e8
6.853842435829312e7, 1.2149255916710444e8
1.8999454483327335e8, 3.56685722055119e8
1.304276948430477e8, 2.6396068400211054e8
9.62653176606813e7, 1.348805364766866e8
9.481872518248522e7, 1.3712349664237472e8
1.9639307075964972e8, 3.1286152517468303e8
1.9643344434936503e8, 3.831251802296947e8
1.969377884257667e8, 2.790846303710671e8
1.1183927072556584e8, 3.54784787794023e8
1.4078297983768216e8, 2.1376720764231157e8
1.6076094514385122e8, 5.18642824279181e8
1.8315304084303346e8, 3.043902872131413e8
1.8383619461659163e8, 3.242203512018375e8
2.0707770788242644e8, 3.512972078611189e8
1.6189823745384988e8, 2.0480127907293218e8
1.3887647040884417e8, 2.5107406470795304e8
1.7107408198262757e8, 2.704871559314697e8
1.4180956438403592e8, 1.9493772639366993e8
1.02872751261205e8, 2.700657832850078e8
1.8456258604435703e8, 3.874328547872701e8
1.760203059463144e8, 2.1844888538422418e8
1.6824122660027757e8, 2.2706600460916224e8
1.6874778757240474e8, 2.3564889326386496e8
1.1318156762417029e8, 1.8635402308956438e8
1.1786913347689973e8, 2.412351096277797e8
1.0699253860570763e8, 1.979220097912582e8
2.702926991400533e8, 3.194140054533813e8
1.8664900122023436e8, 2.3791147052439553e8
2.479702814345972e8, 3.4690127410050595e8
1.7084467780766264e8, 3.672786672610078e8
8.045086055605501e7, 1.3414160950919464e8
1.1680887886622006e8, 1.8100129259125814e8
7.775542286535484e7, 1.0788703224754544e8
2.105494045739039e8, 2.865133791883598e8
1.4968506932460532e8, 4.575379729376456e8
1.1927722726473214e8, 3.5713114380225337e8
1.8055090532132336e8, 3.064361039828997e8
2.0125171618020004e8, 2.946193845990768e8
4.5539252075573856e8, 5.2829742019531775e8
3.445623095539363e8, 5.213319569820938e8
6.2202420036214426e7, 3.1568901087210417e8
1.1329426191091333e8, 2.0453246273528582e8
1.1163806468757814e8, 2.821944899599709e8
1.2174951191101073e8, 1.7397669153578484e8
1.353358588248393e8, 2.4623410460102797e8
1.3355438345159093e8, 2.6648567165921018e8
4.9575433234627676e8, 5.882431657885801e8
1.7556962157294467e8, 2.6561143752920398e8
9.063779372080344e7, 2.231427530493151e8
6.285069036529742e7, 1.1080381435744648e8
1.9625741261523396e8, 2.3767868174759677e8
1.1477190694644243e8, 1.8219968722535068e8
1.0451332814359348e8, 1.4589001877581197e8
1.491344245288665e8, 2.3614229704774785e8
1.7509448660330462e8, 3.673078278341723e8
1.6626013109515858e8, 4.1942483765098774e8
1.1838886596304405e8, 2.0979784830524617e8
6.751964053766255e7, 1.365731995270625e8
9.748739757214601e7, 1.614959792881088e8
1.496596379819102e8, 3.165896218725772e8
1.3359326615794924e8, 2.8090066704130906e8
8.805943882258126e7, 1.1959815508298592e8
2.3359277142860603e8, 5.2175393352831614e8
1.1550995126998857e8, 2.6524921875752985e8
1.9767385330365998e8, 4.79831260874253e8
1.034580353498071e8, 3.1791545520325214e8
1.1919091227586903e8, 2.735258401368376e8
1.0032542714822656e8, 1.374839371692678e8
1.1123514347765118e8, 1.698405089878059e8
3.5347844919818765e8, 4.517495849542957e8
3.93993935729363e8, 5.393149414564773e8
1.4981142697939894e8, 2.2689351079377466e8
8.566973038376877e7, 3.738170034020467e8
1.8475764803139055e8, 2.861526545894901e8
1.2273473150378665e8, 2.2323524435460186e8
1.1626420669168128e8, 1.8095938105161196e8
9.668965029085256e7, 1.3676021650169525e8
1.3004429967109665e8, 2.2733639215336692e8
2.0063138970289084e8, 2.734880848945812e8
1.7550756404279616e8, 2.977304982936181e8
1.7998402939550215e8, 3.156772633717416e8
8.73027001651176e7, 1.394891326244504e8
1.873779941901509e8, 2.2792666694786918e8
2.4444336601507947e8, 3.211600561522807e8
1.0501532898677999e8, 2.0362352506056675e8
1.822727156407613e8, 2.6584153908214238e8
1.0301409127164672e8, 1.8516698393917102e8
1.2112715157655835e8, 2.533981748244088e8
4.267032825795431e8, 5.9159622337062e8
1.2360321368113695e8, 2.1033495378047144e8
3.8176901313820475e8, 4.52034750106549e8
1.2722439179134136e8, 2.0538610153772947e8
1.2449713239742938e8, 2.9562522209290016e8
2.0191940975680202e8, 2.727539173922052e8
9.996212812080593e7, 2.222927077007041e8
1.3410471227780224e8, 2.889380729795675e8
3.363797798305324e8, 4.0548168099864364e8
8.372443493602912e7, 2.7699721719276077e8
2.0684821373083258e8, 3.61956514970441e8
1.2851813675938338e8, 2.0927061498787564e8
6.75269500485976e8, 7.41912612217647e8
2.885573531808102e8, 3.93172357242883e8
2.3573137682330763e8, 3.608243377799665e8
1.512162553419418e8, 2.675894237986418e8
2.1810478990124756e8, 2.702657495634308e8
1.4765114554433525e8, 2.737060330283078e8
9.595798918580559e7, 1.640634572228306e8
2.595169538315703e8, 3.230482602568141e8
2.5246657186945954e8, 3.028843046159565e8
2.5229484183804438e8, 3.6427108401158464e8
1.0225777659945276e8, 1.6111656166645873e8
7.997736012118499e7, 1.4027405170591977e8
1.787890627858645e8, 2.2676565417243943e8
1.2032911523571604e8, 1.9688945028673655e8
9.407779587959403e7, 1.8090467847994146e8
2.6584450329129112e8, 3.39681594443808e8
2.725998837889349e8, 3.535025007247059e8
1.971533380521194e8, 2.5937592581150442e8
1.6300888927168205e8, 3.225847339202673e8
3.4299969150115937e8, 4.2441927246520543e8
1.205255905776661e8, 1.957338374909143e8
3.3780208047646403e8, 4.06359168407886e8
3.8536431577153814e8, 4.625717331798835e8
1.5463751341143078e8, 1.961241088971711e8
1.766338220049388e8, 4.196322483209253e8
1.456967062638557e8, 1.941175122980275e8
1.2538538605904567e8, 2.186331646885055e8
9.460161429223715e7, 1.7970005638242283e8
1.2113168800759088e8, 2.2047849777453667e8
1.239701740047956e8, 1.9399879938553432e8
1.128871608298106e8, 1.9837259233127016e8
1.095601504940951e8, 1.74717740873966e8
9.7333001546909e7, 1.9729253379107162e8
3.2567135594725907e8, 3.8117304533963513e8
9.267878389733605e7, 1.293466110863725e8
2.1904680355031818e8, 3.112448605360341e8
1.7056706615032768e8, 2.962351932484056e8
2.5571282538795057e8, 4.8015980750171363e8
7.716692721417369e7, 1.5693161422549063e8
7.524337771285385e7, 1.3177130390594144e8
1.10992246171663e8, 1.910909330483591e8
3.3391888553834933e8, 5.874020150686594e8
1.1456822490386489e8, 1.9447975128401917e8
1.99490693562443e8, 2.642216396767919e8
1.404809134554883e8, 1.8389408977673113e8
3.513542152420634e8, 6.122095119040687e8
1.9756797187179583e8, 2.5685826430243963e8
1.3383322119163692e8, 3.636120989581226e8
6.288667380692043e8, 9.11558725773671e8
2.4058441214592782e8, 3.2554748137888944e8
8.784241687182936e7, 2.4125491432278603e8
8.168483682287678e7, 1.4147706536823732e8
1.2831266908254522e8, 2.3508227562743986e8
8.741346135381919e7, 1.508478726612192e8
3.8404524158272135e8, 5.186117827930104e8
1.4203189321469802e8, 2.112736236897226e8
1.3812672131647792e8, 2.723266670656668e8
4.621928956713221e8, 5.713175220644275e8
1.1488534300267465e8, 2.281302232551637e8
9.563845813412282e7, 1.5650644392075112e8
1.2689643417774527e8, 3.8042294876840264e8
1.9088242532524365e8, 2.717795727138219e8
9.941136539757483e7, 1.6546264834298635e8
1.0231531440381862e8, 1.781535289732553e8
4.478419307748557e8, 8.605558154414301e8
8.228180032145545e7, 1.376466897792114e8
9.152959136280756e7, 1.4157335580318862e8
1.2815735075593366e8, 2.080340253212716e8
1.1939568867195061e8, 1.8270812834606826e8
1.18412332007595e8, 1.7973524352716234e8
2.3069107685866627e8, 3.011414720211428e8
1.9272453091459873e8, 2.342657569359394e8
9.44577373422224e7, 1.600499892716472e8
1.4152241895997208e8, 2.229405917955734e8
1.94573867452188e8, 3.6788744600567645e8
1.099144585728593e8, 1.6884841869153488e8
1.766379483977101e8, 2.196912989105534e8
1.3352981527486674e8, 1.6403962217620736e8
2.365139275823257e8, 2.9601878333430284e8
8.311400580752358e7, 1.9859004738197258e8
1.81904602708679e8, 2.8109385342296964e8
1.4990627238910875e8, 2.3626416078247762e8
3.479429195584862e8, 4.136293619401443e8
1.397070741919201e8, 2.038039827017068e8
9.789736378417723e7, 1.5532293623167396e8
1.642472246899586e8, 2.313761603195793e8
8.075645403011982e7, 1.5461853565226415e8
2.1536568138497022e8, 2.5200221232922372e8
1.4062267597119904e8, 1.840554622258594e8
4.455734070771359e8, 5.3431942174166214e8
1.385301290189144e8, 1.648926941238063e8
1.2579131110187264e8, 1.9404485158442676e8
4.958277692502968e8, 7.06854485317209e8
2.915565619006966e8, 3.7717005934607196e8
1.7798507409199107e8, 2.761676158924236e8
1.5658172010075876e8, 3.0128040058178943e8
1.147144948636246e8, 1.6337729707182184e8
1.0707224671645182e8, 1.8710751859397072e8
1.4782052887642124e8, 2.0580116532038364e8
4.938667370592739e8, 7.391685742336726e8
1.1863185733733734e8, 1.8966495578380194e8
1.1709342478540005e8, 1.9072714851971692e8
3.021817179872019e8, 4.169523709403249e8
2.15420272862488e8, 2.9824742827912366e8
1.4710789997440368e8, 5.190536579376479e8
1.1930185116132638e8, 1.66458679895468e8
1.2980645416425395e8, 1.8368338943967286e8
1.5428279646763635e8, 2.569106068707584e8
1.6250498456990352e8, 2.2733428542289257e8
4.814265066911766e8, 5.44320781791021e8
5.265021436824964e8, 6.51603296256103e8
1.959498909770965e8, 2.829497432864393e8
1.5957701187977746e8, 3.068354371233165e8
1.233794814901575e8, 3.360613855631279e8
1.4809318267071527e8, 1.99082371991247e8
1.0996828749867289e8, 1.5172587374454257e8
1.0700813364719374e8, 1.8380256470097306e8
1.2082715675368886e8, 1.7054074639484128e8
1.2003984464688626e8, 1.7052617573709163e8
1.6133994447101992e8, 2.807748663740558e8
1.2146143532310237e8, 3.591498145760566e8
2.7351278713917345e8, 4.299939293059475e8
2.2070090670713285e8, 2.812748961646779e8
4.980916729779846e8, 5.85775973207388e8
6.472784937754239e8, 7.966079513049903e8
6.191193040845337e7, 1.0581353608906871e8
1.3243821347609577e8, 2.1170778263387483e8
1.6630084868789518e8, 2.0355634658089092e8
1.0173618794260222e8, 2.2236796696801126e8
1.2585560927527808e8, 2.8604588876663244e8
1.2992103578598708e8, 1.9764328707679412e8
8.989978241695306e7, 1.6080107848347136e8
1.3355052881076346e8, 1.5377565682807615e8
3.488529297355813e8, 4.1241711949178046e8
3.4459302678570694e8, 4.58409899492613e8
4.6424389642304593e8, 5.289654804431191e8
1.4849535863647932e8, 2.1320593893028972e8
1.46141819460524e8, 1.999591495083278e8
1.8548715046489727e8, 5.755453633049033e8
2.0606252005362737e8, 3.050492826282835e8
2.8863198257159e8, 3.42203625756885e8
3.3028153184391046e8, 3.795910174653696e8
2.2683732804575747e8, 2.6812301408843064e8
1.231765817229486e8, 1.7158019467484942e8
1.3120208814957298e8, 1.7070303566465658e8
1.0186003206148647e8, 2.0150486537717077e8
1.0069378333592942e8, 2.1528984579205137e8
1.0442243116719371e8, 2.001425745480744e8
1.5978858798042777e8, 2.5096475031956977e8
8.522028424545147e7, 2.947230622639118e8
1.3478833510441375e8, 1.6302880239301807e8
1.3136415402162276e8, 1.8665006879705477e8
1.4623891873308e8, 2.2583893794018614e8
5.0785836887665117e8, 7.816607540197359e8
4.167700161336572e8, 6.877243733867291e8
1.2484246761783814e8, 3.866988302109459e8
2.0070289420901003e8, 3.0423165644346386e8
1.3569767265708715e8, 1.850923804244928e8
1.2739213431200586e8, 1.7915408372538722e8
3.140433555997381e8, 3.839260584441477e8
4.899783885478835e8, 5.958376141459551e8
1.3938080721903178e8, 3.185316157898728e8
8.926250185879572e7, 1.2325034699099512e8
5.930416962107486e8, 6.625273050431141e8
8.832613336799788e7, 1.56287644129659e8
9.334579468059821e7, 1.7994861406185666e8
2.2643360809750935e8, 5.015841845228478e8
1.3534073758641616e8, 2.927132452323246e8
3.60951019607967e8, 4.488190234199256e8
8.795845702582951e7, 1.3374282587343132e8
3.94995209538743e8, 5.2151682086196876e8
2.3595533928093967e8, 3.016085330671529e8
1.0161136417608528e8, 1.4253847851566404e8
8.829421495609519e7, 1.5167225391118085e8
2.4033779631801254e8, 2.7388173413324964e8
1.0286949253905281e8, 2.8173118803354836e8
8.05572953871732e7, 1.475191471335259e8
9.559749932711433e7, 1.425214696020344e8
1.5129133304726347e8, 2.1415428745426995e8
1.5045534530304736e8, 2.989992772473477e8
3.033934712708405e8, 3.724463784394492e8
2.0110898681993136e8, 2.9397531879478794e8
1.9776983194133484e8, 2.832968550469926e8
2.119389978101501e8, 2.74391210707177e8
1.734646950915727e8, 2.5658518986871108e8
1.1184290917720461e8, 1.618009301488972e8
3.6262963774017745e8, 3.843139703926434e8
3.5260866519487613e8, 4.207825514479089e8
7.545865831837782e7, 1.8128086231635448e8
1.1503499917779112e8, 2.7957480204604906e8
7.785967260358815e7, 1.4364906409631413e8
9.308893960944526e7, 2.816981992328315e8
1.4636385986184528e8, 1.8731312623783213e8
1.2176984578849916e8, 2.374874918460132e8
2.560855935164551e8, 3.401624712069702e8
1.1924595240409635e8, 1.7126138501137418e8
2.5843795190353206e8, 3.184581281840506e8
8.772212893094397e7, 1.996236598537016e8
3.718684348080316e8, 4.334379007886638e8
4.380887126606205e8, 4.8293199650852966e8
2.5742324542999294e8, 4.523661237716186e8
1.5518166711592403e8, 2.089906468964207e8
1.9316241152154154e8, 2.82307352589141e8
1.2776114044292562e8, 1.6012183597540644e8
1.421352748412319e8, 2.7893444391415256e8
1.1054516025918454e8, 4.8540934410419214e8
2.2872290368364555e8, 2.985332289381559e8
1.0156509867307861e8, 4.572409469166684e8
2.502048475638383e8, 3.22040575486539e8
1.3339584238185269e8, 2.8426865933505267e8
1.424480156940004e8, 2.1205233296735635e8
9.841225997092183e7, 2.0418517958479318e8
8.119700865318786e7, 1.7858166327553797e8
9.728459059021246e8, 1.030213145645673e9
6.07375680222568e8, 6.641471641298681e8
1.5753345767717436e8, 1.8891586611365053e8
1.3761311310899186e8, 1.8566459621488094e8
1.19416817622715e8, 1.6884205103651866e8
2.1682482383395693e8, 4.359627327587039e8
7.980636593051508e7, 1.4140431509132653e8
1.2626880310753317e8, 1.7490068369163108e8
1.2549324480892721e8, 1.909385614398695e8
2.204703785113409e8, 3.302034916847526e8
1.3447178775367728e8, 3.042569916861097e8
1.1893186767740315e8, 2.1793961133752042e8
1.543194650562915e8, 2.181299530893653e8
2.666082569500876e8, 3.6462508843856627e8
1.651615471837423e8, 3.917986188705889e8
1.2435520557226355e8, 3.046873858090249e8
3.591304641572395e8, 7.943486290619061e8
2.977979820053921e8, 5.934751376930263e8
2.6565088584503546e8, 5.069041693611432e8
1.3039189365942794e8, 2.353261192040704e8
1.3374012175077103e8, 2.1521350420719036e8
9.691265688435058e7, 1.5299232524631193e8
2.3784034601395804e8, 3.085549609880737e8
8.199294962351856e7, 1.8634200681223285e8
1.3593482782306322e8, 1.7613050804982832e8
5.431056209201585e8, 6.027486188388418e8
1.555075783096397e8, 2.4189415256319815e8
8.985494592995498e7, 1.8063289994226363e8
1.7668420931889537e8, 2.4322983176325512e8
1.0456486714332505e8, 1.894874181422297e8
1.3021978443809995e8, 2.169978257777169e8
2.506824464933717e8, 3.3603857244733554e8
1.4072986720717493e8, 1.9808457202063316e8
2.6709502266357833e8, 3.998126541104468e8
4.921528800082873e8, 6.002829827549936e8
8.461705161505073e7, 1.2956716124338494e8
1.768269448010199e8, 2.5652513904914865e8
1.9970484690351504e8, 3.276520107202798e8
5.38079356264384e8, 7.939109599420985e8
1.406783526200654e8, 2.373920115834713e8
2.0887263313933596e8, 3.073712904569194e8
1.0706265514216042e8, 1.710215687809539e8
1.8250148594940677e8, 3.530336336429388e8
6.158334404997982e8, 6.645370152011801e8
7.866202080306193e8, 9.622301645703027e8
2.17276884151287e8, 5.46406038409578e8
1.682288932275504e8, 2.244804954120046e8
1.0850647806661125e8, 2.3353497887622294e8
9.391696223764186e7, 1.706567070183551e8
2.4655484962678877e8, 3.1481067088883656e8
9.436948035294423e7, 1.4188026309570783e8
1.467485998358024e8, 4.227901547579768e8
1.8347476883683717e8, 3.359544856682015e8
1.5916504372751284e8, 2.1938204080675954e8
1.2395055950491212e8, 2.920372230887808e8
1.3079647245393524e8, 1.7102710890329528e8
1.4968024152277058e8, 3.891382780551641e8
1.6226059667332414e8, 4.05442398608335e8
1.3902746406520763e8, 2.4484347886195415e8
1.0564365146593212e8, 1.6690944204433787e8
1.3702611673502257e8, 2.1828397679178637e8
3.365069549815264e8, 3.965693604624482e8
6.579868844938059e8, 7.278068220603896e8
2.1134236919848967e8, 3.5568659853627336e8
1.2119601635129283e8, 1.702167675688954e8
1.744898702333592e8, 2.3929774397339824e8
1.2849985833159828e8, 2.2394453449947265e8
2.331517880362939e8, 2.66062823121002e8
2.128506426974438e8, 3.560367650211116e8
6.426719354559906e8, 7.684904265292643e8
4.072339662569306e8, 5.512572265803453e8
1.7834768542181492e8, 2.732812149571662e8
3.084247579987037e8, 5.626915781741581e8
1.3448576656510097e8, 2.061786411268594e8
1.5383739016599897e8, 2.2483557115027013e8
1.2144029910134098e8, 2.237461893410788e8
4.050604666116921e8, 4.664599936501966e8
9.949568624653701e7, 2.009744735841712e8
1.0083616732751e8, 2.4473920670768398e8
1.980001230602628e8, 2.3110902867368457e8
2.754525799160471e8, 3.718306896619592e8
1.0346797563146028e8, 2.224731241495373e8
9.79638184647909e7, 1.4806148115630022e8
1.2353732309188014e8, 3.407011469078268e8
1.873449086267077e8, 3.386429640980886e8
2.45742159372846e8, 3.732487736638264e8
3.124737026705575e8, 3.769996955860768e8
9.976776796798688e7, 1.3381491732584023e8
1.7138617081447187e8, 2.344222627357093e8
1.8077525166441515e8, 2.867335542631136e8
1.0123667044066785e8, 1.6094514271738595e8
7.94534244338346e7, 1.6268219885435566e8
1.1680916730256486e8, 1.5954751727221355e8
1.1000887005672747e8, 1.416420278317847e8
1.144875320579084e8, 2.3660744080496725e8
2.698989482703178e8, 3.347332083258765e8
1.0222119094903706e8, 1.8870608168125847e8
9.547071975165027e7, 1.3227447080463378e8
9.473867175775978e7, 1.8021873649115106e8
1.4040074362143508e8, 1.958734918317842e8
1.5415989366255742e8, 2.5652383237323248e8
1.0934635792508899e8, 1.4708568787046072e8
2.2850254929173893e8, 3.751097682971412e8
9.007490149557857e7, 1.6699651476869896e8
4.90126729015363e8, 6.903460119093001e8
1.57211225117812e8, 2.1681538745289996e8
1.9949326554350972e8, 3.3521248096688515e8
1.052002399094132e8, 1.9482451085110384e8
1.0572105926778969e8, 2.1130370546927318e8
2.5180784536644346e8, 4.427644438140746e8
1.1563730267439806e8, 1.882364173038253e8
2.011914880941518e8, 2.890721873823766e8
8.41182568148717e7, 1.653228000701294e8
2.5543994627670488e8, 3.244384603894231e8
7.85182351648905e7, 1.3295690626830508e8
2.6765672159944504e8, 3.750769942752832e8
1.6568726588323525e8, 2.793256851048917e8
1.2117656492990793e8, 1.9354797280884674e8
2.1782131660855505e8, 5.684898526314632e8
1.5931717001333708e8, 2.6622471058718392e8
5.2952277508923984e8, 7.87068628352337e8
1.909287714597988e8, 2.65326443582925e8
1.842540896930648e8, 4.8247538233012885e8
2.839107980296603e8, 5.050047795587069e8
1.8149450625496003e8, 2.3869346071798813e8
1.1657517166936098e8, 1.598212134674601e8
2.2922722593752852e8, 2.7226378314331746e8
2.2589935686652407e8, 3.104805170090065e8
6.360244281093557e7, 1.398040989004238e8
2.1892162257883507e8, 2.6277920207114756e8
6.063281246152626e7, 1.6794489043075964e8
1.3651398653870425e8, 2.127930027221529e8
1.9899251255388612e8, 3.5363732318708044e8
1.956901670964672e8, 3.093016353074831e8
1.7449426794089973e8, 2.5085247406416053e8
1.271989360368048e8, 3.441302722812791e8
1.0430155054573287e8, 2.3007173622384652e8
1.9987393111056823e8, 2.666064370863208e8
1.73102320236397e8, 2.3378197830192685e8
3.015907654271957e8, 3.855605472963092e8
1.431301073443382e8, 2.4120697083322212e8
1.7879403617735308e8, 3.051096208729664e8
1.789927566427012e8, 3.876680524538807e8
1.9767379051211637e8, 3.0225371569646364e8
2.272436900984162e8, 3.152412732703768e8
6.437413521431203e8, 9.517383274937904e8
1.0557741980894159e8, 1.4590761948875892e8
1.4196690176109666e8, 2.89187642652932e8
1.1526703731063373e8, 2.5108661163000792e8
7.956650295547013e7, 1.086126805266541e8
1.4017375272999617e8, 1.7797527306851155e8
1.3008803776485747e8, 2.5055781674629718e8
6.02478671296614e7, 1.1062500887500322e8
3.0464839923827213e8, 3.42167496096303e8
1.8230464333510235e8, 2.2457073886811543e8
3.942453776007426e8, 4.3241899634704435e8
1.923088821418043e8, 3.1553078672652805e8
1.2392342532021809e8, 1.955314236874845e8
1.6329779144815668e8, 2.0766484493845212e8
1.3374433332431425e8, 1.781467001181516e8
2.2693112218391305e8, 2.870754905757613e8
9.086633801419076e7, 1.1841657386445844e8
1.0200265700602771e8, 6.358496421280107e8
1.1899437379928735e8, 2.1613960362942404e8
3.4229889699158597e8, 4.4512177245856124e8
2.269153203011314e8, 4.435490859498283e8
4.271655303755677e8, 5.001094392043027e8
1.444105207279882e8, 2.5228854648668545e8
8.892738213249165e7, 1.499179904303887e8
1.2051895875739242e8, 2.727439800103144e8
2.892260675263089e8, 3.62122142155085e8
8.999980708974674e7, 1.6009354938889495e8
1.6075932315402803e8, 2.846817377577121e8
1.5196808907666022e8, 3.0687056765465426e8
1.8295328533790833e8, 3.293796606463431e8
2.8571747878482294e8, 5.930149108805046e8
1.5198545034288856e8, 2.0214372093747386e8
2.486944001128554e8, 3.0311835815158194e8
2.993948043172838e8, 3.989595066262726e8
1.0680903890904589e8, 2.740529338152369e8
1.420359492607193e8, 1.844288006855966e8
1.3327036140387134e8, 2.1625057860412353e8
1.786636977362063e8, 2.57060338148118e8
1.5210054039190313e8, 3.0286873431843674e8
6.87596762553681e7, 3.338897778949954e8
1.361860311664301e8, 2.954954146195389e8
9.53977562240403e7, 5.128469630209832e8
2.5380006679799753e8, 3.0925172928582644e8
1.0635839724535407e8, 3.4289850596174896e8
1.2700067817917356e8, 2.855107823670176e8
9.661508289298794e7, 1.7029266973311463e8
1.8320260219358528e8, 2.7126455003410846e8
4.850172431349069e8, 5.607461267860885e8
5.579310312077818e8, 6.700192640095236e8
1.849188340168965e8, 2.5407635631103864e8
2.721862113273816e8, 3.21977731343229e8
3.354058385094069e8, 3.884253150563931e8
1.3486150892055318e8, 2.2065953039988786e8
4.615852416391282e8, 6.24460749276255e8
1.115354359280509e8, 1.7893740233820558e8
3.693029847036556e8, 4.340736777862212e8
1.2731718983867249e8, 2.0464263635333768e8
2.8155121529995424e8, 3.5437067133732885e8
1.3511230657384294e8, 2.245445509494818e8
2.2668315764055634e8, 2.697445521430182e8
1.4635491441004544e8, 1.929638092801698e8
1.986348474931747e8, 3.154457655328261e8
7.729313234937021e7, 1.454544606134502e8
1.4957451650745866e8, 2.2393141634603798e8
4.099613115100254e8, 5.131228027185083e8
6.566009076298307e8, 7.055992017847638e8
4.739057188106421e8, 5.81722128177176e8
3.279966792667163e8, 4.194496074564036e8
4.882097646159222e8, 8.301082332590649e8
1.5719939624134994e8, 3.555421449772093e8
1.270501814322013e8, 1.9172897838247082e8
2.4720748314800587e8, 3.333093506817131e8
1.2977226487131603e8, 1.8364720919764638e8
1.6413145245512417e8, 2.1779995173176873e8
3.0982406260051805e8, 3.931336077512029e8
1.6639087255253732e8, 2.919152792772649e8
1.7966341103803515e8, 4.699957195969664e8
1.923403348381003e8, 2.8189254958827406e8
1.0636281983614449e8, 3.260513949315046e8
2.5158885562232745e8, 3.5643868756733924e8
2.040674683031674e8, 2.6496317980112535e8
1.063298751354756e8, 1.685975789537001e8
1.805751734194517e8, 2.3340296924016306e8
2.6761651273717466e8, 4.415520212939781e8
1.3619248664830676e8, 1.958965903523433e8
1.669449026227927e8, 2.384796663544163e8
2.71546727192086e8, 3.616114254035493e8
1.3579708827967468e8, 2.2316112256574318e8
5.2063981322474104e8, 8.050539643838583e8
1.2229109424644247e8, 1.995456408004903e8
1.2984510407068628e8, 2.6600166783299917e8
1.6127674553898937e8, 2.2264580209445727e8
1.433295203329586e8, 2.275910188680783e8
1.0861852453773582e8, 1.656527638630859e8
2.2406222012912738e8, 3.02857038920991e8
1.7113271492879918e8, 2.216773405784228e8
2.716149079640186e8, 3.2391046926492304e8
4.8443199094919384e8, 8.86887947687325e8
1.5671783604464296e8, 2.6774963128974405e8
3.389199958243695e8, 3.956657494642451e8
1.4237826895367002e8, 2.6005352833287475e8
9.926839181107357e7, 3.1257612797184426e8
7.837859709929408e8, 9.530739307799319e8
3.845711756293278e8, 4.8149834502576786e8
8.598842588700011e7, 1.5588512916731527e8
3.414517728726793e8, 5.637425400227598e8
1.8359622431688482e8, 3.0822728963430756e8
1.567619983759746e8, 2.4014963257709187e8
5.0723800942334145e8, 5.755597484968438e8
1.4407034702576593e8, 1.8784962219394785e8
2.835759303323747e8, 3.8234857159155846e8
1.677048955373624e8, 2.6997498614877266e8
1.0620079842644629e8, 1.8132369542110333e8
1.303329195913176e8, 1.775267939863359e8
1.5666519281029317e8, 2.1178528740605828e8
1.2985440017216526e8, 1.6735747057482207e8
1.657128219239503e8, 5.640472741362064e8
1.593232960445908e8, 2.0395916066933912e8
4.961194220994654e8, 5.428856170281847e8
1.3832102983642927e8, 2.171861852860193e8
3.327561982161294e8, 4.52255798715823e8
2.758193956598798e8, 3.2425399963474554e8
8.828894975478362e7, 1.4344882812392813e8
2.0143339079398772e8, 2.6340307724949494e8
1.192233841003347e8, 1.9003151453899357e8
1.1551180306540234e8, 1.8048675290211347e8
1.6158087470216748e8, 2.043123924969043e8
9.407327545904651e7, 1.5294647715687922e8
1.3071963029811938e8, 5.724125448017849e8
1.1304975498523732e8, 1.9006525018237153e8
3.7376864540598935e8, 4.294094729209626e8
8.495537427322294e7, 1.449131521208452e8
1.0822628966533753e8, 2.3319193160969794e8
1.2875089408431059e8, 1.8366753104391336e8
1.5346386100573504e8, 3.1155598989781743e8
