1.5859379546279904e8, 2.3344943003286165e8
2.031621841689708e8, 2.833156326274247e8
1.4533995702629507e8, 2.7711536257710844e8
2.1439618583415192e8, 2.714849576094318e8
5.0628238171160066e8, 5.999910172036438e8
1.3736555154693192e8, 2.0405574650778228e8
1.1158719922295353e8, 2.1118940605921987e8
2.44022586876433e8, 3.081445330968849e8
4.432752365892775e8, 4.868276645526935e8
1.36954723762904e8, 1.9116475318346676e8
3.5055448645476025e8, 4.2132302590232915e8
1.4620830076286677e8, 1.9988388996666232e8
1.3854596635240006e8, 2.1323417446357805e8
2.7568372163629144e8, 4.068385586097507e8
1.7750163072557038e8, 3.193443166374507e8
1.131389826967566e8, 1.92452858739705e8
2.0044126059636432e8, 3.26738680021775e8
1.1375482236040726e8, 1.8208222501951206e8
1.7952853195806938e8, 2.567737561027027e8
2.1567446565404642e8, 6.742920027085785e8
2.211976228854635e8, 2.892807367756774e8
1.2983615537662426e8, 1.9110698090452865e8
2.223702593524511e8, 4.530635237998301e8
1.3419718735786045e8, 2.636491460906086e8
2.5208553774753633e8, 2.9329219161086875e8
3.02992407728041e8, 3.501736921485391e8
1.402996420368183e8, 4.293278733947464e8
2.1483871534073925e8, 2.845021976390982e8
1.851732882080962e8, 2.7790472006823486e8
1.457210299652386e8, 3.1339600746392417e8
2.784434047456868e8, 3.437640015894106e8
1.7532353407949802e8, 2.794808333311192e8
1.2425715510189979e8, 2.000483418056766e8
1.1225296441213877e8, 1.780985489427613e8
2.6268533923974296e8, 7.297218555901456e8
1.1361865607098573e8, 1.616960260888739e8
1.6395272604263115e8, 2.1386417940613315e8
1.4594129891294858e8, 1.986981349883512e8
1.0052315507067168e8, 1.73632274109477e8
9.883002137220761e7, 1.9419348798792443e8
1.747646312472913e8, 2.7864062966956395e8
1.828406830490504e8, 2.5282730526368758e8
7.002643909909093e8, 7.60447479886782e8
3.0989249424110526e8, 6.983594198958254e8
9.370044491444275e7, 1.976469848878172e8
1.2130010077636693e8, 2.0965187388234013e8
1.8458269567262807e8, 2.57875054956792e8
1.574864370539635e8, 2.516652450415056e8
1.1243637774170884e8, 3.855888349610575e8
2.3337300465255982e8, 2.785908149917974e8
4.7714297419958043e8, 5.654311614279947e8
1.827634379740764e8, 2.5538269352519375e8
1.499721374702665e8, 1.98602798654469e8
2.1130991237382767e8, 3.105606185072433e8
1.1202021202274486e8, 1.7796952513851893e8
1.5245427937645832e8, 2.278925235217141e8
1.3313299002634455e8, 1.6895936445186263e8
1.504914264963728e8, 4.019755895017896e8
1.644469156123701e8, 5.296849993390102e8
3.016599175513349e8, 3.4195338123878646e8
1.2231287267573816e8, 1.787859517998029e8
1.1223490577900226e8, 1.999800968643073e8
1.174670114967694e8, 1.559354510463179e8
1.5142667993597987e8, 2.7869804680142105e8
2.0767935897719982e8, 3.039033797753091e8
1.1590653464460984e8, 1.9526131773973393e8
1.9091945834327123e8, 2.6054928238950336e8
2.857157363135998e8, 3.4421948905022705e8
1.621694812270503e8, 2.7928342567231977e8
1.488552618449258e8, 2.0746687811474356e8
1.6217131729002476e8, 2.347233604488708e8
2.821531900388473e8, 3.640059931601557e8
2.694132643689714e8, 3.7203862803762597e8
1.4233614700455466e8, 2.020862909788069e8
1.7685146852069747e8, 2.543418645918239e8
1.3732790267616796e8, 1.7803229044937876e8
2.6368388361117676e8, 3.6900837323947555e8
1.2914316775784218e8, 1.8462857712424994e8
2.0687536637325653e8, 3.2843755720283777e8
1.1934271213179865e8, 1.6454398870402974e8
7.96512710424486e8, 8.763451104519358e8
1.5125895409087345e8, 2.2366329075034353e8
1.855046709349347e8, 4.2167323263730687e8
2.1025138441902307e8, 2.9704265674861395e8
2.4795817362949055e8, 2.961901266789102e8
1.5095866435221714e8, 2.231061786068289e8
2.8932098176407313e8, 3.454301894889224e8
1.0641303948635598e8, 3.331239972364827e8
1.9524356869776362e8, 6.19734758046355e8
1.5900717248355216e8, 2.2752813953218317e8
1.4260497956633213e8, 2.2214225048037583e8
3.5352345172885257e8, 4.504856584035783e8
1.4168938589520216e8, 2.4006809023279762e8
1.1330580246331249e8, 2.5897038666050833e8
1.922257683327835e8, 2.370794041230302e8
2.272705947408535e8, 3.968477265734078e8
1.7038419770993513e8, 2.484235154845336e8
1.422742240189079e8, 2.119643239033101e8
1.9243190991317552e8, 2.6417850925570917e8
4.391661972489394e8, 5.331710994654703e8
1.4159875135502303e8, 2.569587101358423e8
2.130675403165237e8, 3.242900115971964e8
2.4918544636537e8, 3.4485433713559407e8
1.752557496873607e8, 2.856316529671989e8
1.80664757344735e8, 2.6819418076785734e8
1.3428799051956567e8, 2.2132691370355996e8
1.038791536887368e8, 1.5065042653950253e8
2.4576573822775677e8, 4.125370235654452e8
1.0861197940356588e8, 3.874055352883282e8
1.8520402609454572e8, 4.774961444881022e8
1.8771359491681337e8, 3.050629011958956e8
1.1982845457474409e8, 1.7263275313534832e8
1.1015601024074198e8, 2.11222480932438e8
2.4609343439723006e8, 3.151667217290424e8
1.660235618793776e8, 2.5446930820440036e8
1.463092084126745e8, 1.9725034385008428e8
1.3635371030236498e8, 2.232081556349638e8
1.3088955122103235e8, 1.8219538340669376e8
1.1731026835983662e8, 1.619804046503864e8
1.8016557257633683e8, 2.7086625354555416e8
1.6262646374925336e8, 2.5777902893498474e8
2.012237153918472e8, 6.626397530026948e8
3.833433329795131e8, 5.1837840125372165e8
1.178992421542392e8, 1.869988623072519e8
2.039330175249844e8, 3.132568239883853e8
2.90264517937493e8, 3.8869653824767977e8
2.2755446760334128e8, 3.5809287638681847e8
3.1512443840180194e8, 4.38450496729821e8
1.7412867679730543e8, 2.2916343598454213e8
3.474036020942865e8, 4.0847695556736475e8
1.3002928686080396e8, 1.6727031927589104e8
2.9794510482282084e8, 4.385294257811846e8
2.016390762428687e8, 2.7860839897641397e8
2.6554950682385558e8, 3.3964774296437883e8
1.7376401599580845e8, 2.460252235640002e8
1.2109402479423584e8, 1.977530286002778e8
2.1339980808228883e8, 4.411666370258838e8
2.4152525593741345e8, 5.640809554828417e8
1.654348643785445e8, 2.1093761268179744e8
1.811142039333504e8, 2.1149422071868026e8
2.115994403195658e8, 3.3309191359563977e8
4.263569776283834e8, 5.2890945225207514e8
2.3287598597643864e8, 3.890769486847936e8
3.459398285516152e8, 3.95365581835382e8
1.0109270487151043e8, 1.573165197429359e8
1.8115078769771823e8, 2.4386599809951496e8
1.5781310330993065e8, 2.6900882700769734e8
1.429470157744959e8, 2.1355388467351615e8
1.2194862679844385e8, 1.8636064066794494e8
1.7749940246445683e8, 2.481113510872963e8
2.2547252324186644e8, 2.926629066784975e8
1.2215974566709337e8, 1.9907121143521884e8
1.4227105015235972e8, 2.051056447669292e8
1.675979912861361e8, 2.4113013601267573e8
1.4471868696438998e8, 2.3002561868355316e8
7.161887555164512e8, 7.917905824924808e8
2.2284865105688202e8, 3.2320937327217066e8
1.1399229345728323e8, 1.5500130704053792e8
1.4638682424961758e8, 2.2963498251945603e8
1.0678235384455352e8, 1.9576989902080122e8
1.0961574751603559e8, 2.0011666681222302e8
1.485371237762831e8, 1.8856092683472866e8
1.3393433820891105e8, 2.179747286992337e8
2.2463458763782632e8, 2.906022081080227e8
2.0551574980733028e8, 6.273573981880559e8
1.9910834695787802e8, 2.726853810462442e8
1.7883724704934105e8, 2.545972579598909e8
1.36719041298587e8, 1.9307526771582422e8
3.1024049145277417e8, 4.1260600908804095e8
1.399763533098429e8, 2.3705393655520684e8
1.4232186323910525e8, 2.0493713408650798e8
2.5507518400203934e8, 3.3717149948158485e8
1.378037452464764e8, 1.9036611085711032e8
1.998088596448592e8, 3.326422295831396e8
1.0174277787352224e8, 1.6319824688350296e8
1.9047005909849572e8, 4.365809752213188e8
1.164501648248066e8, 2.3092957483721632e8
1.053280775827164e8, 1.8684692787025446e8
2.755903638344136e8, 4.334040843966976e8
1.1353883845483212e8, 3.766815614182218e8
2.0978178897919425e8, 2.787967447412407e8
1.0987844552627902e8, 1.8346855947259685e8
1.9628926523103625e8, 2.6380275214713773e8
1.1282217641135077e8, 1.697817840726494e8
2.82374868078765e8, 3.6877852341145915e8
2.0767056645330945e8, 2.7352387127583647e8
2.1500166869702438e8, 2.713908823682385e8
1.4923378699869388e8, 1.8443195294335476e8
1.7178937750858614e8, 4.952812161494672e8
3.5006807470303035e8, 4.4089753012155676e8
1.9670390770415285e8, 2.7666179373722935e8
1.2245767004110132e8, 1.6853450901946002e8
3.5977794343250775e8, 4.1066297513208926e8
2.7473857154366124e8, 3.8476218621162885e8
5.139313116681213e8, 6.680436503811562e8
1.4604385063805425e8, 2.065854722337799e8
1.287654323056646e8, 2.235414841194444e8
1.3476302391765103e8, 3.889391298701633e8
1.430112744583429e8, 2.6509612918606254e8
1.67889777117082e8, 3.517879155248081e8
2.2976089515691802e8, 3.42104865386742e8
1.5314119198959202e8, 2.6004884038605848e8
2.2950239149596128e8, 3.276958821704823e8
1.0618458324048844e8, 1.8801640419897848e8
1.8729512557478666e8, 4.6637984731732357e8
1.0399517543096492e8, 1.6741395091768745e8
4.239025580896018e8, 4.978730666522398e8
1.7348435067491034e8, 2.3996631228865075e8
1.2947632647401826e8, 2.071184505424551e8
1.495358556443643e8, 2.0302066981828684e8
1.883095129715487e8, 2.284058187277369e8
1.520670728633759e8, 2.760153018325626e8
3.959970730171332e8, 4.929665589282813e8
1.1419919125997768e8, 2.3286787373754567e8
1.397578285049801e8, 1.9448400592596135e8
1.4565865461429918e8, 2.7262006358373463e8
1.7884466283211654e8, 2.730646260061028e8
8.64234278246298e7, 1.3879381429919854e8
1.1732881956897141e8, 1.9384450654284027e8
1.2140854119442987e8, 1.7191376365498114e8
1.1949497247092631e8, 1.702597130032609e8
1.6882549168458083e8, 3.082225504484038e8
1.668633412238581e8, 2.6498770329829895e8
1.6117780446384832e8, 2.93699624110714e8
1.297153298183627e8, 1.8955316106375527e8
3.009852453064845e8, 3.854720078846308e8
1.9962688945977783e8, 2.5853544597830027e8
1.8241856387273386e8, 3.1108214781962454e8
1.7565495814522335e8, 2.7792420608104503e8
2.3145346904435495e8, 3.072746916203539e8
2.9294659068007964e8, 4.064944735518963e8
4.057746057551033e8, 5.573510601961032e8
1.541427715199566e8, 3.1068704588260126e8
3.703392196131578e8, 4.0062742701523167e8
1.4069475162074825e8, 2.1460708052324313e8
2.762050355524057e8, 3.597468208349154e8
1.2542744686005647e8, 2.52587953788126e8
2.1152776275025594e8, 2.898656511261732e8
9.86182511785203e7, 1.4111190590012783e8
2.1272744668748343e8, 2.775996291376065e8
1.3065214010352445e8, 2.0439363438580933e8
1.6929730727995506e8, 2.1943764662243247e8
2.155244566428748e8, 2.678661087625648e8
1.504304017360865e8, 2.223286211116146e8
1.480421752813929e8, 2.2526986528437585e8
2.400135810974999e8, 2.6415176867565325e8
1.2087661378925511e8, 1.969788643115173e8
2.536046806354016e8, 3.628973474366317e8
1.799141041585035e8, 2.5607075693587866e8
3.146013373478668e8, 4.103476675738919e8
1.5958804252122557e8, 2.040917522329087e8
1.7137690146431717e8, 2.6740186744659248e8
1.1138722898400375e8, 2.0100613682000577e8
1.6164266344946727e8, 2.5466641571333864e8
2.0099396377447653e8, 2.863208673514003e8
1.1447177516339104e8, 1.7247758363003686e8
2.668654779147312e8, 3.859266608494102e8
2.3037755423788014e8, 3.159585189355526e8
1.4829042805471668e8, 2.1177566492309982e8
1.9778070674903807e8, 2.6736031991269088e8
3.4175784347358423e8, 4.0441521510582507e8
1.4595540752095827e8, 1.9484021687928715e8
3.264053274729162e8, 3.933575540788208e8
1.4340919807900035e8, 2.1524477456665635e8
1.962307660361594e8, 3.4365761884314287e8
1.2792703953010644e8, 1.700144226445315e8
1.3970475751457304e8, 2.195592980349268e8
1.1252111456120792e8, 2.2608651574337363e8
1.084673614439815e8, 1.5567014591089886e8
1.4033329679643828e8, 2.03761319461869e8
1.009314067350775e8, 1.688882046043305e8
2.0933424205914035e8, 3.0168516306177425e8
1.394366926713117e8, 2.267738091658081e8
1.6130756217679474e8, 2.21049793245499e8
1.2068765275824545e8, 1.6914727627929863e8
1.3562455728893983e8, 2.33848904613443e8
1.3303110829579201e8, 1.9452205329134467e8
1.4276305294728664e8, 2.2681839751144645e8
1.3446040971461016e8, 1.8752514272271368e8
1.961765444449356e8, 2.5878046911839226e8
1.8239772692687044e8, 2.991762349467076e8
1.4362574010468504e8, 2.1673378760724127e8
1.1658876323894359e8, 1.9894618783096543e8
1.476648121818053e8, 1.9891136840878075e8
1.9204558734568718e8, 3.2684744440827507e8
8.777613953310455e8, 1.1022558554987803e9
1.159865127020534e8, 4.561427333871872e8
2.2401274561077568e8, 3.0624397105795497e8
1.5575577769216916e8, 2.444710522682209e8
2.545180521044216e8, 3.333589049762422e8
3.3728054492046696e8, 4.580912668659267e8
3.144158066249352e8, 4.859224572777801e8
1.2743081693692802e8, 2.7445426314084184e8
2.345356766205382e8, 3.0387798510885453e8
1.5316748266095415e8, 2.1433125552582446e8
1.3131793938209657e8, 2.182967888698214e8
2.065886747688325e8, 2.6561352631782025e8
1.2512674829143856e8, 1.7865264679862908e8
1.808069988956524e8, 4.041068343756246e8
1.4761163835417172e8, 1.90713472535959e8
1.2580581237430243e8, 1.938461280891379e8
1.59415825677937e8, 3.143879172338645e8
1.6504167840606365e8, 3.6093560577266276e8
1.6974988252238974e8, 2.5006406762880844e8
2.209455544614383e8, 2.9777044054755634e8
1.49842995645989e8, 2.2869865300294733e8
1.8112998577100992e8, 2.29673475154739e8
3.5257782013022876e8, 6.20522280401743e8
3.1393402165472007e8, 4.334786750631927e8
2.0282616736160934e8, 3.1633232046329814e8
1.401746422083012e8, 2.134403887527104e8
2.4437888819537085e8, 3.491515893939286e8
1.8372323006109762e8, 4.036187539342727e8
2.3865573715034518e8, 4.6699899575099045e8
2.400136762224033e8, 2.7754780415548915e8
5.1373265527646977e8, 7.286660911501458e8
1.2907894788860495e8, 1.8630695713572767e8
1.4074811496146467e8, 2.5363494416712224e8
1.751322618993738e8, 2.978681217981302e8
1.6956496254572308e8, 2.568543527602765e8
2.3364529602151918e8, 4.378500544749413e8
4.769492053248941e8, 6.092802349118576e8
2.4982523307302064e8, 3.4209275995746654e8
1.2038834516929732e8, 1.6848053632029626e8
4.3957755666341996e8, 5.0609498304404587e8
3.6801803457841176e8, 4.1617407483373964e8
1.736943211591902e8, 2.401469989961498e8
1.6321430554023403e8, 4.2043125666073954e8
3.361987863238186e8, 4.8899405811696196e8
1.279793559833131e8, 2.0582239905496278e8
1.0766682972253525e8, 1.7075850496029422e8
1.9314699656533176e8, 5.3334708612669605e8
1.7906761136228716e8, 2.345153040186573e8
1.6105253090507674e8, 2.2479454233492625e8
1.1870012019789547e8, 2.018326946680191e8
3.016459184590124e8, 4.196393429158983e8
1.7593259926633403e8, 2.5983550315871572e8
1.868756166537497e8, 3.00958036377727e8
3.03974659576523e8, 4.869893605589494e8
2.7683502016291344e8, 4.3516824987126756e8
2.0548529337084034e8, 2.7020464594363105e8
9.005058821317616e7, 1.3836511401913238e8
3.8232486355875313e8, 4.461717465460675e8
1.9096746413086292e8, 2.799942924790039e8
1.298805886028573e8, 2.3199657452524236e8
1.5114475219170973e8, 2.0803762937938628e8
1.383441744586108e8, 1.957090013737099e8
2.4746952096839222e8, 3.074567011627521e8
7.991886642234601e7, 1.3777968388195968e8
3.267571841758586e8, 4.1953308789904565e8
1.2717104203428686e8, 3.0558162836828965e8
1.1541344840324141e8, 2.2832706794925386e8
1.6406059189169788e8, 2.511790698174966e8
2.6937780815119463e8, 3.312015968272808e8
4.326355720537448e8, 5.1722032885778254e8
4.8323754837885666e8, 5.473494010190747e8
3.019593031567016e8, 3.951609684209158e8
1.3185104361682904e8, 2.999095903780037e8
3.6409407213676876e8, 5.075012329129651e8
1.0265708405958472e8, 2.132793535128668e8
1.3234211902729753e8, 2.092102914621081e8
1.7444310454989177e8, 2.5819926141529533e8
1.0651334713785169e8, 1.9876658389538857e8
1.1376264000325817e8, 2.128912746761057e8
1.2835757632470831e8, 1.9793002185150775e8
1.457764698146377e8, 2.0093287689761955e8
1.6443761339513025e8, 2.655578746333717e8
1.3992721608545765e8, 2.1070191925714326e8
1.4669987198176908e8, 5.124670225979771e8
3.651827020148145e8, 5.085117080973433e8
1.3956026213325122e8, 2.343168776789946e8
1.367098905743271e8, 2.6681562076058874e8
1.315791196153282e8, 2.4175743191581783e8
1.0673849040965578e8, 1.7566698876286316e8
1.6455501171136346e8, 3.1925696951524967e8
1.4678151326269737e8, 2.1114941550936988e8
6.882364392490349e8, 7.700598509461902e8
1.6829131294550523e8, 4.255437036262911e8
1.2992156288671088e8, 1.8924561438779375e8
1.854618395633559e8, 4.377621041808433e8
1.7325856206380078e8, 2.344024227870417e8
1.168246500135822e8, 2.1078275900426543e8
1.6182427964425242e8, 2.1634111856130818e8
1.370945512207488e8, 1.9885902648615053e8
2.4287742164510217e8, 3.065156124176883e8
1.1200681257182676e8, 1.932755834307496e8
1.826002260391556e8, 2.8944213530655265e8
1.3613684870093855e8, 2.503245646336302e8
2.836242880557197e8, 3.3650895272791237e8
2.8162379617453176e8, 3.9690130816516083e8
1.9004557913550836e8, 2.4634153761162645e8
1.3327255808107819e8, 2.639354800277591e8
2.4107917800161222e8, 3.047233936176372e8
4.436597367364497e8, 5.524659360568131e8
1.646486769776318e8, 2.237125768855785e8
1.5293707235071024e8, 2.248196106713058e8
1.965492351891157e8, 4.3638554160711694e8
2.5753409310732508e8, 6.670367874132707e8
1.2507448031460127e8, 1.771955327738049e8
3.224243401360406e8, 6.82379352540409e8
2.624669193557567e8, 4.2847797316842765e8
1.2606815919352314e8, 2.0221676629590696e8
2.013968813870431e8, 2.5557913996448243e8
2.1558645317088237e8, 2.9801804975213426e8
3.375242057349889e8, 6.765797855749292e8
1.8484352298462278e8, 2.3609548379448304e8
1.597758139767957e8, 2.5790755578836793e8
1.6215154757719055e8, 4.301721105520325e8
1.0377713929450083e8, 1.758459147168327e8
2.5190348896913433e8, 3.247125289796541e8
1.1521345360090986e8, 2.2729574473159713e8
1.352122277817822e8, 1.837384297284005e8
1.2579820426365347e8, 1.9729455054478627e8
1.986251873449619e8, 3.728859856336237e8
1.740792650497095e8, 3.2652206863808084e8
1.178637142843761e8, 1.966587099070101e8
4.525403429048633e8, 5.015084615850023e8
2.3524492659267613e8, 3.520884153392407e8
1.7952878582291013e8, 2.5388407884282568e8
1.4552794599740824e8, 4.067633152465171e8
9.94965022627171e7, 1.7339183199298695e8
1.4444364537924358e8, 2.144043246448686e8
1.0261723380712482e8, 1.6940096065947503e8
1.4830238324384716e8, 2.790136142345487e8
1.5451962111931267e8, 2.6301710410282233e8
1.2260217978394724e8, 1.986662307788362e8
3.1506737533946574e8, 6.245864702070916e8
1.1881070487724702e8, 1.5686862829665905e8
1.1723861784085593e8, 1.7473618165515834e8
2.0035621015328434e8, 2.8701997193999934e8
1.384950434757279e8, 2.9808032761770916e8
1.4863072589795858e8, 3.229729285184412e8
1.643653546554141e8, 2.903628172434404e8
1.2986635652859071e8, 2.5183516892061985e8
2.4422233136813277e8, 3.3995247103062975e8
3.6235464781619364e8, 4.672273837662442e8
1.1493867594075727e8, 2.2255741670545703e8
8.971910026333089e7, 1.2640619264744346e8
2.050784951911327e8, 2.9880568931118596e8
2.007450513452172e8, 2.5008288773489138e8
1.0143631326686007e8, 1.5352088240478525e8
3.653473600317944e8, 8.242443116941296e8
1.4771552918467435e8, 2.4788584564575264e8
3.801282301268895e8, 4.7388475919199324e8
2.617256321061698e8, 5.780640052667673e8
2.5201004106645077e8, 4.018029259737988e8
1.5601022627716723e8, 2.4308578701608607e8
2.0927879496154737e8, 4.774820419801084e8
1.614208206061658e8, 1.930863106735483e8
2.4665919285751417e8, 2.819075660670063e8
1.7696568637755477e8, 2.8364893332602173e8
1.8178872427647418e8, 3.0269914904731166e8
2.2181306105789044e8, 2.862503544877953e8
1.931036100392512e8, 2.5057243697836286e8
5.733178417041267e8, 6.923165347163242e8
1.9072881728128275e8, 2.7564408338913167e8
2.5810281861566794e8, 3.3074788920668393e8
2.0594814030950123e8, 2.7018934349936e8
3.1432762300301105e8, 3.737926198329414e8
7.892167346806365e8, 8.726169107518868e8
1.5405485130854297e8, 2.236624200334571e8
2.7575693289859796e8, 3.4462708577395403e8
1.5941168390672424e8, 1.9709372795778364e8
1.2537013194739598e8, 1.8628818251857916e8
1.812744653780975e8, 4.4874957984513676e8
1.9117997752587298e8, 2.2994717408776426e8
1.1723245480221806e8, 1.871790847602914e8
1.78564244280287e8, 2.7582905387005794e8
1.574904664694028e8, 2.355218080168262e8
2.6544733935534048e8, 3.868442936541584e8
1.654584014043264e8, 2.62000107264279e8
9.701916157594047e7, 1.482060884668033e8
1.6556517121395192e8, 2.687819995692028e8
3.2775961477779394e8, 5.2961935861338514e8
1.363690360716117e8, 2.4472745337723693e8
1.4841719060193944e8, 3.0878865977937376e8
1.374381108286268e8, 2.288877964661868e8
1.0924257977629988e8, 2.0524666594119927e8
1.672167912901042e8, 2.5592637645911002e8
2.3543303777914953e8, 3.538472272496966e8
3.199843285438029e8, 6.367493051904482e8
5.62263691514367e8, 7.581782745892508e8
4.0397944262325585e8, 5.210801951024544e8
1.5853113148445457e8, 2.8573817199195594e8
1.3454893072438848e8, 2.758781726923997e8
2.1093210490614167e8, 2.869023668464445e8
2.6835159240634537e8, 3.740540352252824e8
2.5856096985124427e8, 3.2313120019288903e8
2.1133953735810792e8, 3.061219413851976e8
1.2321580672515722e8, 2.1726911231702334e8
9.55684599281289e7, 1.814260009451254e8
1.8758185913876584e8, 2.596632636556091e8
3.0874995201478255e8, 4.581982167902739e8
1.453051421517208e8, 1.8626323875381505e8
1.9778256607207167e8, 2.84847238327226e8
3.8326598450899494e8, 4.6590317306636906e8
1.52890864004657e8, 2.1896026717295563e8
1.1594431316736999e8, 3.5796451406261027e8
1.17646168003226e8, 2.198584733681662e8
1.4824531172983527e8, 2.3748453185512483e8
1.3413763958681613e8, 2.4327691405443093e8
1.2318257372329196e8, 1.9028629154587865e8
1.488465655985435e8, 2.5780193459503466e8
2.832074617399496e8, 4.021808135648471e8
2.0452506623999628e8, 2.4564643731058937e8
1.7009383900749624e8, 2.0333618807071108e8
1.4343587512003118e8, 1.8182423101638666e8
1.6267076273436558e8, 2.641534637620655e8
1.7296785925783998e8, 2.2012386508135757e8
2.1486041701693782e8, 3.6142893043642855e8
1.5796771270601222e8, 2.149472619511875e8
1.7203620393386915e8, 2.2744199090273878e8
1.2741533632408659e8, 1.9180028034008667e8
1.425195521771776e8, 2.736009553719659e8
3.344133849221471e8, 4.101343411098398e8
2.4704493756442577e8, 4.059795805738652e8
3.1333301301085055e8, 3.890055093916745e8
1.652000121892567e8, 2.3721592308313465e8
1.8151044880111012e8, 2.906249523283081e8
1.687821909751131e8, 2.6951767460712445e8
1.4428349730825332e8, 2.2569248353063717e8
2.726008925231682e8, 4.4486911497080135e8
2.742481266646557e8, 5.1089215934368986e8
2.2494053015221384e8, 3.3215833104157215e8
9.472689263839918e7, 1.4841093222724864e8
1.272269931973332e8, 1.8938177005844152e8
2.047726505982837e8, 3.4047787226088357e8
1.8736280919144154e8, 2.689131268475718e8
1.4873665120825508e8, 2.778080333704984e8
1.8326788692278957e8, 3.1457473677652645e8
7.062618734763225e8, 7.398359086624023e8
1.110182572071978e8, 1.745562734415363e8
9.193461802888587e8, 9.685950897618579e8
3.902856914578498e8, 4.815899717886771e8
1.2118139206015554e8, 2.2052972895045555e8
1.3907809623633048e8, 3.34346664599274e8
2.5527219038311917e8, 3.275424134377727e8
2.4517986154627457e8, 2.914192238750813e8
3.830001676748264e8, 4.510673517252249e8
1.27107989811108e8, 2.1716239433638376e8
1.5443744125101528e8, 2.2365073896398813e8
1.249428655516459e8, 3.490057920249653e8
1.751736867280985e8, 2.960277269756934e8
2.7472761115125996e8, 4.230625104925177e8
1.2971166199058564e8, 2.0342150613345772e8
1.6297605136914346e8, 2.1826946790564466e8
1.7046917701480642e8, 2.779994993780774e8
1.1019273002343386e8, 1.6812904208493438e8
4.4054836586029905e8, 6.498466091875803e8
1.1368615128684814e8, 1.5474288603441676e8
2.537181777491494e8, 3.2727374321017116e8
1.36529323153617e8, 2.728839321001025e8
9.187097520006844e7, 1.7955346095435005e8
1.1526042193175834e8, 1.6069513367313188e8
1.1673127582151206e8, 1.7635738217496797e8
3.411563563037649e8, 4.735073322216146e8
1.1409456524837743e8, 2.029041390432835e8
1.2052628957331406e8, 1.7983907898707908e8
1.3287365466018963e8, 2.1484225697357303e8
1.3415886924313211e8, 2.4749768113465306e8
1.528523537097219e8, 2.701032527692386e8
3.3967832976563644e8, 4.1016982519856757e8
1.6093720965045574e8, 3.0238961863539606e8
3.4297770782900906e8, 4.030655589322311e8
9.224820069836658e7, 1.656937251915599e8
1.4343767723609528e8, 2.3933342674009976e8
1.2197470319337054e8, 2.4217234021471745e8
1.891220416671971e8, 3.359912285666022e8
1.2622853907854976e8, 1.6866309328196165e8
1.3049994699628921e8, 1.833068539294692e8
3.364837480415741e8, 4.31158201680506e8
1.5059021444322863e8, 3.382222634742386e8
1.333958843683537e8, 1.981091446248613e8
3.585499291820306e8, 5.605855854897534e8
1.637413931282658e8, 2.2783809987121546e8
1.2003714269350317e8, 1.7341875270384365e8
1.751704945019133e8, 5.789459813014665e8
1.051765630766256e8, 1.829829971665521e8
6.951917159880561e8, 8.800999546930391e8
1.5001461064043254e8, 2.866975232167646e8
1.40478771645126e8, 2.130140668574521e8
1.343479960100283e8, 3.316549602693152e8
1.9178266584894437e8, 2.3924106669456187e8
1.2751568968367678e8, 2.0762237536156815e8
1.9911413774198323e8, 4.299136319734818e8
3.246898472357705e8, 4.5544994135663694e8
3.888567971392453e8, 4.6028033384815323e8
5.218533321422662e8, 6.044304391707083e8
1.2226011760272253e8, 1.7919518965641204e8
1.3714628797444555e8, 3.1697396954768354e8
1.298445444764608e8, 1.853263751999873e8
1.6667604263750717e8, 2.3526157417597005e8
2.72252732853763e8, 3.5298468285408884e8
1.2121518867945156e8, 2.3397295692776096e8
4.9066720497956425e8, 5.54216561864705e8
1.5267320526109627e8, 2.3316951114187273e8
1.1169225964727363e8, 1.6225342083375818e8
1.4591047016489485e8, 2.3887860210644445e8
6.428117345050962e8, 6.939161379467261e8
1.1169790176019673e8, 2.1491916831279418e8
1.455738787166727e8, 1.8388032808097368e8
1.6360776609316343e8, 3.033448004015993e8
2.1696236167455333e8, 3.1666931481200856e8
4.544605631731441e8, 5.744128786229745e8
4.738989023496982e8, 5.930968104047625e8
1.3933431683513156e8, 2.2089800776435724e8
1.8425746814252704e8, 3.169826520160703e8
2.8673510738355935e8, 3.8607673153904605e8
2.265222549520177e8, 2.8320327329463166e8
1.5145554923414338e8, 3.2013180538004535e8
1.2587976016814618e8, 2.0509029572390774e8
5.564979472808399e8, 6.114858042793475e8
3.8871117219928116e8, 4.345548886188927e8
1.3412939537788525e8, 1.9103570346402395e8
1.3895287880670133e8, 1.862191864655805e8
1.6192015151182407e8, 2.2993941504544678e8
2.0324947160244185e8, 2.6212254181196716e8
1.8501702895976597e8, 2.6640158367728955e8
1.876780559681366e8, 4.5642862491307664e8
1.395396228632083e8, 2.033392425120636e8
9.920659613318172e7, 3.011585531248909e8
1.4700509295061007e8, 2.123622209812293e8
1.3796627867140162e8, 2.0649816652336943e8
1.2954091276911926e8, 1.85425745029451e8
1.2602539209995152e8, 2.0228585749934646e8
1.0104403611768381e8, 3.550532143554559e8
1.8559050467639127e8, 2.757357870606637e8
1.2743318387694314e8, 2.3395040738420382e8
1.480383689439022e8, 2.1651915944223738e8
1.916571517094507e8, 4.5317152133418506e8
1.893137068393175e8, 3.0750713681576174e8
2.707018990756731e8, 5.802423588356937e8
4.838819609836631e8, 5.2318455647733974e8
2.2850578594771636e8, 2.7214934393095595e8
1.906362411619876e8, 2.491307719334087e8
1.544856131059433e8, 2.426298486993006e8
1.82915829065502e8, 3.9352543743472606e8
2.2609597403955743e8, 3.406669258632065e8
2.1493635901452756e8, 2.4772270635407785e8
3.008698876410468e8, 3.691102824568007e8
3.831469848296191e8, 5.211295307260215e8
4.3938632295314866e8, 4.8676113356027997e8
1.850620639143106e8, 2.4499439195530125e8
1.2581172241419892e8, 2.006640148156558e8
1.520343041057255e8, 3.729248918058284e8
5.1029718007758856e8, 6.900871506460758e8
1.9872570990616354e8, 2.6457717375069323e8
1.4499408712621805e8, 2.584372394766406e8
2.065613508204633e8, 3.04699386822635e8
5.0969525424255794e8, 9.642013529560299e8
1.8558599557702544e8, 3.3177189677607524e8
2.882979694216559e8, 3.8820352650299114e8
2.3058613957479778e8, 2.6984396620248824e8
1.4666588791468474e8, 2.121380814392532e8
1.7932635766262338e8, 2.5061663656482288e8
1.4833672837366086e8, 2.0025630759027234e8
1.618517165828791e8, 2.3081563058244056e8
2.6685597492790362e8, 4.649766330276319e8
1.5794103129086882e8, 2.289312385433023e8
1.076517203255746e8, 1.747781731316386e8
1.4354758334783608e8, 2.2879996618502983e8
1.6029826253752607e8, 4.701061997354969e8
1.562709540309363e8, 2.0831474997558025e8
8.398648360191427e7, 1.1676270374155807e8
1.431956602261927e8, 3.1776010780176e8
2.7533651568638027e8, 3.8467531022032034e8
1.8623051651266417e8, 2.348105648509528e8
9.712195847628862e7, 1.420103249488763e8
1.1950850236590554e8, 1.8909881123136342e8
2.321697945623428e8, 3.473386367350849e8
4.5700008568329406e8, 5.2879114511898726e8
1.2888392514232267e8, 1.8545652422215977e8
1.4586404845659068e8, 2.1875958569141623e8
1.1133379902761453e8, 1.7590560554224575e8
1.7698930933154306e8, 2.553948906435913e8
1.610301572561779e8, 2.6970696020750755e8
1.0355697404949696e8, 2.4483001332477164e8
3.144315340664068e8, 4.477247442479513e8
3.1959649770538616e8, 4.0461223284594697e8
1.6138951222586343e8, 2.3670085754026744e8
4.9296900529938364e8, 5.597554666429623e8
2.0121521417879137e8, 3.019933973394334e8
1.7497100528618777e8, 2.2798335057203433e8
1.7649449579242182e8, 2.0937469728057736e8
2.2579396318562126e8, 3.3214924082603574e8
1.7726575504743606e8, 2.222227240699641e8
1.6516592923714247e8, 2.2238442736875e8
1.9785679839529195e8, 3.3351834596484727e8
3.611238258713838e8, 4.093546301591895e8
1.7363277080858186e8, 2.2904382862050512e8
2.4631212578916973e8, 5.1853358316446424e8
1.47749333106323e8, 2.410591038497861e8
1.1188792520182556e8, 2.1220516360425854e8
1.400230919773312e8, 3.455104128289162e8
1.1539292875195436e8, 1.770671717703053e8
1.683331419862338e8, 2.472360370123141e8
3.958411012907174e8, 4.50823800069245e8
1.560172832659365e8, 2.751536588401646e8
1.0635348998069136e8, 2.7151366155712456e8
1.8404081437075353e8, 4.401667446430705e8
1.1510360937353572e8, 1.654906582339215e8
4.572305874022444e8, 5.2549996461155176e8
2.5050487421163228e8, 4.571883579694075e8
1.3421250386019987e8, 2.2235798153617394e8
1.2049133301445697e8, 1.9869956653267482e8
1.8910963235423753e8, 2.435184772317214e8
2.0134677606860933e8, 3.177661678614706e8
1.6914470545861843e8, 3.2681122858085483e8
1.4711563013286522e8, 2.2311713488547277e8
1.9077341437826437e8, 3.6330476281034297e8
1.8150653911865786e8, 3.1856483979590386e8
1.4664767092917424e8, 2.631925487245231e8
2.2566510649768078e8, 2.686887511222535e8
2.671889136896015e8, 3.242476464488787e8
1.362782057150429e8, 1.9890172654200053e8
6.03216541861667e8, 8.073876790787514e8
2.1522615643624133e8, 3.842988514538974e8
1.8704994437319595e8, 2.508569710764425e8
1.4367925946786514e8, 1.7705002025248966e8
1.561855225568803e8, 2.731509667327454e8
1.5751546936475867e8, 2.172223258997811e8
3.142912861122839e8, 5.672102330340139e8
1.6926193376343185e8, 2.1750493650644267e8
1.879216388691985e8, 2.7561278019116443e8
1.4157137826690832e8, 2.5852419105595946e8
3.754610029838749e8, 5.919139297143742e8
1.8720194899489725e8, 3.7862136458480275e8
1.6471819171341076e8, 2.3123457955243123e8
3.1883614460940325e8, 6.035603863739977e8
1.412173242257327e8, 3.4454254475498e8
1.0740749966060646e8, 1.3832713440202013e8
1.488102176393153e8, 1.956998511667543e8
1.4957067071074763e8, 2.4842660948556888e8
2.0194679163216177e8, 2.5014374539309856e8
1.1424611522291118e8, 1.5718149633189464e8
1.4820531488563663e8, 2.6522325256031662e8
1.708277413844345e8, 2.2135097741465044e8
1.587401186999069e8, 3.139009103592371e8
1.6355423506112415e8, 2.8277633383015156e8
1.784602771154211e8, 3.7868238301214135e8
3.921686995455084e8, 4.51016115641608e8
4.927901799945337e8, 5.34221898884267e8
1.433513970159887e8, 2.4131479859870726e8
4.0886887540459955e8, 4.752395893042908e8
2.4755477853819108e8, 3.0421177329305094e8
1.1229607200817865e8, 1.5179758407220832e8
9.64201218355863e7, 1.9432551444875664e8
1.5287725230728933e8, 2.4915179197875774e8
2.5668378336250943e8, 4.0352693976251745e8
1.3942895439925388e8, 2.4766075955351564e8
1.2118677260677746e8, 3.420564631542479e8
2.6570294784998307e8, 6.839954679567422e8
1.6183319038889092e8, 2.419382287707161e8
1.4166659413752303e8, 2.3425806324598804e8
2.6810977607238206e8, 5.171375734701928e8
1.259749852162132e8, 1.7659480373440066e8
1.272818983236068e8, 1.7042895143281996e8
1.3401723592695454e8, 2.1834715982968742e8
3.947537745375134e8, 4.4490921988287413e8
3.063878831047476e8, 4.3759745098662174e8
1.2758152409445769e8, 2.1549297232950336e8
1.757376872762536e8, 2.1269730694413194e8
1.7603280105317488e8, 2.974070861293253e8
1.7228418448615146e8, 4.651753794107411e8
2.2301379674007538e8, 2.989233605638912e8
1.4062198127962515e8, 2.0865260194850728e8
2.894824836225001e8, 4.550518573085032e8
1.9891703029227751e8, 2.8519078888121533e8
3.241486949215574e8, 3.7576491630812126e8
1.9544859384806347e8, 2.9626693007427436e8
1.3394442985572793e8, 2.114684231991891e8
3.4953975605099726e8, 3.9993429336083305e8
8.211342520821585e7, 1.1580575072409897e8
1.4213263522804552e8, 2.0159560153246102e8
1.2045218020727018e8, 2.3256163852339128e8
1.8371139872545445e8, 2.2238981096913627e8
1.582824691076321e8, 2.855049637772907e8
2.0775785838532075e8, 2.9001265324277073e8
2.4797285332648575e8, 3.2702359431347245e8
1.6219534784636864e8, 2.7231845788895655e8
1.5185926280536833e8, 2.717262675200476e8
1.837397662002657e8, 7.361832867418647e8
1.0881967574937788e8, 1.7073771868554473e8
1.357392947669907e8, 1.7846448548406458e8
2.3898701418192413e8, 2.77830146734832e8
1.2371957699567237e8, 1.801794927610097e8
2.391347823743634e8, 3.093001439826901e8
2.4076407736901242e8, 3.042981700053401e8
4.9543949562004465e8, 6.325028290521427e8
1.1863092398959652e8, 1.69231415293606e8
1.631512487394025e8, 2.4664665882150212e8
9.027591278784887e7, 1.6574156671365103e8
8.05424962397913e7, 1.2878330019962485e8
1.0512188827187185e8, 1.5796329968504265e8
2.0450185491285923e8, 2.7467876272516674e8
9.072630576261479e7, 1.3125828868907206e8
1.1204994531394196e8, 1.9932280210751733e8
1.1432233376986286e8, 2.0986178162604353e8
3.3636648716932213e8, 5.293570629488335e8
1.4292114885480192e8, 2.5874715628243482e8
1.0944023591097575e8, 2.5258913787432912e8
1.505695728719196e8, 3.0710055938207054e8
2.0064603354230148e8, 3.126955824392616e8
3.914921683140329e8, 4.8388684682025695e8
4.07573447974797e8, 4.838466009470108e8
1.490285827919561e8, 2.5089576179093096e8
1.1346732288762839e8, 1.775563172856231e8
2.4236139497393095e8, 3.603391057548073e8
1.8697827105578542e8, 2.8727917437776375e8
1.6073370424735114e8, 2.1441684144515288e8
2.4228584553396618e8, 3.308479929545552e8
1.1562322857609478e8, 2.1938433088757077e8
8.045540116662414e7, 1.3701428047810444e8
1.6850132996744803e8, 2.509481159464044e8
2.2096129874551246e8, 3.5228734537966955e8
1.039282627999116e8, 2.561311852766725e8
1.7349361808110112e8, 3.811828145842621e8
1.7006923323996356e8, 2.5501733333216983e8
4.0151186736673814e8, 4.860346220300207e8
9.797382021328399e7, 1.6190964086672333e8
1.0061205008643015e8, 2.0104247490577054e8
2.5674408977461463e8, 3.582376259032746e8
2.627897738791956e8, 3.051288598166518e8
1.4347650473392525e8, 2.404212576587551e8
1.322322916009731e8, 1.9796379293463323e8
3.208512589073218e8, 3.7694207250834423e8
1.7542679210533926e8, 2.540972116875258e8
1.7965535150116056e8, 2.840963244591487e8
1.1284217554524434e8, 1.8354751257797116e8
9.565613482209939e7, 1.8299066395395902e8
9.838442661378922e7, 1.4790493402821088e8
1.3047325319032691e8, 2.2497868252258855e8
1.7057849890307903e8, 2.3710457223693532e8
2.2386251883909747e8, 3.01250744082985e8
1.5370052211014047e8, 3.3939256557721066e8
1.9910638489238787e8, 2.7142922495903873e8
1.561331713174247e8, 2.358768736433072e8
2.4861101864078936e8, 3.6035802435789853e8
9.66866391157094e7, 1.7333533548722953e8
1.6181852715213776e8, 2.510584762921691e8
7.466195189716525e8, 8.595804433639884e8
1.4037690475693852e8, 2.52655981624525e8
9.68241988992434e7, 1.426696661422026e8
1.1716160069730937e8, 1.8941494499364612e8
1.5457830852380645e8, 2.5605276023316303e8
1.4595093992988545e8, 4.1038570083555424e8
1.3291073701757227e8, 3.109709229567146e8
1.2451518295434955e8, 1.8691865965754053e8
1.0599528196310614e8, 1.4645403273336285e8
1.9565046826231366e8, 2.4907778618346202e8
1.4407150452900666e8, 2.1526829101650155e8
1.0555363452605262e8, 1.6300170558744475e8
1.8341271632531247e8, 3.563186990244328e8
1.3417466501074338e8, 2.0055586873226398e8
3.616704103720933e8, 1.0546874810008007e9
1.2640605421325043e8, 1.9799988058856475e8
1.4857583121304008e8, 2.3234022507469568e8
1.14321206334065e8, 2.1899608011486262e8
4.1634903575824875e8, 5.779826380365897e8
1.4663864006385148e8, 1.995241329879989e8
1.0350936628814565e8, 1.8740640578984246e8
1.6098711367760563e8, 2.4402449947651434e8
1.5899309099308303e8, 3.087524313373608e8
1.3081798837106866e8, 2.806502914944317e8
1.5493137033284202e8, 2.0686695501196516e8
1.375880362099973e8, 1.9711936636823213e8
5.021764202191735e8, 6.17308285477099e8
1.842806927141754e8, 2.7313161368143094e8
1.940848580047085e8, 3.373882983112953e8
1.5568591332842734e8, 2.005383893339146e8
1.6968028645318216e8, 6.838385150680934e8
1.5141105972848472e8, 2.3052219500223458e8
1.5856558493937647e8, 2.1900734050959733e8
1.808919643952931e8, 2.5242751410456783e8
1.50336188594871e8, 2.4837524656063595e8
1.3522608735015932e8, 3.188753623164044e8
7.190938071912787e8, 1.081036907910355e9
1.051834372649633e8, 1.6757580081599626e8
1.2968350001913543e8, 2.6076603806727856e8
2.0055790690014315e8, 5.263539520256624e8
1.987914346298846e8, 2.6255334674419317e8
1.6283017901340058e8, 2.65776631969151e8
1.8492210261152527e8, 3.6546108267340094e8
1.5264566024015614e8, 2.3124836503410733e8
1.2048876236996539e8, 2.6631018921096873e8
1.6333285010572743e8, 2.94734729615964e8
2.0333681090193877e8, 2.499217704458578e8
1.9341025153140754e8, 4.336842446118152e8
4.060610310854097e8, 4.6021856920807683e8
1.365138027861788e8, 2.2160517874741042e8
2.6644001953141716e8, 4.187323065085988e8
1.4281558875910664e8, 2.6053844052495548e8
2.0046452519837356e8, 3.1646386461732703e8
3.291620541009662e8, 6.995226611541154e8
1.3764350926597175e8, 1.9815801156542844e8
1.9416372056984147e8, 2.92358566723092e8
1.8290956674689567e8, 2.5468437931812507e8
1.2621821343829781e8, 2.425391973065928e8
1.2306748731798615e8, 2.4569784447444046e8
3.528921587829351e8, 5.0317217887666833e8
6.461077453029073e8, 7.118419882381542e8
1.5328270844772705e8, 2.5295965803268954e8
1.7553027270194304e8, 2.3740292910930791e8
2.334885471497187e8, 3.1810399924154645e8
6.242074222102076e8, 9.526773624419092e8
3.051934122459733e8, 3.952219346952928e8
1.705569572915228e8, 2.5459739801829365e8
2.5050952291652194e8, 3.2096072211532456e8
2.4373663638106045e8, 2.978966311239368e8
2.188832290154324e8, 2.7248830424083894e8
1.2442171345336144e8, 2.5971930868170694e8
1.1556328028695944e8, 1.6449069137487411e8
1.1331528152085194e8, 1.7517252617726138e8
1.2121022001457548e8, 1.637004251098374e8
1.1743219051396032e8, 1.6732399985342017e8
1.462262087045323e8, 1.978344394701346e8
1.4657599151107496e8, 2.283063465158223e8
1.597238581561869e8, 2.6816860790725386e8
1.2249386293029802e8, 1.89910577051166e8
3.770210101103022e8, 4.405530178655775e8
1.0405035100746118e8, 1.9595737568180734e8
1.3842450145522708e8, 2.2167052273514906e8
1.9223316168388772e8, 2.5388577419808006e8
3.168481340713208e8, 3.761184103026997e8
2.957262291237245e8, 4.414460104748471e8
2.0077314429076588e8, 2.711031651210588e8
1.2585601413176994e8, 1.8744890920801464e8
1.0818867203400737e8, 1.7886505030269638e8
1.3778456569718486e8, 2.178304105396332e8
1.480328373795509e8, 2.1510406989517307e8
1.1375792432980764e8, 1.6871608847339085e8
1.5469516757146433e8, 2.4524650336211342e8
1.1419973302047496e8, 1.6366864834771448e8
2.6802122796135566e8, 3.823244364395207e8
1.1445382653390361e8, 1.7126947561004868e8
1.4983923354642233e8, 2.045924596310481e8
1.5243297000953448e8, 3.36560994964734e8
1.0420558645716913e8, 2.2036313944430688e8
1.2259727773914196e8, 1.5735800531875634e8
4.7871382961953676e8, 8.990408224722188e8
4.0280299310636383e8, 5.0544948365660924e8
1.986356820235224e8, 2.994836084225159e8
1.3783979118529722e8, 2.3037617650855625e8
1.4630056046599826e8, 2.0605461971675584e8
2.1733226237678468e8, 3.7881942357168347e8
2.4110404518879113e8, 3.9191369150459933e8
2.95475703754332e8, 3.669182544985099e8
1.378238154505337e8, 1.881822256552548e8
2.6571987850026888e8, 4.1818560642687726e8
3.585177603247272e8, 4.414447906264682e8
5.1053590052809983e8, 6.121756914331267e8
1.2423230207095192e8, 3.874256181429485e8
2.4971219730740532e8, 4.448153725613431e8
1.2756991158719853e8, 2.981758106161071e8
1.9774931962616232e8, 3.3130219151210153e8
9.740734319510968e7, 2.2341940269657737e8
1.4641679377614582e8, 2.8667279872368586e8
2.3032316316014367e8, 2.708555474959268e8
2.90590283146711e8, 3.9202053028282475e8
8.907301499067175e7, 1.8180343663998872e8
1.845706184497075e8, 2.80925876496947e8
1.313452495463732e8, 2.5254967769902542e8
2.2618363829878283e8, 3.400821267841672e8
1.5377273876873127e8, 2.041794418053131e8
8.75966672356781e7, 1.671336437786436e8
1.986655747189461e8, 2.2532866820277748e8
1.4910273483536634e8, 3.009832203019392e8
1.92975336856269e8, 3.101614876364266e8
1.4700674642868835e8, 2.2658667898710915e8
1.2879370789417063e8, 2.2391369678038463e8
2.7350863271328586e8, 3.542783604015136e8
2.215266944330086e8, 2.732436477629254e8
1.2192460617698435e8, 2.670154555436795e8
2.3252299825975332e8, 4.1432106699761707e8
1.1027276746062097e8, 1.583566853248635e8
6.736887983500042e8, 7.768981319140362e8
1.3221956186627655e8, 2.2330095670381677e8
1.3718061809288883e8, 2.235458454393598e8
1.5188952819698006e8, 1.9297361090112108e8
1.3327774058607428e8, 4.488357991519489e8
1.331987267447378e8, 1.8214278162176177e8
1.8539132094350573e8, 2.201395906727582e8
1.613703031844583e8, 2.4899412706404656e8
2.2683655316830292e8, 3.396588874641968e8
1.1688065910691585e8, 1.8157619062110078e8
1.2952862024042846e8, 1.660953676750659e8
2.514021840022986e8, 3.8525593247452253e8
3.521223020409181e8, 4.018797863270392e8
2.3552674757237983e8, 4.803598416362139e8
1.1547140858935787e8, 1.800985667573723e8
1.3844786984636402e8, 2.2234700847899953e8
1.5523305106226417e8, 2.4724489504893303e8
2.835713295867823e8, 3.563163524345626e8
3.8389684906627935e8, 4.5128689464976394e8
1.1655845628540243e8, 1.7312864814572957e8
2.7306596971327025e8, 3.2047028944137114e8
4.255334585055832e8, 5.407167396369869e8
1.6445046020552823e8, 2.2016020682779855e8
2.5130136390831515e8, 4.0636055908101684e8
1.4079954222178814e8, 2.698080941391627e8
1.1601081383713265e8, 1.7100151926699302e8
1.867404742028667e8, 4.3946961191896296e8
1.9674279354957452e8, 2.6120253712576318e8
2.2510916000789103e8, 3.273377933299445e8
4.798961127679296e8, 6.838320095223914e8
1.5631065001030758e8, 2.0916506244491282e8
1.377852900212823e8, 2.5616585745316032e8
2.5829935530298162e8, 3.657726372255333e8
1.2302815257408893e8, 1.7881564839674002e8
1.7490293425425023e8, 3.079410034355125e8
1.3171589483282974e8, 1.8222681546927285e8
9.53286746402124e7, 1.418881501625999e8
1.4348506822655395e8, 2.050944686721383e8
1.525773353958048e8, 2.864595078663507e8
1.8501399980076244e8, 2.323745180473002e8
2.406232826169118e8, 4.866609528081308e8
7.774356901346524e8, 9.679587517922832e8
9.101091454365624e7, 1.4291205968493205e8
9.182932613353111e7, 1.2531290736614901e8
1.1776967382011795e8, 1.5340254354382604e8
4.1766344253455e8, 5.178109728748935e8
1.3638442474052584e8, 3.4497763947794914e8
4.5707182753648853e8, 6.091323970588717e8
2.0444033260273337e8, 3.631928339051091e8
3.172963949583423e8, 5.218581077787662e8
1.2805177362903936e8, 1.687557665576478e8
1.657429379612286e8, 2.6170005985334975e8
1.4783724634182602e8, 2.045663030030385e8
2.0170306028623447e8, 2.779021292857797e8
2.0232125600135335e8, 2.5818912475619286e8
1.5902494921889156e8, 2.3353787417904064e8
1.982779200042377e8, 3.049164704348517e8
2.189769560813506e8, 2.8975219169416684e8
1.5663727266880295e8, 4.196431687232398e8
1.3037160936472921e8, 2.4505204920420697e8
2.341891938161331e8, 3.936400390973264e8
3.4567392437903845e8, 4.16157284485285e8
3.449574846606971e8, 4.0633270474668187e8
1.6485690708579364e8, 2.5377768066331217e8
1.8304081359596276e8, 3.768466303719892e8
2.263155509121823e8, 2.7616634862455523e8
1.0015750200411381e8, 1.7313491947971636e8
1.6958077045020685e8, 2.2356153363331923e8
2.8174471916618145e8, 3.601271594298168e8
3.1829081794491804e8, 4.0255170906155145e8
1.6729745930580157e8, 3.373602830295458e8
4.3680625405218613e8, 5.212990597112339e8
2.734042552771524e8, 3.5260898446487015e8
1.329610649831558e8, 2.3491732231618205e8
1.433243822712398e8, 3.107642328800413e8
2.3910092426856107e8, 2.800880447323214e8
9.317858013651212e7, 1.7806322426467296e8
1.0651727686209475e8, 2.6104828595071217e8
1.391247010071689e8, 2.3725150309604463e8
2.4577106665172425e8, 3.284076484777152e8
1.1976352905584444e8, 1.895967851303997e8
1.387449005893348e8, 2.324133206032249e8
1.3218076085324015e8, 4.4278920900423515e8
2.581438318041788e8, 3.586442677993989e8
4.210814576193199e8, 6.789947308264338e8
1.7469481236945865e8, 3.1803284144491833e8
1.5795564768641403e8, 2.7729121499461037e8
2.3150955953561231e8, 2.826062043847533e8
1.1643040263353997e8, 1.6847710065878972e8
1.659517039849662e8, 2.722414962561814e8
1.2570685090341863e8, 2.2962368355679825e8
1.1131658589428724e8, 1.7742430401181382e8
3.279964816300008e8, 3.848832516867355e8
1.3209676090115061e8, 2.378494663895006e8
1.6351357061480352e8, 2.2378124521132815e8
1.495400943359136e8, 2.259732920811032e8
2.0514751758489928e8, 3.4488507598704004e8
1.1077723786406144e8, 1.5799401424454802e8
1.5967814189964154e8, 3.2163731927572495e8
1.6735211545585766e8, 2.3165852708195364e8
2.258886051786012e8, 2.931849875030476e8
1.3315752348293701e8, 1.81616142026914e8
3.3952066464687365e8, 4.4608217255412644e8
8.860239491271849e7, 1.7451011109303507e8
1.8690291755311e8, 2.4861213302802438e8
1.899465667199537e8, 2.716652313026734e8
1.0793133872038017e8, 2.16305372346159e8
3.5863143808732116e8, 4.3273094286292934e8
1.416785942891566e8, 2.725100779293368e8
1.2464691104751436e8, 1.861704251214844e8
1.4197435143877527e8, 2.0775147223196006e8
5.529521939846122e8, 7.820570375372261e8
2.4911950449953377e8, 3.5314205992868406e8
1.319219444882433e8, 2.1342479302982917e8
1.2089868265895233e8, 1.8267682339704993e8
1.3792865328976676e8, 2.1211241067821515e8
1.5550566408128074e8, 2.2603017288619253e8
1.1395247548432425e8, 1.5732790879164606e8
1.6131327493996635e8, 2.3529229205138713e8
3.3056338283501124e8, 4.301669988340438e8
1.2675766707961138e8, 1.7410587510809433e8
3.8894627825919116e8, 4.4837265511641663e8
1.7221384674007702e8, 2.777220032968537e8
4.4224901885250103e8, 5.48177380641348e8
2.542997251766635e8, 3.2552571360452104e8
1.524327955005788e8, 2.1746680920273873e8
1.722470349622975e8, 2.3464986027611613e8
1.7624268218052164e8, 2.4583657654947436e8
1.3171834593546577e8, 2.68463404221036e8
3.810478139775059e8, 4.728264959073149e8
1.2661828681021906e8, 1.8678653203266084e8
1.0969866150018536e8, 1.6585214057969698e8
3.372003603037623e8, 3.833920314538455e8
1.3925111549874753e8, 1.7830992218216535e8
2.668393740729687e8, 4.010003923789131e8
1.680749985493932e8, 2.6195426628130272e8
1.8124507585121396e8, 2.2459254424380255e8
3.3546582242605597e8, 3.865536569246964e8
1.9977365754619098e8, 3.872477437601901e8
1.6328286621080968e8, 2.2991864431547266e8
1.277265140215695e8, 3.314896600902617e8
1.8299739720151073e8, 2.588745556079942e8
5.078399120574198e8, 6.676438298817092e8
1.339392824918264e8, 2.0814523126199856e8
2.848496659111491e8, 5.2184593270848835e8
9.692849749076925e7, 1.452095080335856e8
1.0559635991369218e8, 1.5222575434509468e8
2.105616441674162e8, 3.9716198566519684e8
2.4062711242172083e8, 2.9944048203456247e8
1.7009563913954338e8, 3.993297402371251e8
1.952084359180108e8, 2.785654197815151e8
1.3592970412503514e8, 2.5688385208377784e8
1.5762365228491876e8, 4.4031306632538104e8
2.5828230803787047e8, 4.8024470002644557e8
3.368248470797516e8, 5.1686129517883605e8
1.5528161553373584e8, 3.8686259297690535e8
2.772112045154394e8, 5.048417921790271e8
1.4142400081927195e8, 1.7739326657493907e8
1.6614737767835075e8, 2.2866911934399337e8
1.5432209100422427e8, 5.6176493316825e8
1.100161556528087e8, 1.6210881122624674e8
1.5726467282691902e8, 2.0995119445950776e8
2.303212455618225e8, 3.308097865770654e8
1.3127769624404506e8, 1.816752391557621e8
3.3284933684679705e8, 4.8561806508404315e8
9.406267152050893e7, 1.5425522285560277e8
2.8613170165429264e8, 6.157370029082516e8
1.5940047209908253e8, 2.6191596266391534e8
1.596201847819423e8, 2.714631111505481e8
2.3207993014239755e8, 3.053935070891856e8
2.4823591920692325e8, 4.1043116504934466e8
1.9341189751806888e8, 3.142346671477931e8
1.7409113898240858e8, 2.8994514828788733e8
2.154509104733408e8, 2.8365354647463906e8
1.543486658404966e8, 2.714457684712804e8
1.0219253849777889e8, 2.2014310997351667e8
1.1116937383030534e8, 1.748478360522743e8
1.6512180043826792e8, 2.511716362353592e8
1.062554310901809e8, 2.5811688793059084e8
3.001063249338481e8, 4.1031732464552164e8
3.2725903355619144e8, 4.480555320920952e8
8.18835047084869e7, 1.4694883124999142e8
1.7483372394543204e8, 2.841437626694818e8
1.6383829942883995e8, 2.6073227481123394e8
2.2868051281194037e8, 3.35397149864102e8
1.249119382391679e8, 2.0333143347006267e8
2.298146276741234e8, 3.0030111446051466e8
1.559534865823753e8, 2.4625260566768056e8
1.567665747987057e8, 2.3128056253515393e8
2.0845284342575458e8, 2.6237624947988418e8
4.2232006543611073e8, 4.9187961255121756e8
3.491876763207552e8, 4.057512304890548e8
2.6006621765603656e8, 3.4465931555012864e8
1.6274850040474638e8, 2.0396388457868433e8
2.1876875475308672e8, 2.522964209252887e8
1.3253341562619866e8, 4.822179474774335e8
1.7333411599407983e8, 3.1327736300378335e8
2.107418551413138e8, 2.898904237550173e8
2.450098135925218e8, 3.616670759214677e8
8.825112754628819e7, 2.0795748293804848e8
2.63669990582796e8, 5.420310822072233e8
1.2305723888642913e8, 1.8877186199492562e8
1.8093908003626478e8, 2.487711204903958e8
1.0892906317581934e8, 1.8338072293286848e8
2.364958975094569e8, 3.818520997590862e8
1.9827870926378602e8, 3.3406647698527914e8
1.0771208503094997e8, 1.7010873345531893e8
1.3376519766571149e8, 2.3746361383272094e8
2.1126975011540025e8, 5.276274146427927e8
1.9167679138649133e8, 5.723682847165731e8
1.2610187819609177e8, 2.1317814857252327e8
1.9521426974482426e8, 2.986394456027748e8
1.3962202918050152e8, 1.912667817954243e8
1.697082994790114e8, 2.287274807027948e8
3.0148849529054016e8, 3.941407161729941e8
2.5061489623545504e8, 3.313853130250177e8
1.8631616255008814e8, 2.881368637673213e8
9.2155063837984e7, 1.8057732815531066e8
2.334017291114317e8, 2.764326363767236e8
1.9958732253789127e8, 2.84718542350783e8
1.4589772423318088e8, 2.2826553108975688e8
1.355469769633745e8, 1.9599200887081668e8
1.3350744259918144e8, 3.223068180532301e8
1.71144428948282e8, 2.323437735635536e8
2.0522703773218098e8, 2.690038682409962e8
1.5079038503915456e8, 2.1999573974235657e8
2.4258677513891768e8, 5.64227741952027e8
1.4625954813778743e8, 2.263180129193606e8
1.2792060318341023e8, 2.0070063118731925e8
1.9309021286931e8, 2.6404976123344257e8
1.3003281724677296e8, 2.0516828498061913e8
1.3383215291805051e8, 2.2222799586928785e8
1.4617261073920128e8, 2.6228894670221996e8
3.3276996216983795e8, 5.48483310050191e8
2.179896370736013e8, 3.1181996907752687e8
1.552649195215941e8, 2.498837633469509e8
1.7482065611167783e8, 2.69995422250359e8
4.629142203431587e8, 5.228878291966126e8
1.6985352511674166e8, 2.431500817592032e8
1.7429758420262432e8, 2.4635991259656408e8
1.400411523779091e8, 2.0254348087212318e8
1.7736718678808367e8, 2.0890592443468124e8
2.053799796734549e8, 4.863123699958812e8
1.7914747575788376e8, 2.3032156990167058e8
1.7052817496886167e8, 3.626783360008981e8
1.3346048164121294e8, 1.8111898055847526e8
1.0845943034369834e8, 1.889379038805808e8
1.6294205825252974e8, 2.110906719605847e8
1.1387322700918716e8, 1.8550858159315342e8
1.7042186537612164e8, 3.2819465843510324e8
1.7290867148761034e8, 3.670075372477731e8
1.4189400583261573e8, 2.0767144921024552e8
4.804573591604108e8, 7.652109642574829e8
1.3398755788045824e8, 2.0285625299166095e8
2.3284474535213047e8, 3.667143067018384e8
2.0962282346333143e8, 2.964126449326944e8
1.879713773387068e8, 3.261704630103763e8
2.9776372079273665e8, 3.9078575265959233e8
3.5750358331823707e8, 6.119343679184813e8
2.567148684515781e8, 4.0450221929864824e8
3.890981181751711e8, 7.195153936981806e8
1.1679121705402657e8, 2.48751269986381e8
2.0012811428986433e8, 4.933715975870943e8
2.8805503559873617e8, 4.0399097486037123e8
3.889159184588853e8, 4.483023460851991e8
1.3410185397782962e8, 2.113743538881852e8
2.2473289662834746e8, 2.686286361415916e8
3.997012809719613e8, 4.8801618914720285e8
1.1383417117374136e8, 2.0050228253167677e8
1.6231309772114715e8, 2.548642612061532e8
3.2586431291904145e8, 4.020615758175695e8
4.4877369567560923e8, 5.0664701072349256e8
1.5497101173691016e8, 3.258520861820389e8
1.3019875414921743e8, 1.6873731539318138e8
1.2761300691958638e8, 1.996479338269699e8
1.2991453319926067e8, 2.9727167836587244e8
1.1686430066587514e8, 2.5411524662026975e8
3.841534251596895e8, 5.018082387766379e8
2.8514643527340347e8, 5.55787513403111e8
1.4119221541660398e8, 2.1034935453517002e8
2.0400489647022033e8, 2.755292947848856e8
1.3230673593747231e8, 1.8100399205019128e8
1.2189235289978854e8, 2.1351240300447512e8
2.906003270329244e8, 4.2431812753456646e8
1.9893509402635667e8, 3.35950583735873e8
1.3571837699524036e8, 3.754220689637836e8
9.487085725292331e7, 1.5705709466602653e8
2.734213218740917e8, 3.4309299338735676e8
2.2449838488220733e8, 3.028773981272699e8
2.5784226244990847e8, 3.369772715899772e8
1.446821485995203e8, 1.9647173507117528e8
1.4588409983236748e8, 2.3592159939337003e8
2.2902110138722104e8, 2.7990328103082556e8
2.9898540441792e8, 4.2694402136202705e8
1.2834251087371537e8, 2.408632476638738e8
2.0484904398228917e8, 2.5700819228763396e8
1.3928745261198932e8, 2.5485968863084948e8
1.5319167031374758e8, 3.0969833983530235e8
1.4059249210510036e8, 2.028575795674653e8
1.2984294042003007e8, 3.679090430014109e8
1.6232708071742383e8, 2.1795208650718543e8
3.140177690847435e8, 3.6662558271250904e8
1.499919829717913e8, 1.9571287654761943e8
1.2963336922794145e8, 1.8210962751765805e8
1.1104824979638019e8, 2.95012960592817e8
1.608941896319504e8, 2.6528203251062432e8
1.5882283763993877e8, 2.2649584224214262e8
2.5609577300795287e8, 3.378475663925876e8
2.420828184811121e8, 3.757533545529931e8
1.2474815295704329e8, 2.3221277429391372e8
2.0368647038306156e8, 3.389588568664007e8
1.133627534620868e8, 1.9944510916340184e8
1.2170176045793374e8, 1.958223063408974e8
1.1101427805667277e8, 1.6604550374996832e8
1.521010191408972e8, 2.145976622987329e8
9.367566781794326e7, 1.9413152919018972e8
1.4035217288012925e8, 2.3389916727243617e8
2.8663741004295814e8, 3.620149882380021e8
3.084307069395921e8, 4.5644275491736364e8
9.277940732793933e7, 1.6502468267620504e8
1.7232348163586032e8, 3.711244523736149e8
1.633445878208965e8, 2.1301535538420776e8
1.916024565338952e8, 3.118975581056342e8
1.081052378143219e8, 2.0142896328641924e8
1.6629823113107452e8, 3.1018482574734235e8
2.3207818288123822e8, 3.178254302543316e8
1.2534046387926123e8, 2.4861844870283255e8
2.854033330188076e8, 3.9923423326113516e8
1.7284011107222396e8, 2.934097376266842e8
1.1738637474007401e8, 1.7306853849321938e8
1.3587986399847123e8, 2.2104561795562074e8
3.4568107080210155e8, 4.2572076278050995e8
9.671748885353975e7, 2.0755566589472473e8
1.8142370981910968e8, 3.016766907643769e8
3.158135645672595e8, 4.3522744701014763e8
1.3098138121748522e8, 2.138274802594706e8
2.952906628321694e8, 3.8832469180391073e8
1.1227899474640617e8, 1.555704832007769e8
1.5003363913590437e8, 2.8152070129694563e8
1.802134247014852e8, 2.1808108618650627e8
2.854273208264383e8, 3.4026824371668357e8
3.7055928971238256e8, 5.998243405880412e8
1.8511534206404462e8, 2.238818716643829e8
1.3563205510589495e8, 2.6082706254823077e8
2.0498557678323802e8, 2.5222835561098525e8
1.3030432327545558e8, 2.1114731755412573e8
2.4930174850101146e8, 3.5458716224313444e8
1.2013945125947157e8, 2.827352210056478e8
1.2473570701800027e8, 1.7031131758501574e8
2.3234873737451935e8, 4.3089591208031785e8
2.3032367754685602e8, 3.180273037298903e8
2.55484180189874e8, 5.572689999032478e8
1.3139071433778106e8, 2.4552517964923993e8
3.114248037456634e8, 3.826282233284803e8
1.9607949566678205e8, 2.6123069536356983e8
1.3793969150551707e8, 2.2599294040161783e8
1.6609730408163053e8, 2.2063873729030037e8
1.1714500548477052e8, 2.7081724571598e8
3.7398723768620586e8, 4.424307396210654e8
1.1843119967236523e8, 3.166627009605908e8
1.2899209043860878e8, 2.2857500560520077e8
1.750660834892607e8, 3.247255942368891e8
3.581925720803364e8, 5.061416225945752e8
2.537452214197524e8, 4.2683760627425283e8
5.972425472081426e8, 6.831734272639494e8
8.937851042000858e7, 2.042401334101899e8
1.4212941039795697e8, 2.1020568668997967e8
2.0417049593554327e8, 2.5415883344619444e8
9.815003074222954e7, 2.0857126893417937e8
1.7960245403817976e8, 5.700143021464437e8
2.1016442612512964e8, 4.342143446629819e8
1.4831980548955157e8, 2.168956295362728e8
1.0939918678082305e8, 2.767146635704812e8
1.822510087279799e8, 2.9958385268090683e8
1.4699367743315855e8, 2.7449159121344924e8
1.4217761759796953e8, 2.771474477970726e8
5.669610008263327e8, 7.598379996281577e8
1.1751514271500313e8, 2.5155934599849677e8
4.990895759449502e8, 5.912867087817591e8
3.849023640931368e8, 4.702785504999604e8
1.2521565343987308e8, 2.1417474989729136e8
1.8533735390575132e8, 2.924019252959295e8
1.0375210558312586e8, 1.9358808376312715e8
2.825264383454493e8, 3.4865694571105117e8
1.524277910373962e8, 2.3117419616495484e8
1.0975621880067378e8, 2.4114250103444007e8
1.5856980991574192e8, 2.0926955768413332e8
1.4175131541019997e8, 2.4842005826094696e8
2.944152102151872e8, 4.857928015467169e8
1.6181752160965997e8, 2.7763839575509065e8
1.2617707275000681e8, 3.168961717415524e8
1.1895788195948777e8, 2.788376040005078e8
2.0231839410354835e8, 3.0812620208666503e8
3.267814910575288e8, 4.1985143587292475e8
1.7701288948412707e8, 2.764844636921273e8
1.466929857370519e8, 2.1151651696603245e8
2.0235947067281052e8, 4.819746026582209e8
1.5658116132192308e8, 2.502472593210793e8
1.1474446501214853e8, 1.8879032081711924e8
1.4856320567190385e8, 2.606815724433833e8
1.1954989542917529e8, 2.5425883474374387e8
2.6570596397888294e8, 3.168395529251698e8
1.3947039624462205e8, 2.629032275282748e8
3.022274948752293e8, 3.657059251149654e8
1.493525296238945e8, 2.06937896605302e8
1.2109809883568293e8, 2.2421514056959698e8
1.4355231193642524e8, 2.475544842957105e8
2.083694700070117e8, 3.489950799966439e8
1.3963285648764512e8, 1.8567351804828244e8
1.461815507475452e8, 1.9832997560132495e8
2.822676881028861e8, 4.0268534365155834e8
1.7547074268048894e8, 2.6500505463782683e8
1.6728454400623813e8, 2.683483677104548e8
1.7762069974659762e8, 2.4871947765567222e8
3.4004121720119387e8, 4.261004910533071e8
1.0176398036188988e8, 2.0188897066706344e8
1.673860828876066e8, 2.4788766117826477e8
1.4637929529716817e8, 2.3877354474566123e8
1.462525070120995e8, 1.8157770694328237e8
1.4600742236281654e8, 1.9268329594650984e8
1.5343313751915696e8, 2.827701881340827e8
3.1792953713093615e8, 3.7249152248841935e8
1.0288824432393229e8, 2.1623215945939893e8
1.0997214204517804e8, 1.521136187303347e8
1.0695109277791701e8, 1.56659140012015e8
8.99020884002998e8, 1.0016951310906782e9
1.8936560266609988e8, 2.4820838402528065e8
1.2685905278466652e8, 1.7929669030768794e8
2.6187297502468646e8, 3.2983746937546813e8
1.3987853689607024e8, 4.944765032818549e8
4.868575334398768e8, 6.780593082688533e8
2.0092054519756863e8, 3.1211034891808945e8
2.8823083655780727e8, 3.863951083728623e8
1.2136696072299875e8, 1.886344530858654e8
1.8348779557525352e8, 3.2661526352361846e8
3.7270339842670006e8, 4.113814329097262e8
2.3880875334704798e8, 3.230078102879647e8
3.2882181680379206e8, 5.0778657075505465e8
2.1758251939495647e8, 5.66024999817386e8
8.276939482824661e7, 1.636884590598658e8
1.9833972110007012e8, 5.0431823568214446e8
5.406172858261354e8, 5.856202569550835e8
9.062742290746032e7, 3.033475269073681e8
1.551902455044056e8, 2.3074218890981105e8
3.143127598873478e8, 7.064057603689888e8
1.941793153008365e8, 2.7385328477646387e8
5.861882337923366e8, 6.475643701430676e8
1.2359339522400284e8, 3.63336873500779e8
2.831741281134672e8, 3.816641025622197e8
2.6043988789918056e8, 3.2091167011195815e8
1.7736190485200557e8, 2.390178736575837e8
1.0924822642858188e8, 1.7299633664284146e8
7.14929196553667e8, 1.145400308949703e9
1.2363764466203544e8, 3.4063132158913827e8
1.3855413990848473e8, 2.7050065522327745e8
1.3089757326163124e8, 2.1528753199781063e8
1.453264401777929e8, 2.4050679338024893e8
1.5211297800402752e8, 2.47719173387516e8
1.3305007209146012e8, 2.0704252019843844e8
3.319108385711542e8, 5.749765060421952e8
2.0071411187573352e8, 3.1301025059512264e8
4.0178616237364894e8, 5.118352288521894e8
1.1439528591884929e8, 1.928295742216862e8
1.4774486222089952e8, 2.5636489732647425e8
2.768219420172674e8, 4.0422101203933555e8
1.4210595403515723e8, 3.601299028790501e8
1.5067665659196293e8, 2.1870601094946256e8
1.3733465826120302e8, 2.0324901437964502e8
1.8445056046738243e8, 2.2365386041047832e8
2.028652464250272e8, 2.891365507852019e8
1.3414061048758754e8, 1.915776217025598e8
1.8840761112998897e8, 2.6300069057345867e8
5.615768463273723e8, 6.256755644473743e8
1.7036574090952507e8, 2.1649256752187914e8
3.1676909555587685e8, 3.5937474665936005e8
1.61343520865287e8, 2.7991131413835126e8
3.1719943865745944e8, 5.3620259512214094e8
1.158646953358421e8, 2.3414060919080958e8
2.8700803411429507e8, 4.978453419007579e8
1.4483871469467857e8, 3.23485077696598e8
2.4694171541102144e8, 9.12222439014529e8
1.4048787340895966e8, 4.4331753076218075e8
3.9507304084867233e8, 4.441723187202975e8
1.884141794785427e8, 2.6801702790759832e8
1.2959908202984595e8, 2.072245220215509e8
1.8899400828489617e8, 2.9023542457358915e8
1.277542923567511e8, 1.8431370618106183e8
1.1443309737961408e8, 2.042374010871361e8
1.1783424422260436e8, 2.0605122462442505e8
1.701164235020039e8, 2.1387358136811578e8
1.560152062437895e8, 2.391659565159668e8
1.2313150627559514e8, 3.19628178677085e8
2.1674823013098377e8, 2.963839814187314e8
1.2471103232414463e8, 1.8206901135482523e8
2.5111512024940372e8, 3.092051530095348e8
2.587092013722026e8, 3.365900624054493e8
1.5932090332784733e8, 1.982111390609135e8
2.419285636811838e8, 3.10632080348566e8
2.217112801192422e8, 3.601653848802229e8
9.784395383349687e7, 1.64343976373296e8
2.2293151069325548e8, 3.9031633244624674e8
2.2007959195105526e8, 2.63259377424422e8
1.2396921252135456e8, 1.876864722847458e8
1.432345351827111e8, 1.77766558882618e8
1.3741187818112123e8, 2.303893423111346e8
1.2084589846701406e8, 2.2753744985856935e8
1.2781909719317442e8, 2.2302327007928768e8
1.6859986428879255e8, 2.846126823230984e8
6.895270185592886e8, 8.903346640665702e8
1.3823941190423566e8, 2.075730880095672e8
1.829210996700812e8, 2.889249573609352e8
1.9642579875186306e8, 2.5164657963138697e8
2.6380010433074427e8, 3.4150037985176367e8
2.8892259938346183e8, 3.494075580931449e8
1.448788461026819e8, 3.269382681418263e8
1.2900112752840346e8, 1.76312446961357e8
7.43551900878468e7, 1.3647080564387208e8
2.6096897513114637e8, 4.9992113968186563e8
4.118014230733784e8, 4.8110942862339216e8
1.5201551236478135e8, 2.0743531789325663e8
4.901159451635407e8, 5.657213175550597e8
2.304349701577022e8, 3.4827553554823446e8
1.96975854725794e8, 2.8630320708894634e8
1.5889742803274935e8, 2.3981971403322133e8
2.0263499059212145e8, 2.8036147850106305e8
3.5137982199150074e8, 4.133053882657789e8
2.1831098957018146e8, 2.771036001940173e8
6.483349203961573e8, 8.743205661450491e8
1.2820157389295022e8, 2.4801030551709908e8
4.766961377239576e8, 5.243871663063648e8
1.4430387970191187e8, 2.453109712144198e8
3.2625780321257067e8, 4.0799175406444454e8
2.6366691840977716e8, 3.360531846093421e8
2.0536037610028878e8, 3.611552649668147e8
1.862052368424069e8, 4.579014894846756e8
1.0452337097819425e8, 1.4589469411741102e8
1.6089405512721992e8, 2.1282278764108706e8
1.6376796619056618e8, 2.3798173258807728e8
9.599749203692728e7, 2.1324172331801397e8
1.789128066495173e8, 2.564255841757818e8
3.2520028524739707e8, 5.1591014139439535e8
1.2730179670656966e8, 1.959558062069825e8
3.476756833228521e8, 6.399635723609308e8
2.4736240772853237e8, 5.290238432709235e8
1.0787272020580874e8, 1.3692646777661645e8
1.2535865377932511e8, 2.243418391012739e8
2.77729840776932e8, 3.5312899284625834e8
1.5877840378967577e8, 5.244385396270791e8
1.379509304287857e8, 2.2400754587960678e8
1.6031306133630654e8, 2.5282973476389042e8
1.4710445415228632e8, 2.0817003699510735e8
1.6133864034915122e8, 3.732873971457683e8
2.4243555732773098e8, 3.047316347877975e8
5.909784902473949e8, 6.583363618163027e8
1.8443609703391814e8, 3.6141162693728626e8
2.5687395635233137e8, 3.416327734199411e8
2.2001381355423263e8, 3.6972930489853525e8
1.6253488298555586e8, 2.5589806230067092e8
1.8648986875981078e8, 2.4904442732421675e8
2.7030981050537884e8, 3.9947625638466364e8
2.2264587542695996e8, 3.0847052139931e8
1.1883552224805848e8, 1.6629273267370245e8
2.0379201071482876e8, 2.548910068107407e8
1.9462977539427438e8, 2.380057634874792e8
1.7790601188873e8, 2.371449809378205e8
1.3408310700613599e8, 2.3332264297210842e8
1.8047202733167693e8, 2.6580609894273058e8
2.0400150342113036e8, 2.993024079463844e8
1.5613059689181387e8, 2.140095038773851e8
9.121478451249927e7, 1.4214061190019864e8
2.5372939327919847e8, 3.531621053270255e8
1.5677991654185736e8, 2.7459171704016167e8
1.2054576451439545e8, 2.7683656271677446e8
1.074722174698901e8, 1.594417480319564e8
9.414601396520893e7, 2.0226601944032753e8
1.752042005782796e8, 2.658447811094508e8
1.769098896089032e8, 2.475064564168182e8
1.1266816813588738e8, 1.61520935490801e8
2.2349749000281307e8, 2.6682017992844674e8
1.6236064838846278e8, 2.7716061951948285e8
2.5410048042597395e8, 3.452098001114674e8
2.4288656751678059e8, 2.837981685682522e8
4.8452295173476136e8, 7.052039083444501e8
1.220940441771004e8, 2.1309771098000774e8
9.098334357735182e7, 2.0688247656941944e8
1.5117803269708067e8, 2.0626177950282162e8
1.69179124694681e8, 2.2375904139438438e8
1.832476068805324e8, 2.924270082557894e8
1.0548205129281701e8, 1.5765205104264867e8
1.556852432701519e8, 2.3812815855152917e8
1.1813507623770057e8, 2.2399524522715405e8
1.99046423774789e8, 2.5804219438827646e8
2.009006824873699e8, 4.1636370182475245e8
1.4506377318286157e8, 1.928937228703079e8
1.1088347916255736e8, 1.8842096614931092e8
1.8729670200520843e8, 2.5926972120856312e8
1.5686684866125953e8, 3.102237104107667e8
9.72768065028703e7, 1.696951644851886e8
1.3277317598174755e8, 1.6677475765039337e8
1.352893483736614e8, 1.8797899298772714e8
1.592491364214552e8, 2.3404228251594296e8
1.2995957473425446e8, 2.591590175347893e8
1.2961155810672437e8, 3.252667204140569e8
3.147532701776708e8, 3.848381564039953e8
3.1800039462069136e8, 4.109398691953053e8
6.081649577526833e8, 7.394410370973147e8
4.437138559059666e8, 4.945835456099755e8
2.332308088332613e8, 3.041343208150191e8
1.9946018270280373e8, 2.5318914006198555e8
2.4366951599565706e8, 3.223001534972477e8
2.9324585928260005e8, 3.6367616686022097e8
2.1407302927719384e8, 3.0088338815385187e8
1.2536384888390777e8, 1.8269000782348603e8
1.2959432136542697e8, 1.938463210333432e8
2.3640384286363152e8, 3.1119726284347093e8
4.0009729548677015e8, 4.995590121480007e8
9.54760470594408e7, 3.3119015495157623e8
1.9926228513904577e8, 2.5607475114357466e8
1.729826300145577e8, 2.6587214484697843e8
1.5780278793831503e8, 2.4387041143979752e8
1.596537511057056e8, 3.946859223550078e8
2.974949770244727e8, 3.4093622899727285e8
1.1974658145119911e8, 2.031374266649372e8
1.7249835359300533e8, 2.7619382484448457e8
4.752434077448438e8, 6.112054382786181e8
1.2767964801123172e8, 2.731254521804233e8
1.535124222118934e8, 2.3146150856893003e8
1.5752190614609128e8, 4.176913073433949e8
2.2718034176538932e8, 6.629191918019391e8
1.371366840491528e8, 2.955160899765606e8
1.1767150737664908e8, 1.8717812033906946e8
1.3961038809303924e8, 2.3291046278251413e8
1.452601738802627e8, 2.3287043101391068e8
1.6728461358096653e8, 3.541856658933271e8
1.480844825837429e8, 2.3223028971369767e8
1.7421771202826333e8, 2.2333191246293992e8
1.1356794232389744e8, 2.236657522103674e8
2.8593829978753823e8, 3.563031291083246e8
1.0961866101354977e8, 3.598702477884502e8
1.7865892626663712e8, 3.365577622884357e8
1.337563327338047e8, 1.9825268619827926e8
1.1024224517560394e8, 1.551017610254626e8
1.0494167312872814e8, 1.4494008767777547e8
3.785514339966768e8, 4.602020048326266e8
1.1517307241401456e8, 1.5025874330705586e8
1.8912859520234552e8, 2.6608073940868703e8
1.53974776425239e8, 2.137920164297528e8
1.5261283035333222e8, 2.3030350929210818e8
2.0526134458807105e8, 4.5051350201541805e8
2.5042118307240182e8, 3.0112712728870666e8
1.408346159278589e8, 2.273732794065644e8
1.471207483440852e8, 5.754213818135973e8
1.231231272367931e8, 2.2371080132945755e8
1.2962701904393429e8, 1.6027451285065117e8
2.537103637874903e8, 3.455206132943379e8
1.565543315224497e8, 2.821884197102861e8
1.9716711260171184e8, 2.3880944153075048e8
1.1533843664687368e8, 1.9970427654519373e8
1.5142310504192495e8, 2.3778777423809037e8
1.7098333223586753e8, 2.5711750599516657e8
2.162325328711151e8, 3.09203313789051e8
2.637770845593298e8, 3.46224709457502e8
3.035438405262103e8, 3.872994128767171e8
2.1052331729174906e8, 2.5298094515313324e8
1.3354928728285006e8, 1.7850707982298997e8
1.6823382205679032e8, 2.8675806836320037e8
1.3233259437022264e8, 2.383090496929466e8
1.3130309275076656e8, 1.6902385309191573e8
1.2906272382330786e8, 1.8160811603686354e8
2.3740788173157203e8, 2.9676745550334424e8
3.2700888283257014e8, 3.857918455017316e8
3.455418733853258e8, 4.25924190800765e8
1.3346977004839562e8, 1.9882902673035434e8
1.5320122247405323e8, 4.927191730797809e8
1.0998016268060389e8, 1.7485276203478107e8
3.062176968638443e8, 3.5687091926334673e8
1.4259312378480476e8, 2.849148208378654e8
3.421959098925379e8, 4.4681364729949236e8
5.39076454557869e8, 6.292744256478721e8
1.514887548812349e8, 2.022034460815506e8
1.8139752274902686e8, 2.54915527207979e8
1.3017275716312942e8, 2.185193149080065e8
1.742071771995848e8, 2.837262494050216e8
1.0977258392538123e8, 1.7406095146507645e8
1.4738435342159528e8, 2.727453245952848e8
2.093800745981394e8, 2.874922793027086e8
1.571207104093985e8, 1.9611127236573145e8
1.1736210722389053e8, 2.4023074963397887e8
2.8741652808437085e8, 3.685651399027948e8
1.4239222896227095e8, 2.044138384277153e8
2.445566297343984e8, 2.967630341628578e8
8.846032226775374e7, 2.4098091819723684e8
1.6426101556344962e8, 4.034694992220886e8
1.2207034644477315e8, 1.5606445569067144e8
1.9968747630379632e8, 3.0512267257799e8
2.309656697334589e8, 3.0014995957531923e8
1.6030979082176712e8, 2.3571411485579857e8
1.678267615421546e8, 2.197469833558894e8
1.1506959620951399e8, 2.491334073924403e8
3.5153949497721e8, 4.4046757806331e8
1.3308974959990656e8, 2.2935270638278925e8
1.2324333903433603e8, 4.6424748363682747e8
2.113215172749942e8, 3.224644874472224e8
1.6305026260609177e8, 2.2205395694409442e8
3.6150550503983736e8, 4.8850423601072043e8
1.4117049709395063e8, 2.300424189190006e8
1.4359043779049587e8, 3.459426041544216e8
1.4901602087445515e8, 2.0481441768241104e8
1.798214240909158e8, 2.314515464762953e8
1.6423104796971843e8, 2.690422037045978e8
1.8741366800550333e8, 2.4140456354001817e8
1.342969502965158e8, 2.9793819802001035e8
1.973685384943111e8, 2.723524797144006e8
1.6439290687986526e8, 2.427739740835016e8
2.40562337224904e8, 3.068414492887787e8
2.360440822981379e8, 2.787224875376952e8
2.67484649285783e8, 3.7230209795711964e8
1.2774509378638664e8, 1.937801761006718e8
1.3622027435289398e8, 1.8991076679194048e8
2.2521909417516473e8, 2.8205085852385e8
1.5102497950479367e8, 2.0311440885854846e8
1.4839192223672992e8, 2.18476043317705e8
2.3982826704158187e8, 3.305030162704071e8
1.3218978257361934e8, 2.5811103786595714e8
3.640321434322333e8, 4.731238027968928e8
4.546823045034083e8, 5.481622557983626e8
2.587018489128832e8, 3.467808817888373e8
6.275710807187511e8, 1.0059559826983885e9
1.1439755420179519e8, 1.8222553370476165e8
3.40175267305548e8, 5.95135050612281e8
1.2764436896248488e8, 1.9948328474445364e8
1.605068616405928e8, 2.278686613685054e8
1.6836991620656657e8, 2.612230481684001e8
1.7715081276964635e8, 2.978983332431836e8
1.7718963281044868e8, 2.738447664261609e8
2.3791622487195227e8, 5.37471827857481e8
1.2229563970502822e8, 1.8636351313784724e8
1.7248233487373435e8, 2.1442587621045595e8
1.9846249847984606e8, 4.0039017514602727e8
1.6316450306920594e8, 2.699667103839263e8
1.2160905618083628e8, 2.4900127306272817e8
3.28166177594091e8, 4.497140457983934e8
1.6172402491925982e8, 2.3650084307124656e8
1.1477646199572569e8, 1.7037849888570794e8
1.466947018053091e8, 2.2266567892685476e8
1.8049034446889022e8, 2.706186528961797e8
1.5342164142350286e8, 2.7305395363348967e8
1.5039276248337582e8, 2.5605067429286087e8
5.742113380114936e8, 6.409527600519831e8
2.6690795142499673e8, 3.3485329920132065e8
1.5371074946241185e8, 2.3580965483134282e8
2.9597525237772447e8, 3.415568685726151e8
3.148482008268482e8, 3.926601123502423e8
1.8923170607938066e8, 2.7024413821275365e8
1.145268762955616e8, 2.1338084979542288e8
1.0164079405372156e8, 1.3342058219239375e8
9.971545693472801e7, 1.379276499715524e8
1.7453628795593894e8, 2.0846568427109224e8
4.0048174408002466e8, 4.7145041359089375e8
2.673021603430523e8, 3.6913337322074777e8
3.311956227795357e8, 4.9291809321295196e8
1.057170587227583e8, 1.3972119781542927e8
2.279138802031562e8, 2.797933282413376e8
1.929699899043271e8, 3.855107583719378e8
5.777743063955835e8, 6.341919972124275e8
3.085755370425832e8, 5.364712832947829e8
2.429184690421781e8, 3.098410186236346e8
3.9817892532034206e8, 5.123313871484554e8
1.0886621027575472e8, 1.938756482975976e8
3.0506420961201733e8, 4.124412599747477e8
2.6152320707674924e8, 4.2941508074447596e8
5.744637243001744e8, 7.162318007042108e8
1.6131111699770653e8, 3.16545317357253e8
1.585721829620941e8, 2.327746125509157e8
1.3470563558225498e8, 2.3097304191642758e8
1.6961593263266918e8, 2.0930395226161364e8
1.9567246309423518e8, 3.52323476394662e8
1.4081513312253127e8, 2.5569468927309674e8
1.3030754159400919e8, 2.3998445481549913e8
1.5436565300304556e8, 2.1812856073475692e8
2.5215758033584553e8, 3.8249159223896325e8
1.76633557012611e8, 3.231051993916495e8
1.5675904761059925e8, 2.2994166806204692e8
1.937266189541949e8, 2.80804706824023e8
4.3191844149052477e8, 6.766856182904888e8
1.0319487348744269e8, 1.5298457325068924e8
2.569418003428172e8, 3.12843778167549e8
2.0993397591947824e8, 2.8671409871131605e8
1.0125729597699174e8, 2.0745680942988372e8
2.2253229639612538e8, 2.691754349459719e8
1.506060493629988e8, 2.2070033897597423e8
2.764161012890483e8, 3.386805821325974e8
1.5172239269095588e8, 2.2445498634161958e8
1.0062127465374468e8, 2.15321600538295e8
2.0116125666796774e8, 2.479778565299702e8
1.768243900297849e8, 2.4882481358062586e8
1.5601680337692714e8, 2.4085951262384072e8
9.900842280027708e7, 1.5606729155713323e8
1.3480029393066165e8, 2.2194424122242817e8
1.5270862398462936e8, 2.27371570068309e8
4.19402534061851e8, 6.94176426464983e8
3.8432030903157246e8, 7.364163316736314e8
1.0167055604229632e8, 1.9245554580944306e8
2.0280715102607197e8, 2.9824345160568726e8
1.680928027169939e8, 2.910900125888469e8
1.7895974762901908e8, 4.297998746209907e8
1.8354965039068493e8, 3.706637428254085e8
3.126624741898431e8, 4.184741488655852e8
1.410697802502655e8, 2.4188891313949764e8
1.1725638054252177e8, 2.239851256459157e8
2.071472132932971e8, 3.222032600316869e8
1.2283937040550968e8, 2.1048247005980524e8
9.727868201630072e7, 2.3230779590480262e8
9.928559288875918e7, 2.129774447908468e8
1.4430778015547472e8, 2.1338258212646446e8
1.1995097359211779e8, 1.6635774710535127e8
1.956587584615284e8, 2.4059866631052852e8
1.5807588218524176e8, 2.56406361045935e8
9.24604730963942e8, 1.1524312595870903e9
1.905504895582948e8, 3.013771702341052e8
1.8677323558948323e8, 2.495626928260507e8
3.4226794511721605e8, 4.0820588690151954e8
1.5119592338618144e8, 2.1478528108088893e8
2.807440334252542e8, 3.406739993261485e8
4.8136951376522225e8, 5.833925519618448e8
1.2720205881245212e8, 2.101034055034867e8
1.0944241432356085e8, 2.1445730738053402e8
1.798309043868931e8, 3.115433313143568e8
1.9968482783164194e8, 3.520513795988239e8
1.2333645731959683e8, 1.67730457448993e8
2.4364396689790514e8, 3.6170038934232694e8
1.1954169460385764e8, 1.9064273675822198e8
2.0538335473085368e8, 2.5138400413118014e8
1.970634684242968e8, 3.221199541877242e8
1.1768568695138831e8, 1.9274863792609268e8
1.6093630761519444e8, 3.765565318726757e8
2.0449854495260796e8, 2.618582167009488e8
2.1282549620547375e8, 2.667490921891505e8
1.3821369000760135e8, 1.7834954414964315e8
1.9604706899545825e8, 3.157616045179509e8
1.3604955734083676e8, 1.986917094543892e8
1.103860422383012e8, 2.0193277741409877e8
2.9341981346056277e8, 4.1881617554797345e8
1.613571557145725e8, 2.231621956706036e8
1.3928125677984384e8, 2.1672309934366283e8
1.3021322198584464e8, 2.400968999102444e8
2.493029414438947e8, 3.417683815741567e8
2.407593691626546e8, 4.693874154088735e8
1.876649242064024e8, 2.865386054566185e8
1.2822814342007008e8, 1.7741308747601148e8
3.9140408698989135e8, 5.720856230170379e8
2.5615891697542343e8, 3.5937017166577774e8
1.393946556066177e8, 4.7931962632856953e8
1.173126791802545e8, 1.6894122896573386e8
1.8156093492472115e8, 2.4220445572259676e8
2.4421459878736365e8, 3.801685241520526e8
1.8707322661094633e8, 2.4709546539860463e8
2.1283970755849013e8, 4.4112827839197296e8
1.4227546047586107e8, 2.0709072786981222e8
1.1466507336767052e8, 2.2451200977467197e8
1.2618000072947559e8, 1.8232580034602335e8
1.5402017729870436e8, 2.0976348110303435e8
1.7521752253431374e8, 2.3331505050277635e8
2.6089454134389713e8, 3.523373278052679e8
1.4418740720903853e8, 3.307226070959403e8
1.4403524296050856e8, 2.3414916278423232e8
1.352652769109097e8, 1.8478227721765876e8
3.7719683438676286e8, 4.812015877051659e8
1.1725577512686196e8, 1.7267072199801293e8
1.352473878342249e8, 2.1896065876414865e8
2.2264626694484502e8, 3.439999980250247e8
1.5738723322913268e8, 2.1177513854647526e8
1.1419022793546647e8, 2.0544293078347835e8
1.402070444076519e8, 2.4133836316953522e8
1.255759167263991e8, 6.442051251704963e8
4.424854338609089e8, 4.8324625290428144e8
1.39435766996041e8, 2.0055824027308464e8
3.6080150524520826e8, 4.5773407982600343e8
1.30586775396601e8, 2.4432484097557303e8
1.392424137731744e8, 2.121485140995192e8
1.3843615055301258e8, 2.5935789469041738e8
1.397691615179327e8, 1.8203994015534192e8
1.7322563101884952e8, 3.7239652096837753e8
2.4359054668691075e8, 3.0017547117962605e8
1.442486851280509e8, 2.1524207123884565e8
1.6267886946942112e8, 3.2462234085895264e8
2.840908161120436e8, 3.992537099660765e8
1.2889126156395851e8, 2.768840271661603e8
1.380186900793287e8, 3.204936832258908e8
2.186035826418239e8, 2.7919028623500484e8
1.0565027546497457e8, 1.675572222083239e8
1.2769007325306349e8, 2.254236621951151e8
2.6052962110928613e8, 3.686930856910045e8
1.8360886517067027e8, 2.5191426980716273e8
1.690556320096687e8, 2.5834530520454308e8
2.182800124110093e8, 3.216088527983492e8
1.530832963461046e8, 2.2831824091971284e8
1.590455325908323e8, 2.2074351338547814e8
2.558718996868975e8, 4.1209574476730686e8
1.6588171279144025e8, 2.1569829176870283e8
3.0700286081294584e8, 4.7927400889561045e8
2.8898922453490895e8, 4.50258011704284e8
1.2323322033799908e8, 2.5301168679673734e8
1.6629998160783187e8, 2.13164923656842e8
1.2131302537119804e8, 1.5169196576017082e8
1.7095594897034967e8, 2.3769478599043274e8
4.5630999079170716e8, 5.727245771620758e8
1.5349363954211798e8, 2.2950162155437127e8
3.1590962117681324e8, 4.961745363270885e8
1.282437383386633e8, 1.814835247740469e8
9.929018597434847e7, 1.4629642721866864e8
1.6595647552595344e8, 2.47718173604265e8
1.162739647794628e8, 2.1096048537153298e8
1.8523374458665076e8, 2.6295514808613232e8
1.2270189955010715e8, 2.713151981483758e8
1.866061636547498e8, 2.3790154607196197e8
1.0166436553316358e8, 1.8234891869356984e8
1.2917998877712716e8, 2.1105906778909805e8
1.3165079164511529e8, 1.828198798783127e8
1.6944550825172845e8, 3.253354718019246e8
1.4107523465433553e8, 2.5354820738709137e8
1.1121263824676546e8, 2.9370354021340966e8
2.709611290752454e8, 3.849059519006005e8
4.486305669560661e8, 5.304235599462082e8
1.448998582337203e8, 2.1173138965395582e8
1.0931771786316255e8, 1.6651384982539755e8
9.256935689634946e7, 2.1032982969128868e8
2.4216314631867304e8, 3.333199417696465e8
1.796081664182589e8, 3.160516543126331e8
1.8128138126807004e8, 2.8829319769486624e8
2.1005356651059404e8, 3.801570377341774e8
3.5184868177752274e8, 4.0344088790830034e8
1.526738936242874e8, 2.078944975379957e8
2.160097037331142e8, 3.1312091955698323e8
3.714680992048077e8, 4.263555889428444e8
1.4040527897435793e8, 1.9836191840895215e8
1.4071428343070674e8, 1.8861901306968388e8
1.663244867557189e8, 2.6023268107152575e8
1.5179093462999398e8, 3.077272605657219e8
2.1357656553790888e8, 2.5952820176982233e8
1.7726794699186635e8, 2.2298757105092132e8
1.231223526756434e8, 2.5662742490164924e8
9.276412938733421e7, 2.40816587712308e8
1.250583535977505e8, 2.3728305090093085e8
2.689585926685181e8, 3.4919920319182694e8
1.2675249449195912e8, 2.695890141074398e8
1.3442751106927776e8, 4.518032246258601e8
2.090684809777009e8, 2.861486128005027e8
2.2613244763535762e8, 4.00322599825768e8
1.500484416137655e8, 2.240839031461985e8
1.2495704237584245e8, 2.720097850991942e8
1.3297919167742397e8, 2.0072709404639626e8
1.3808756902268717e8, 3.751635931507204e8
1.3305796161105002e8, 2.1404083445693487e8
2.76130447051314e8, 4.3783721613605744e8
1.4199083261625698e8, 2.3449454023944828e8
1.151021699181458e8, 3.14875106686129e8
1.3875335019435292e8, 1.8685610422641787e8
1.117487949493913e8, 3.617376150700511e8
2.0538701760853392e8, 3.150761433933942e8
1.9290947764929205e8, 3.747990963111022e8
9.170154417826547e7, 1.2294077366570856e8
1.9325265969984096e8, 3.0180313665383416e8
1.4501352975530997e8, 1.927397833469383e8
1.2945470157054557e8, 2.24520370310997e8
3.8025811074663836e8, 5.0595558984034836e8
1.2170562845904249e8, 1.909994013176569e8
1.1923356500368565e8, 2.144467688500933e8
1.1940295347441235e8, 1.793289216634904e8
2.383373283578826e8, 6.148092656474866e8
1.4572696877654913e8, 2.0166571390861908e8
1.2729647575767282e8, 3.665688123989009e8
1.177905243202518e8, 1.8842149434167933e8
1.9221472033552969e8, 5.783234630202717e8
2.45608983859024e8, 3.463337036061493e8
1.6972634093828872e8, 2.8599922726533514e8
3.428472168430335e8, 4.3866624040073025e8
1.8139160723368225e8, 2.221933687787259e8
1.1970720223200832e8, 1.779278997789776e8
1.1325894685997057e8, 2.2219380233509576e8
1.4494559227457863e8, 2.5163820285605487e8
1.2616675794190164e8, 1.8791253556596744e8
3.416041873375161e8, 5.721663077416186e8
1.5205285380853748e8, 2.2486034010093555e8
1.4318236264468262e8, 2.2398204498007813e8
2.249775301107388e8, 3.0958769918501234e8
9.731086742171137e7, 2.10903522188688e8
1.3848087925481117e8, 2.034698123254958e8
2.198397442663397e8, 2.7634851488987947e8
1.3080426110474877e8, 1.8177881323783398e8
2.2913170948894638e8, 2.642476985498443e8
1.6215621737117746e8, 2.1245152040079027e8
2.689730076213691e8, 3.3062140730894846e8
1.2082289114908187e8, 3.6058005369725424e8
4.0063348990342885e8, 5.1013838389883e8
5.3622256634853494e8, 8.787169798044583e8
1.1858454572935686e8, 1.8093817142698473e8
1.4733981391264406e8, 2.777330810437619e8
3.468568539229127e8, 4.190114731892731e8
1.591938557741541e8, 2.5720296332856086e8
1.4468813345747283e8, 2.1836902861813915e8
2.1402696806596643e8, 2.6121773637955716e8
1.3067921336558744e8, 2.315465749870946e8
2.617399498693846e8, 3.2703028900006944e8
1.7237667545888042e8, 2.537310350040849e8
2.0244741838360184e8, 2.6294494189928457e8
1.9443174005985075e8, 3.28876870995792e8
1.2468218445236064e8, 2.0290416870330706e8
1.8805893612519813e8, 7.788562918561802e8
1.46660839733318e8, 2.3796461083572254e8
1.314301615954251e8, 4.4976004324333453e8
1.3927683619238773e8, 2.462529209527804e8
1.664467811543786e8, 2.1062175058952504e8
1.200378891759735e8, 1.9915711998510072e8
1.5666705980052337e8, 4.42873120616352e8
1.8527566110391608e8, 2.4203588587945318e8
1.1789304349689984e8, 1.8431479620736617e8
1.924769326807638e8, 2.699402130609049e8
1.736993943247904e8, 2.081290940678859e8
1.6385597397475275e8, 2.4929962752254227e8
1.9451189206133264e8, 3.160836741761752e8
1.1470198261612274e8, 1.892380398061386e8
1.2399722947860688e8, 2.1220255355328673e8
2.3342344246157637e8, 3.1119783447181123e8
1.3286105101698998e8, 2.4162580657515514e8
