1.2854065023355818e8, 1.838010749600262e8
9.23505256058673e7, 1.4029328308014262e8
9.926367259841935e7, 1.7308166890885925e8
1.0879306009002224e8, 2.2065148094546252e8
1.1801822716189978e9, 1.2549748518727596e9
2.119841120326321e8, 2.727025158916727e8
3.407725203386021e8, 4.475990682369372e8
8.446837580607109e7, 1.2141899623828824e8
1.4257741196069664e8, 2.712746032140721e8
1.623698715479963e8, 3.489075010403594e8
1.1535225676349302e8, 1.908550862061181e8
7.06002307435889e7, 1.226750976191992e8
1.9030433916940537e8, 2.9594254891011924e8
1.3871952802464527e8, 3.516317798814914e8
1.538259556900906e8, 2.6584909751837885e8
2.1492182588067737e8, 2.6701928544402012e8
1.576148785033634e8, 2.0425205082974687e8
1.3461125759654462e8, 1.9277303106501526e8
1.024915434705394e8, 1.866524097910097e8
1.845223594241253e8, 2.974473281737078e8
1.477490492772897e8, 3.072491418846889e8
8.929468103339027e7, 2.793990546632075e8
2.1059503595434663e8, 2.79866033074759e8
9.513848916845867e7, 1.352056018891869e8
1.5606257876986971e8, 2.7387512586847967e8
5.473705723029612e8, 6.269415996394029e8
1.2186974324116297e8, 1.8799623443325785e8
9.894008953655525e7, 1.4928969446355695e8
1.0338493933284055e8, 2.439175362907492e8
9.87206668492941e7, 1.6320197302270418e8
7.815665753736983e7, 1.0638786290008983e8
3.7270210881268203e8, 4.780262876084708e8
7.184433734705794e7, 1.1068618337426203e8
1.5416722911003655e8, 2.8062747863463277e8
5.743157002623668e8, 6.483260804909046e8
1.9618503275103223e8, 4.42286111507489e8
2.0029750418215054e8, 3.1663573652237606e8
8.817329708489014e7, 1.5582568553197837e8
7.1404552287723e7, 1.2197172199000657e8
1.4642622947498643e8, 1.9177814317683104e8
1.2589666821327665e8, 1.8635065771749043e8
1.2188405049452959e8, 2.2773543012695354e8
6.1530620842120774e7, 1.251956398936456e8
6.805279594689822e7, 1.8913716496044612e8
9.993751590639168e7, 2.8708764040398353e8
2.0256610894240302e8, 5.066417078713068e8
1.8500656775022024e8, 2.5244692415158698e8
1.9767229372070652e8, 2.744781339824841e8
2.034325201621768e8, 2.514566560869173e8
1.5647691182773137e8, 1.9918433216043177e8
8.782906268945514e7, 1.3803247546465117e8
1.336839012896629e8, 2.804522617725623e8
7.679973245837651e7, 1.7990799579051796e8
1.1045165458651853e8, 1.547365778190323e8
1.882867203528495e8, 2.8340957317251045e8
8.770381183906668e7, 1.5426126257129902e8
9.328213615553264e7, 1.3074443670738822e8
2.029616764406413e8, 2.3952419570252278e8
1.4222598294984746e8, 2.1669872378158504e8
1.7394913147657079e8, 2.486316380770927e8
1.8455594451871687e8, 2.140616095177e8
4.6216798837210405e8, 5.38969918770346e8
1.2147955424676654e8, 2.0726683232346517e8
1.33774397706543e8, 3.304564055064679e8
2.740630221553183e8, 3.621178839842104e8
1.2182176798896903e8, 1.6100922673336527e8
4.8473638871993136e8, 5.663774660807418e8
1.8658557899539933e8, 2.5139164523549193e8
1.1360957569319254e8, 1.7852775886201796e8
1.7040607452827853e8, 2.8228803159371734e8
1.0568683202248627e8, 1.9234042650970086e8
9.355836944705187e7, 1.357853656753564e8
6.971357429109332e7, 1.1614828183649603e8
1.639231312712991e8, 2.332944462601035e8
1.2310748689290391e8, 2.3048253182019567e8
2.2888523613584703e8, 3.106430010901568e8
1.5411199725437555e8, 2.770929932582491e8
8.22004005878844e7, 1.2481990617106548e8
9.685175278741957e7, 1.4472695775976485e8
1.2422753296036437e8, 1.5774808392170188e8
1.8303455080438977e8, 2.7285205690627825e8
3.3382423382327926e8, 4.4394373233623606e8
1.1826040228037813e8, 1.987353357295928e8
2.515677689948558e8, 3.1497282861863357e8
1.7579392651293284e8, 2.188360010995086e8
1.600330095460972e8, 2.116484824827837e8
1.4949072969736204e8, 2.298719045065738e8
1.0349623359765553e8, 1.998857450955824e8
5.678576576378187e8, 6.337813500199621e8
8.789144230750494e7, 1.9984447323706907e8
9.918025498577043e7, 1.8475540955091983e8
1.2631233666432413e8, 2.152615362779066e8
1.1564008425170259e8, 1.7610771883780077e8
1.2922726918821187e8, 1.939791399806868e8
1.3173610983608922e8, 1.928603958073751e8
2.305990217189172e8, 4.298305188873712e8
9.180236604446208e7, 1.6073582041847533e8
1.0542144845916443e8, 1.7209937013599464e8
2.114875369698742e8, 2.749776823922831e8
1.6875582017259526e8, 2.4069953329147556e8
1.5188784375400138e8, 2.0889853263959193e8
1.7763052232518306e8, 2.1659974205624676e8
1.8852224041855672e8, 3.749276460549909e8
1.4725580641893512e8, 2.1142539001945803e8
1.0926945169794966e8, 1.494143873006113e8
1.3482672534294093e8, 1.7417446784289488e8
8.721342971563649e7, 2.820219616965371e8
2.1881625585236916e8, 3.062511719502374e8
3.043166963811878e8, 3.7337058474897707e8
8.159466059601067e7, 2.0823628896337774e8
2.7501069992039144e8, 4.344192109663715e8
2.542507781680024e8, 3.1643726016069895e8
1.1519303820678692e8, 1.754446564798891e8
7.184294189781493e8, 8.519027506376098e8
3.550474141120691e8, 4.1708637050372833e8
1.0962936240674648e8, 3.054408066805962e8
2.3847201617997268e8, 4.1697631039549446e8
1.9044235233807918e8, 2.366857434069709e8
2.5957866262035558e8, 3.234860679278689e8
1.062602196504214e8, 1.8088752112355986e8
7.935080526061164e7, 1.584601103781247e8
1.4089609948211545e8, 2.2112266123258904e8
3.253157438602346e8, 3.952855345741004e8
1.4550714228197983e8, 3.5064865596984166e8
9.764589879998103e7, 2.6157098953282332e8
1.2704637890738615e8, 2.1181839580267215e8
1.5513660693964627e8, 2.205437857422501e8
1.2652154672949071e8, 1.9487881063965166e8
1.4930669536804512e8, 2.007953693276183e8
1.0665551575708465e8, 1.642139997617238e8
2.1911404849287403e8, 2.7383332947596437e8
1.6634821654750288e8, 2.068817861421886e8
3.075091588663287e8, 6.110835544697464e8
7.612974794696751e7, 1.7695398936929837e8
1.2458636555076303e8, 2.4237420023601946e8
1.8213536102041554e8, 3.0549965039686227e8
2.3775732882464615e8, 3.160177563877963e8
1.1714867618773739e8, 2.3859682300647506e8
1.3912915460405827e8, 2.0766115638208517e8
1.2070286285173778e8, 2.982068532408798e8
1.632864056534302e8, 2.5309395996493348e8
1.0627003556795509e8, 1.7675732129351917e8
2.2335330684268326e8, 2.6921342342193455e8
3.0169413516901207e8, 5.902096657254035e8
1.7651584680334395e8, 3.5282756242534953e8
3.871279021550209e8, 4.438593592642157e8
1.1571151588568035e8, 2.0119468285368142e8
1.3680957393117413e8, 1.8367806719955274e8
1.1913386718086505e8, 2.2021786565094528e8
1.459514317128853e8, 2.071011339433013e8
1.8521792273500752e8, 3.253891524638323e8
9.656547802262804e7, 1.8561049344135565e8
1.016089961210207e8, 1.2954811540047179e8
3.4198261676680386e8, 3.791359744167086e8
1.4908119536164647e8, 2.0115788168290073e8
6.124421889916302e8, 6.492035663868304e8
3.9807471887039e8, 6.132218134719176e8
1.4177169684765714e8, 1.8941492412561637e8
1.2397380811075199e8, 2.0436238668434176e8
1.217229624516663e8, 2.1111347811350954e8
4.7328574553669906e8, 5.768922056948181e8
2.0987467239940828e8, 2.832594468833617e8
1.478081203488476e8, 2.1586104776105863e8
1.364974742357439e8, 2.0968636363323775e8
6.914998069033122e7, 1.3425118865939757e8
1.4430241509107682e8, 1.6614212924537906e8
2.1485079332136518e8, 4.117997257119392e8
2.265959528634424e8, 5.035317190319944e8
3.249106320825697e8, 4.1290879311546063e8
1.9280772899076542e8, 2.721252544573032e8
1.9558547143607762e8, 2.6178010118375543e8
8.904739042669977e7, 1.853860758447427e8
4.951667283117746e8, 7.92256426544519e8
1.2829344926331909e8, 1.626219637551279e8
2.1199466856654325e8, 2.784098454519136e8
1.7130976549765685e8, 2.1603963495784792e8
3.033586024318221e8, 3.7952349651969224e8
1.0827921665812981e8, 1.837001790550609e8
1.911063988579944e8, 2.5794390244765592e8
1.185065349678386e8, 2.0718727826463625e8
1.5362815240362963e8, 2.5056767363856924e8
1.5170131130175832e8, 2.449908733494916e8
6.349044071663101e8, 6.851818378350403e8
1.287730898748534e8, 2.3314614597767898e8
1.1449377938061252e8, 3.110975892830505e8
1.4774953508048132e8, 2.704137313720623e8
4.4617069506949455e8, 6.501462750544311e8
1.82657680472354e8, 2.5208529091216305e8
5.920184005792065e8, 7.61706739126352e8
1.07569370655431e8, 1.697796588473472e8
1.3654870231655964e8, 3.276715511986081e8
8.783825382096742e7, 1.4006019432985678e8
1.0191305267057344e8, 1.4139395535852098e8
1.732308098955614e8, 3.826310353410434e8
1.356238013473287e8, 2.2248531088467568e8
2.1510027078022966e8, 3.0188606369273907e8
1.3542979074631378e8, 1.6470624475236413e8
1.2283164897234692e8, 2.2129068185323757e8
6.726121077935089e7, 1.1814789355312133e8
2.737538182474524e8, 4.7628450929158914e8
1.0777850796904922e8, 1.7150550304337642e8
1.3253541118618442e8, 2.0416430141846448e8
1.5080794954422516e8, 2.1002689027863872e8
1.5975179608364356e8, 2.055614225190654e8
2.1616158463339743e8, 2.6323012296177483e8
2.0016349145521033e8, 4.012490988619644e8
1.4146497184952152e8, 1.9774787365104744e8
2.6803000860813704e8, 3.3079118466731256e8
6.033344521143086e7, 2.3241572860925922e8
1.3349251583211158e8, 2.5751519443200177e8
9.739015969006807e7, 1.4376252139463088e8
8.973801990802039e7, 1.7755123448206848e8
3.005777690818364e8, 4.9722830191103685e8
1.2705762591110389e8, 2.2629800792039302e8
1.9619661767302993e8, 3.294099669717042e8
1.2760588104394433e8, 1.9638961089406303e8
1.8943963085647225e8, 2.6505607375595817e8
1.2572432002864745e8, 2.0094455863963035e8
1.353874001289585e8, 2.5641183358819628e8
2.2964118826914886e8, 3.9854003779829174e8
3.1349598062167263e8, 4.427400713977698e8
8.248964185843083e7, 1.6493785075164264e8
1.0333821324897097e8, 1.9719243125006196e8
1.55544064200682e8, 2.2071330220787108e8
1.2395065726438616e8, 4.1269207253340614e8
1.1783502002521911e8, 1.815524792855382e8
2.3165701033241743e8, 3.119395582248699e8
1.7694067026440582e8, 2.3556132225653264e8
2.9770298126600134e8, 3.732171186779744e8
1.0438256780638853e8, 2.255390621251075e8
3.535153590458835e8, 4.3582619497931296e8
2.0633234727706456e8, 2.688880466296175e8
1.0675828888982031e8, 1.4126125716446885e8
7.078122711495638e7, 1.7781683399845898e8
2.5308420075747058e8, 4.253648411218947e8
1.0245717121583581e8, 2.7308693929522187e8
2.1848492318411216e8, 2.6252204137073818e8
1.2066894349078637e8, 1.9493509837019098e8
1.0044289580582008e8, 2.050581056663536e8
2.0640383103652442e8, 2.573797600784184e8
1.73265521519038e8, 2.32941657367491e8
2.0458712605521464e8, 2.8950985462279445e8
1.3582995958216876e8, 4.836272206649333e8
1.250139515277267e8, 2.151854863853962e8
1.6421762075309533e8, 2.0079649480728337e8
1.0926946705672477e8, 1.560567647357214e8
1.2032815302567849e8, 1.5918407481499863e8
1.6845696884454516e8, 2.1594096992628905e8
1.0261959145686683e8, 1.850516760913883e8
1.3142501783136488e8, 2.1020402924089283e8
1.3024975626407714e8, 2.0239171205225313e8
1.0389741583559716e8, 2.26017089515459e8
1.5770468699696684e8, 2.333620878506706e8
4.0691817433543044e8, 4.574752461446997e8
1.315339099854163e8, 1.7901501938143232e8
1.1467794345938468e8, 1.6754225937734026e8
6.32259020568048e7, 1.3612907835846558e8
1.1084041392391035e8, 5.867143182802747e8
1.010812742605399e8, 1.6197106883120954e8
9.763517635734776e7, 3.269322675490348e8
1.1054617256019151e8, 3.30581838033575e8
8.965042726293343e7, 1.5829116027678323e8
2.3427002941435406e8, 2.845793824339059e8
1.3343597908343124e8, 1.871070018306558e8
1.2923656729098628e8, 2.0457766240227738e8
1.880109499620793e8, 2.7032379414340687e8
1.5541446052352887e8, 2.8459828492039084e8
1.5840651214293942e8, 2.2457166066888243e8
1.1219855147556806e8, 1.4821165365484536e8
8.12129994194901e7, 1.8041044644706377e8
1.5987289064406797e8, 2.5694039326584837e8
1.7901338859756324e8, 2.4438682438546348e8
1.696745377617197e8, 2.0195342203260735e8
1.452189288923585e8, 1.8610343636652088e8
1.039472295116145e8, 1.878341572326269e8
1.739013556229444e8, 2.4477336334420043e8
8.052315821236356e7, 1.438280534768521e8
1.2042638022226983e8, 1.6615917097899437e8
3.637622744912431e8, 4.089695194497553e8
3.4729420836768246e8, 4.37141192390384e8
1.6122946975488865e8, 2.242994916190857e8
1.1359768540816543e8, 1.5137202083968148e8
1.535459418311682e8, 2.432269289067994e8
1.2549847223582645e8, 2.1117537448198566e8
1.679352919039336e8, 3.8592237901614565e8
2.0652813756550017e8, 2.4970371347687435e8
2.5163142932535607e8, 3.03702934726563e8
3.596368957413593e8, 4.9765618895849735e8
3.4204527047023565e8, 3.940737230198245e8
8.798476065055111e7, 1.4634411485889155e8
1.7327077233923894e8, 3.1561038303115267e8
8.679268958258748e7, 1.727311681004902e8
1.797032393955989e8, 2.7136303927528155e8
1.6590179884344345e8, 2.0459794751600903e8
3.1004138663189244e8, 3.8135051963150036e8
8.551446083016949e8, 9.065033015193852e8
2.3688351049646127e8, 2.7752999246581703e8
7.693985661571947e7, 1.3404445903537054e8
1.4868028651566234e8, 2.0134852501973045e8
1.4998800999532494e8, 2.396678467359395e8
1.5526027746596098e8, 3.9430981854801565e8
1.783033851214091e8, 5.258326980166241e8
1.4297856675867692e8, 1.866541482223701e8
1.0739447989937729e8, 2.425530058834726e8
1.8163971091673487e8, 3.077716027198929e8
1.3096932005814028e8, 2.247153561759822e8
1.2396628056239922e8, 2.1960592193615094e8
1.5929030817107967e8, 2.0049691817505357e8
1.3360166227903882e8, 2.1239559470275602e8
1.2779166663601497e8, 2.2380656492418244e8
1.7978757042700842e8, 2.3718964293786898e8
1.4820526111043835e8, 2.1440912681138623e8
2.1092699442637643e8, 3.0093637023184496e8
9.475847429111904e7, 1.7233919421741927e8
6.968849041020522e7, 1.2234839927656388e8
1.7446030966582096e8, 2.8300361349670273e8
3.785215859488162e8, 5.369211321758031e8
1.822353327585201e8, 3.0824884527841765e8
3.9149123962922746e8, 5.344433587855024e8
1.4328499046990943e8, 1.760232147727217e8
1.470041017147096e8, 2.2729269486524633e8
1.6115421266545635e8, 2.254313936592361e8
1.5459854911744267e8, 1.9179006921081784e8
1.5298288767944834e8, 3.846458503453709e8
1.3819395749473223e8, 2.247583752995297e8
2.56883495694778e8, 3.9203318615877116e8
1.5854010369202814e8, 2.0422500595360133e8
2.931930988445851e8, 3.277150320476679e8
1.0870103025274764e8, 1.6549075580667368e8
1.9929300205361608e8, 2.905514580607551e8
1.5554370256416637e8, 2.3304241314387667e8
1.1195124036426565e8, 2.0140145760160258e8
1.6470020860317224e8, 3.423741821848233e8
1.1305651201889221e8, 1.6197277362157038e8
2.923676099050619e8, 5.077509357043616e8
6.192673505947986e8, 7.492609583003732e8
1.3081336928779446e8, 1.863211060965796e8
3.0391193170138043e8, 4.646054417810138e8
3.503531220700574e8, 4.1689602211407644e8
7.133297333835974e7, 1.2542897020578246e8
1.2859685365464382e8, 1.6231473189847907e8
2.4994240758354622e8, 3.330899605484857e8
1.7876631699796394e8, 2.2773295092966428e8
1.916571010065908e8, 2.473997596814365e8
2.837769648085551e8, 3.715542606455951e8
2.6521335557928583e8, 3.7875607769212973e8
2.895975772769329e8, 3.788007330628689e8
1.164041837623124e8, 2.747786900777005e8
1.1291864692969094e8, 2.015744603753972e8
1.960022930385811e8, 2.4924805038791037e8
1.5597352952106807e8, 2.1603313850870427e8
9.921753600154653e7, 1.6282396804202092e8
4.7981451102310973e8, 6.619632395055524e8
2.0462018635431895e8, 3.132567381830415e8
1.5835010964122048e8, 2.216470362210278e8
8.232426807585841e7, 1.8389709366551393e8
1.520156009720244e8, 3.383210108204574e8
1.3648881445802188e8, 2.2021503101242554e8
1.734595310539043e8, 1.9708852689450398e8
3.047985214548727e8, 3.6479945795037335e8
1.395861900605272e8, 1.9922074179526857e8
1.3165032834262058e8, 2.0506518874115592e8
3.0545617202162796e8, 5.04988950321368e8
1.5614879430099788e8, 2.0547144258084756e8
1.5629382043393615e8, 2.2118042855599487e8
7.688098949219617e7, 1.097614590282281e8
1.640259956580165e8, 4.639299947781356e8
1.8477818362911224e8, 3.0515569470015424e8
1.4217724487412366e8, 2.3788745579282162e8
1.0351975235813093e8, 1.482275604866245e8
1.1614098159027974e8, 1.7853611200408286e8
1.3141897567512557e8, 2.832126807386768e8
1.0356738611676484e8, 1.7542845247074556e8
1.0630084872040263e8, 2.0107889772572476e8
1.5176428001101574e8, 2.208095259737921e8
1.7600296896350282e8, 2.2307348784376392e8
1.4344123263496608e8, 2.9429037267076695e8
1.967389350697746e8, 2.4050851467495877e8
1.269816378155305e8, 1.4943384371392038e8
1.4329276638672477e8, 2.497707444559734e8
8.224034600632256e7, 1.71217662678196e8
8.736321736113141e7, 1.5088115343559113e8
1.6563331506965533e8, 2.2456031976553506e8
1.1118729081701013e8, 1.489247616129622e8
1.638519099757636e8, 2.0229693520014867e8
3.837540505164701e8, 4.236669241504673e8
1.4192427832427344e8, 3.087276605848545e8
2.6782828721671352e8, 3.787463404020785e8
1.3798632861179966e8, 2.3975841819943336e8
2.2911705552912948e8, 4.422708227288717e8
1.1614725453505902e8, 1.7253792396854812e8
1.6072309555264056e8, 2.7325910220398045e8
1.956925586822523e8, 2.7217199624166226e8
1.4957879687049738e8, 2.3174584366934833e8
1.9945166750607482e8, 3.485506228653501e8
1.1413777209748442e8, 1.9605728384394637e8
1.1234439399079375e8, 3.0969960893717575e8
9.689722528020371e7, 2.150387969135167e8
1.513682523916048e8, 2.1541818417134872e8
3.3936566578535694e8, 6.353902644448063e8
1.2735220550397472e8, 1.6825296389867046e8
1.431378636528675e8, 2.717299472942706e8
8.507830698172323e7, 1.390448456012917e8
1.2035467723328309e8, 1.6121489238128403e8
1.3229904588319454e8, 2.093880966718112e8
1.2647469962917364e8, 1.813958351257372e8
1.063455863474055e8, 2.7877970498405045e8
1.3122446763131893e8, 2.2501782323911995e8
1.5072838884109154e8, 2.873380748217312e8
5.9462777009807974e7, 1.2189884896438012e8
2.808438110122603e8, 3.8301491485488343e8
1.2239730918495111e8, 1.609049335966284e8
3.015381870547257e8, 3.82756282320993e8
1.2669631693535408e8, 1.6861143522349206e8
1.1335383811919081e8, 1.8733976213487983e8
1.7075595687890494e8, 2.6081856329267344e8
1.694439533835089e8, 2.100775474648876e8
9.68871781212141e7, 2.248101780569203e8
1.1339278761574884e8, 3.2173760544614166e8
1.1967837643513118e8, 1.7929230764682335e8
1.5729532484882283e8, 1.8717702403512642e8
1.1928556304166171e8, 1.6699153999156487e8
1.1961814801178485e8, 1.913129009203159e8
1.9357700386117515e8, 2.3887367099173558e8
1.0659380827141137e8, 1.6206488856476292e8
1.1198242645691319e8, 1.968028253161452e8
8.394321698944771e7, 1.4664719474065152e8
7.778738137215504e7, 1.2223251261084016e8
1.4231661419520465e8, 2.3087845360162047e8
1.5780007699171084e8, 2.283220318121459e8
2.312556164577486e8, 2.921880047331823e8
1.6919653451208693e8, 2.1080212290660334e8
2.911917869830212e8, 3.51684613035948e8
1.3089872845213659e8, 1.9770646662850788e8
1.0416725335505398e8, 1.492117515113496e8
1.772614045285022e8, 2.4923273838004237e8
1.0163450066467296e8, 4.139887324432097e8
3.324842255440223e8, 4.92911028713519e8
1.0241687792462277e8, 2.41077967571051e8
1.545214857553433e8, 2.1143890089919207e8
3.1815121206812185e8, 3.9068222602865976e8
1.6593481805115634e8, 2.411001637933606e8
1.9160492704297265e8, 2.6289621052181882e8
1.573286616087077e8, 1.8756433456766707e8
1.217225994478996e8, 2.4460615177261207e8
2.998862649303699e8, 4.0523849723057276e8
9.357162586538345e7, 1.600991820033178e8
6.491715489761425e7, 1.2054704369879669e8
1.2808614964000922e8, 1.5857493199784958e8
9.74758211067143e7, 1.7581999596691626e8
5.537417568810755e7, 1.417428837180396e8
3.3963448357916623e8, 5.742581384643376e8
1.6790996489575613e8, 2.6607858414615017e8
3.8435173821952e8, 5.821826323261995e8
1.4668366037704235e8, 2.1243501428445342e8
1.246876042906232e8, 2.1519618635712954e8
8.437489542492197e7, 1.2266995820043972e8
7.752583056094475e8, 8.788009784968325e8
1.07396888250875e8, 1.898790505498164e8
3.097320903775069e8, 4.160383857350706e8
1.2444543332585628e8, 1.712546034143454e8
9.092554871506757e7, 1.898326577018874e8
1.6036936614656386e8, 2.85541173429911e8
1.880651506632647e8, 2.6362162682858098e8
1.37301707637083e8, 1.8555764005018526e8
1.9076594441684806e8, 2.285449879783925e8
1.0622370092424208e8, 1.91542286454135e8
3.253046732936894e8, 3.6213492366740996e8
3.0934281290464234e8, 3.551427912970421e8
1.1172497128946343e8, 1.7266866932522738e8
1.652746060795892e8, 2.309624876284312e8
1.477408416872694e8, 2.2154604695327312e8
2.746022539322832e8, 3.2865705425108296e8
1.024576886124601e8, 1.902248660561828e8
1.4154518700793377e8, 2.4699022461609975e8
1.309716384515383e8, 2.4103731300202468e8
2.2137906955061668e8, 3.125055280654998e8
1.4857558859349787e8, 2.072903921670127e8
1.505336580956132e8, 2.4954496282796252e8
1.6064698180473262e8, 4.1500739317606795e8
1.581304616804623e8, 2.160358786897664e8
1.6720595331130257e8, 3.16558923442788e8
1.3433229223409885e8, 2.1693811103091565e8
3.1934721515096235e8, 3.7369882023107296e8
1.730058359150482e8, 2.197278313236557e8
1.4835815346518892e8, 2.022306322976056e8
1.83834231589457e8, 2.4651865560379547e8
1.2445099067687878e8, 1.9435435211344552e8
1.291127923091935e8, 1.9373729958062258e8
1.2806453290116677e8, 1.7274705922814634e8
1.3562525663558614e8, 5.0908059337976664e8
1.658298596505974e8, 1.9636708288059613e8
1.520881839020985e8, 2.2865851908308414e8
2.3546709645271754e8, 2.6424942827803856e8
1.755074147822789e8, 2.277119886236016e8
1.533400238664296e8, 2.5579622028495368e8
1.9085579883635962e8, 3.0942280456316215e8
7.702519241339338e7, 1.2915896238102123e8
1.737121723156036e8, 2.3969932942202577e8
1.4030704219700065e8, 1.9807229771613616e8
7.796612148385139e7, 1.3718135728852853e8
1.236780672276253e8, 1.9855485653044757e8
9.093725495922807e7, 1.6142574767255735e8
2.293224462967258e8, 3.5525826597930866e8
1.4319290863204044e8, 2.1365109906193227e8
1.3219609836933042e8, 2.0243185989600092e8
1.1227337527934551e8, 2.0436206058349437e8
1.2508712728032272e8, 2.022338528030768e8
1.2227455226047695e8, 2.0558259916984487e8
9.99962323161367e7, 1.660410579649677e8
2.7767418006869435e8, 4.312388685903274e8
5.7386454539751336e7, 1.222311247533078e8
1.5189037557875872e8, 3.834258479916872e8
1.4009788254500416e8, 3.173512930056996e8
1.5197005694335863e8, 2.2792716034054968e8
2.1278093549014673e8, 2.906648857060739e8
3.130605349490803e8, 3.8201085619971037e8
6.526067576172168e7, 1.2319242593527405e8
2.1921317558715254e8, 3.7571895430648994e8
8.316893282360132e7, 1.1950136866671047e8
1.2718385401989707e8, 2.077077974174224e8
1.467125045240817e8, 2.2497300465917793e8
2.106581303088182e8, 3.0219523639729035e8
1.427016957498664e8, 1.869699735603644e8
1.3114308376505458e8, 1.6580627582569212e8
1.1985203912899539e8, 1.820851270061464e8
2.1865444097046074e8, 2.7737941895026904e8
2.1066016036311683e8, 3.0029565164839756e8
1.7595436082231903e8, 2.5782781826305622e8
3.8541348877236754e8, 4.3639257601614517e8
1.0032987690230724e8, 1.7753918353867355e8
1.656910132283684e8, 3.7691979367553544e8
1.921681479176794e8, 4.4086756537542933e8
2.5857632155453184e8, 5.679916341639684e8
1.567565867993664e8, 1.9045080945671153e8
1.0160410337672313e8, 1.4816016403674713e8
1.2506022262174691e8, 2.0632071413253662e8
1.119383075437018e8, 1.90399867341882e8
1.1920363509883673e8, 2.1245038421985364e8
7.055437221082811e7, 1.345410828499127e8
9.319624702062342e7, 1.7977303072972777e8
1.45320783872901e8, 3.0539360907610434e8
2.284864998168904e8, 2.897404281328433e8
1.8337053119944245e8, 3.18833110053747e8
1.6399221279577872e8, 3.398881277026766e8
9.149290579811266e7, 1.4960464590446827e8
1.1936965274581555e8, 1.7795187645375398e8
9.805073182847604e7, 1.522723307129434e8
1.5507010776096904e8, 2.231520661592385e8
8.169006976373307e7, 1.5741448550465447e8
8.228626169771862e7, 1.88271251532821e8
1.3596240571678698e8, 1.8855090595824376e8
1.3869901566563293e8, 2.858465331064501e8
2.3378345334071064e8, 3.682293026550606e8
1.047806378564681e8, 1.3317357394782546e8
1.2879202727020627e8, 1.712171626643784e8
1.3530237028341183e8, 1.8443307108154744e8
3.432326827222929e8, 4.226335523592669e8
1.3044197911946297e8, 1.8127365136057636e8
1.2243911720493653e8, 2.646911616438025e8
1.8947194607372364e8, 2.497634902830074e8
1.523770639036717e8, 1.9331385305950335e8
9.153071787063344e7, 1.553406721951881e8
2.4617360969043937e8, 3.230955935177597e8
5.002399098308145e7, 1.1973848882086618e8
2.5611966085378382e8, 2.941411462215538e8
1.0066282745011081e8, 1.5306458886594123e8
1.1411454038478164e8, 1.9375810759529924e8
1.2434038932784939e8, 1.8589445852884728e8
1.2539029269396015e8, 2.870570765440871e8
4.2561905270478296e8, 4.9658146455843353e8
1.1527761496562125e8, 2.0724179230970165e8
1.0814054671490347e8, 1.5482817356200156e8
1.621023263709431e8, 2.4912334181828263e8
3.400557016745242e8, 4.5225541864308876e8
1.1596744063044994e8, 2.5220604120429477e8
1.0145759595693967e8, 1.5201408359977505e8
1.802904613918937e8, 3.646711988785646e8
3.6494225844766736e8, 4.8108304732802284e8
9.00326715560519e7, 1.4038804306047794e8
3.0082294201936364e8, 4.081356298085151e8
9.438545063889463e7, 1.3570974067378983e8
1.736881839477977e8, 2.504449962889387e8
1.5275586741956675e8, 2.0573176063288084e8
1.687092497861482e8, 2.7632566361375487e8
7.709102427597743e7, 2.7330513306528515e8
1.2604524119358724e8, 2.044702372731461e8
1.2642633135782695e8, 3.915520715878851e8
2.5119768382549337e8, 5.330018338808704e8
1.3894839437727708e8, 1.9715252529847264e8
1.2137094557582974e8, 2.1990760319843265e8
1.2890418264847928e8, 2.4302096635207948e8
9.89954145747619e7, 1.681825051377325e8
1.2077770575674678e8, 2.0230419896423605e8
1.4151585563668075e8, 2.0072736786185208e8
6.265368373380936e7, 1.494053813153248e8
2.4136148285605106e8, 3.4468820322906e8
1.6332847944882825e8, 3.8884106015887916e8
1.22163557485973e8, 2.7375300508592546e8
1.4443112832708943e8, 1.90516320856593e8
1.0098588014117727e8, 1.8841155311721325e8
1.2076033789756876e8, 4.117927427101306e8
7.882399774106213e7, 1.4494977235077047e8
1.714474814327019e8, 2.288282037067131e8
3.1923795236178756e8, 4.352759800770727e8
1.4391899217080125e8, 2.4814414506396598e8
2.0980623729565713e8, 4.841104936836837e8
1.7643202156291026e8, 2.9694277931437093e8
1.0246892788472445e8, 2.344951894030978e8
1.2375428371736118e8, 1.6480942846811837e8
1.732787469941082e8, 2.782007729096689e8
1.2814046038485268e8, 2.217620901977512e8
2.8000641018787277e8, 3.883515338774422e8
1.6916630998835334e8, 2.0869539985761338e8
1.5473806628873304e8, 1.9298151260114592e8
2.5572035535196227e8, 3.0106473846027285e8
1.793573390291949e8, 2.5910577814636022e8
2.0426454729209247e8, 2.6786641838431728e8
2.6372231910507607e8, 3.2095394750375926e8
9.474893278232826e7, 1.6523661923129946e8
1.0871865411546978e8, 2.6729423134516352e8
5.097192890531688e8, 5.982102340569621e8
1.5268376617197737e8, 2.3845311910309604e8
4.432008104129323e8, 4.8675346222582674e8
9.955273622179991e7, 1.871826670038472e8
1.4702724338270435e8, 4.200712121838112e8
9.956377206234793e7, 3.439883349054271e8
1.0904444033880593e8, 1.452203409262694e8
1.715989964151219e8, 2.1590978503380194e8
1.7475284215451917e8, 3.888303880348253e8
1.0221925318700261e8, 1.3634456454122964e8
1.5750880540499038e8, 2.681195430946798e8
1.968569495969031e8, 3.9744372854945797e8
2.96580677801498e8, 3.9377412964421684e8
1.9378898522706592e8, 2.6786993968897864e8
1.1095770600735177e8, 1.8276833092156604e8
2.5303041045121118e8, 4.423197380349146e8
5.675730788036594e8, 6.932274331480125e8
2.634668890272549e8, 4.197059686836875e8
9.577567602647933e7, 4.566810210951353e8
1.515996996101253e8, 3.0705847208544576e8
1.0195985404898167e8, 1.4948889522349548e8
2.1060553101199427e8, 3.002889913668597e8
1.5785365071406764e8, 3.9276787749214727e8
8.3573057694563e7, 2.2633850863698885e8
1.0193234992771612e8, 1.8306221763824606e8
1.350397468550248e8, 3.590258584249233e8
1.2710085316528411e8, 2.3788287161705452e8
1.1034694348704033e8, 1.5160130410744515e8
1.0648446756199872e8, 3.0600621578935385e8
1.7621143330440262e8, 2.3400388897466964e8
7.645780089725979e7, 1.1843940339745729e8
1.7435728098436505e8, 2.7216527708210826e8
8.480713303845002e7, 1.5680365153336996e8
2.4235273973988345e8, 3.003382750856061e8
5.272791979012196e8, 6.068039027705513e8
1.5207017287978142e8, 3.3810982382032835e8
1.2322139089928606e8, 2.141086579794112e8
2.0832572681182808e8, 2.804445386214688e8
2.876595556645591e8, 4.194447283285942e8
1.098538994943527e8, 1.9505405338632187e8
2.66825136323513e8, 3.487600441205232e8
1.5457015160679936e8, 2.2703071821869767e8
1.2949085657434897e8, 2.0097555791042286e8
1.1146727722687107e8, 3.256806465366137e8
1.5810959454621363e8, 3.6799549014971524e8
8.929009571672083e7, 1.919442258760374e8
1.1822260524896118e8, 1.6932507407314295e8
1.2638896608548391e8, 2.9284439206461316e8
1.3659473757654375e8, 1.7646685854084662e8
1.8502091528468385e8, 2.5799874008268994e8
1.3855925054904938e8, 2.9395410469269043e8
1.2731844931595717e8, 2.3611676997377467e8
3.4005202401040274e8, 4.180364166545977e8
1.602314770321937e8, 2.2031201776463622e8
1.7429814829486117e8, 2.7341918354348046e8
9.09851954007822e7, 1.5104805406927097e8
1.4134614201564854e8, 2.2019410888223436e8
1.0855785864485443e8, 2.793895452927852e8
1.0179249890369053e8, 2.110467976647015e8
5.010069934709932e8, 5.837176965637827e8
4.2255708252455777e8, 4.896128113681526e8
2.5525247972714946e8, 3.391568059794829e8
1.4382941253530207e8, 2.760731521256365e8
1.602019599497305e8, 3.2390420627668434e8
1.1133818871445256e8, 1.7757283445711264e8
1.4442001906017402e8, 2.83621250796673e8
8.984861017263672e7, 2.0121833640638235e8
2.3705850505666503e8, 3.0779174924955904e8
1.550476377478035e8, 2.252957563827972e8
9.720908699495707e7, 2.1136463585111976e8
1.1177425258687457e8, 1.8473808751169416e8
3.076828180671742e8, 3.774555503864158e8
1.4204347621774873e8, 2.2962107651084876e8
1.3134200423288709e8, 1.6941568871394828e8
5.87194805953664e8, 6.322595700321115e8
1.40725367868098e8, 2.6689273007085532e8
1.5111237734524608e8, 2.426008992806419e8
2.925687284384511e8, 3.84601427229458e8
2.1587703412649703e8, 2.563286366791225e8
1.5551528155319637e8, 1.970252104180071e8
1.658865843189397e8, 2.9839277876143837e8
2.6396179909724006e8, 3.7014218057678777e8
1.1971400576582347e8, 1.938624359743848e8
2.1946026818906966e8, 3.0370793948724246e8
1.0872057000632893e8, 1.9669506361520454e8
1.3259494468622477e8, 1.8441885125571188e8
2.0136149388864198e8, 2.4611821854864413e8
1.368446782625028e8, 2.323990751278364e8
9.050526032939625e7, 1.5137168314638594e8
1.300061692468194e8, 1.9066242884879407e8
8.639310870991503e7, 1.6034752545380658e8
1.3550969137673214e8, 2.20292862874637e8
3.0046917649388134e8, 3.5975174466239804e8
1.4205401891792974e8, 1.9986832578674936e8
1.2930684622647227e8, 2.054040110303358e8
1.8185026619306335e8, 2.3911061618051377e8
1.0015770739868681e8, 1.4807238949934995e8
2.24016516219681e8, 3.471455280903388e8
1.8292556001722562e8, 2.5565872037477645e8
7.524119779321541e7, 9.828155095518845e7
1.5904003306353563e8, 3.3572860677243865e8
1.6642456123742786e8, 3.014978813458159e8
7.771779944295341e7, 1.5956655266937912e8
2.848880850644724e8, 3.3520479822957164e8
1.2209528911781208e8, 2.350136724552476e8
2.0231507434351495e8, 2.873398472413469e8
1.978862188886185e8, 2.8084231160248375e8
1.466091250870106e8, 2.154875766782885e8
1.340801551790985e8, 2.3583959223893675e8
1.8960736050783232e8, 2.747158618230829e8
1.2454614310737053e8, 1.9480218347741592e8
1.4055919484140402e8, 1.882116847052145e8
1.0414318375780985e8, 2.104532732088025e8
1.7341524738291132e8, 2.4525469004735726e8
8.452990514566734e7, 2.1102949308468935e8
1.3463772824684498e8, 3.0535663731010073e8
1.037037444374789e8, 1.8249480573888367e8
1.5360090132169858e8, 2.4503786339839083e8
1.738414261550451e8, 2.987185949964542e8
1.124426922273097e8, 2.133773327748691e8
3.3658207891317797e8, 4.254971331091781e8
1.1931880027151726e8, 2.3623424919438535e8
1.076551479400124e8, 1.4960580689422765e8
2.078634904133999e8, 2.8603094936643505e8
1.3468792754222983e8, 1.8064795075535303e8
2.0341629940102568e8, 2.485903185053332e8
2.3878182089070475e8, 2.9454944820477855e8
7.754903300049014e7, 1.979399470229251e8
2.6543355885782772e8, 3.604801456864843e8
1.7175072766570234e8, 2.4244166433226416e8
1.3203457008695877e8, 1.8525793313605848e8
4.6827862680221215e7, 9.835673562700193e7
9.535535518288343e7, 1.5034137206026986e8
2.685985483550956e8, 3.989508492168803e8
1.3492090362173057e8, 1.8089853859483722e8
9.750152875126767e7, 1.3491523767335758e8
2.5187378163492674e8, 3.1087683473546416e8
1.530405510572055e8, 2.1909180254885158e8
9.158643416299124e7, 1.5620517602136797e8
1.4807363268036005e8, 2.3422174870604968e8
1.3123316088718703e8, 1.7457364387046927e8
1.415081200553795e8, 1.9255355323217294e8
5.002927752955353e8, 6.172630938184705e8
1.5940369739680487e8, 2.2225307197445682e8
1.1648018234364448e8, 1.6748835929982132e8
1.1791665497923441e8, 1.6534046717510346e8
1.0935943930230463e8, 2.520693869555247e8
1.90348255336732e8, 4.0508215349118274e8
2.1163458878844222e8, 3.437508819848059e8
1.2969029423460467e8, 1.8604520259702072e8
6.007206057195742e8, 6.883476296325797e8
1.8346808817270452e8, 3.4290807496605045e8
1.7480531141952384e8, 2.4559571645805547e8
9.621355050641088e7, 1.4014213550339466e8
1.341511879784021e8, 1.711339070868443e8
1.1947530383867308e8, 2.094562934188939e8
1.5828978778786305e8, 3.756004393620418e8
9.892583771613453e7, 1.3509277656181395e8
1.2695521726459673e8, 1.6213941305446875e8
7.699501547173734e7, 1.124579190216243e8
1.1026883375755088e8, 1.813792010326819e8
1.1418667526941328e8, 1.6356110362668046e8
7.324005914160588e7, 1.2287439772400229e8
1.86119991876917e8, 5.75240763708936e8
1.1542842317472075e8, 3.6724084314674956e8
5.939068407860446e8, 6.710312724883553e8
1.6576841581964147e8, 2.3380549122683188e8
1.8114304499957386e8, 3.436991786917885e8
1.571263520667894e8, 2.6865178241673857e8
9.543339903068075e7, 1.6452376965411168e8
2.945317714457437e8, 3.3171367184863216e8
1.304791631271229e8, 1.944487102379682e8
1.2619496633538154e8, 1.614401734335907e8
1.3191915917469609e8, 1.885870569152159e8
2.4989053910373777e8, 3.406597729921439e8
1.0993905031177004e8, 2.2293430344824582e8
1.1020478851595189e8, 1.7058302659271282e8
8.773335464400233e7, 3.6482304437183136e8
2.3177390220295748e8, 2.641720648583815e8
1.6386623773292115e8, 3.039578215703731e8
1.0009814405736998e8, 2.2217454493169048e8
1.014849395878075e8, 1.736085736010105e8
2.76234318593491e8, 3.268182127945212e8
1.1266614102050382e8, 1.410744699059572e8
3.127473836073716e8, 3.595092798158829e8
2.1697191445441908e8, 2.922027510571927e8
1.3304404165968882e8, 1.8753621683612004e8
1.8831250165927702e8, 3.8337312320020324e8
1.121850499954356e8, 1.9404139658340552e8
9.855536025693761e7, 2.0790995830438223e8
1.2863262738863063e8, 1.906668937425141e8
1.536157791019039e8, 2.2471318051725686e8
1.3257620325580059e8, 1.8269515021299395e8
4.11939970361064e8, 4.92418870202793e8
1.0179407268830551e8, 2.243797255379513e8
1.1222865447990204e8, 1.891878089026673e8
1.4154998482838592e8, 3.1568901485052145e8
1.4306771899455488e8, 1.943485998481294e8
2.0645220404120365e8, 2.6809622593860552e8
1.2489305121245308e8, 1.9715362491769832e8
2.5119994707833925e8, 3.292704995950407e8
9.83127901025287e7, 1.835063637466982e8
1.0229860260631618e8, 1.694681272432632e8
2.87410143152977e8, 5.275566282212055e8
1.6591648816362518e8, 4.153020486363676e8
2.3406174778141952e8, 2.775987382084071e8
7.512186173087363e7, 1.3039004169433609e8
9.492944616799068e7, 1.3673333638711885e8
2.293820143775861e8, 2.954091823467367e8
4.380418358532786e8, 4.839431856315682e8
9.224958527742684e7, 1.4075753438778326e8
1.2258390516806954e8, 1.6640139284600285e8
1.4941651383959767e8, 1.7383712205552e8
9.600949838117267e7, 1.634616067512542e8
1.1686251903633924e8, 1.6124432331729534e8
1.6529825681948626e8, 2.3761681850690186e8
3.273220089037612e8, 3.8960625510640216e8
1.253062911573274e8, 2.169534955132587e8
1.3226041753233288e8, 1.8751479943651122e8
3.949829440550337e8, 4.965583517057024e8
7.692529125414546e7, 1.6645207516701603e8
1.080350431395535e8, 1.9209068614965975e8
1.2969451764804552e8, 5.166261171972015e8
1.1153899337127136e8, 2.1636221502646136e8
1.0375455316300204e8, 1.3470252318873063e8
2.5258265541481957e8, 3.523084851271496e8
1.1315690765336691e8, 1.63536196526446e8
7.22707360687664e7, 1.348316242879942e8
1.3143531816733368e8, 3.8908937124158216e8
9.981580244873337e7, 1.525077248603468e8
2.4167614340207905e8, 4.3634617278766185e8
8.776070926106444e7, 1.9446271126949874e8
3.082248809129433e8, 4.246106583135622e8
1.2639630884167987e8, 1.651501217505486e8
3.598155777913362e8, 4.049657430081225e8
1.107564077562647e8, 1.7219371050932568e8
1.4201388739772424e8, 1.813204915150904e8
9.634726535873255e7, 1.7507865072722957e8
8.908366671726008e7, 1.8307164517330062e8
2.1959067572592437e8, 5.738943610034469e8
1.4350121350189215e8, 4.577325005222706e8
1.5022270403339973e8, 3.370570842744363e8
3.308517551113531e8, 5.330452155197807e8
1.2032118940817936e8, 2.6528768234719965e8
1.1998743192454809e8, 1.7222791578783995e8
1.7720714640927532e8, 2.4892037912949446e8
1.30775957169452e8, 1.8567521433653373e8
1.4018999790498304e8, 2.3484511472230053e8
1.8108791173120525e8, 2.6660388750925022e8
1.2945682177778547e8, 1.7020079911819956e8
4.1965463694178355e8, 4.824523639589142e8
2.4655089532145402e8, 3.2799410041147894e8
7.731984249163736e7, 1.2166926521367326e8
1.4560603764599198e8, 2.36621478268724e8
4.318525556864075e8, 5.2664014111189485e8
7.191582282020724e7, 1.2052336140134929e8
2.0251535057785234e8, 2.626327040003476e8
3.1886219607671297e8, 3.6668141057258093e8
1.0798409203748897e8, 1.651480790909183e8
3.099202674446369e8, 3.481061366460143e8
1.0369132759241438e8, 1.3171762326068552e8
1.4099335938601524e8, 2.0976184981154904e8
8.803911725836623e7, 1.531785958736016e8
1.1197392406105573e8, 3.4332565018174726e8
1.0246582964190075e8, 1.5933717235853162e8
1.3150587448245278e8, 2.4838995811046845e8
2.1977091216549104e8, 3.045713669460584e8
1.0887201300131413e8, 1.5368673370082295e8
3.043604276540597e8, 4.8612356446278787e8
5.057972706144216e8, 6.053262469200352e8
1.405129058419001e8, 1.8011004359521675e8
3.242422303318174e8, 5.777522173890748e8
2.2859988073046193e8, 2.943111134170804e8
2.963371034513223e8, 3.5179485465247357e8
8.719573510822135e7, 1.6359276161734664e8
1.1227641645490909e8, 1.5942364415643835e8
1.6366514630965003e8, 2.8070571305971223e8
1.9237385134991193e8, 3.37816330953163e8
1.891081322637999e8, 2.4022965381272057e8
1.9610206408201286e8, 4.71459747576308e8
9.049247462502961e7, 1.2471880672496952e8
2.919882419938899e8, 3.8347493819569016e8
1.7116699307241714e8, 2.7241221179902273e8
2.9646063511414933e8, 3.92148209918535e8
1.9959803892377257e8, 2.7525246062564826e8
1.5279477908102742e8, 2.081463297550233e8
1.559051705522613e8, 2.1230436226743293e8
1.1226811573768075e8, 1.8336691536046296e8
1.3203450932589072e8, 2.754400832384456e8
1.4877167293846488e8, 1.7827323885509002e8
1.2938098013108356e8, 2.284251526353179e8
1.3536301267051822e8, 1.8487909643279886e8
1.3681420765518078e8, 2.1598724775439155e8
3.944756308369057e8, 6.229703010578487e8
1.6468653114076746e8, 2.3549809722534648e8
1.4492129588707912e8, 1.981115138394363e8
1.5671967921562862e8, 2.2654883378345773e8
1.725499696672738e8, 2.5342195103226995e8
1.8857347190153944e8, 3.112576016282955e8
3.310545015667274e8, 4.1267444464990145e8
2.390118732480989e8, 2.8844092871481556e8
1.4646799286096275e8, 2.290324198075208e8
8.107306868721113e7, 1.4621286821924827e8
9.400202781390256e7, 2.581193596412016e8
1.643021318996789e8, 3.4720331361541164e8
8.997035267169127e7, 1.324403092282223e8
1.3619691001913816e8, 2.128846411007461e8
1.185998298012804e8, 1.8524889644594523e8
1.0841784170414911e8, 2.0408885761860016e8
7.398324028258945e7, 1.328299089792127e8
1.682251659525728e8, 3.4912220292152745e8
1.0805118990537691e8, 1.7065531054742616e8
1.5666842418748233e8, 2.8295645319381386e8
1.2931382890826643e8, 1.9282327101322365e8
1.8214800159202173e8, 3.159116206552962e8
1.4069434313627002e8, 6.337402844205027e8
1.5881688819237724e8, 2.7649836747398835e8
9.513697470205873e7, 1.324584593111157e8
3.247151285374142e8, 4.134665087834111e8
9.185414033324873e7, 2.2564589539221007e8
1.1288939137117928e8, 1.8272432844094405e8
1.9715242374056408e8, 3.925368327491835e8
1.7274371540730274e8, 2.582442052394934e8
7.642119985894074e7, 1.596718437982502e8
1.2921115244052488e8, 1.9447982111741528e8
1.5842616499826953e8, 2.3210192214269882e8
1.416215650872791e8, 1.8195842460470083e8
1.748269044641098e8, 4.9218174459506446e8
1.1066366062232904e8, 2.6596200401515996e8
1.260349715044225e8, 2.383552914249779e8
8.123171869581853e7, 1.3135631322748785e8
1.2767226842381305e8, 1.7786838632027984e8
1.500069559550852e8, 2.5270824791192067e8
1.7118233789787772e8, 2.3250474997346476e8
1.3667166688686204e8, 2.1856251973212418e8
1.0879655368375143e8, 1.909431134521662e8
2.171836214918398e8, 2.752415554736797e8
2.193364701835375e8, 2.86845437095041e8
3.1459943505494964e8, 4.177988475011174e8
1.3012779938510667e8, 2.0799622353488666e8
4.4464673572104913e8, 6.419504038448538e8
1.1614477361996481e8, 1.5843277366099203e8
1.2326542978788944e8, 2.8264560710947996e8
1.5106494616466007e8, 2.0987085816708314e8
2.5271525086593264e8, 6.894326426780499e8
1.556323424643165e8, 2.774546054596525e8
2.4658871885867044e8, 3.006114294702225e8
1.41928694282345e8, 2.2468041840257394e8
2.092802418925771e8, 2.6214946665287513e8
1.35741391077278e8, 2.670116406395287e8
2.2681388421568826e8, 2.7270685898695016e8
1.380443288511641e8, 1.7809093094132444e8
1.087270138796174e8, 1.4649146083607945e8
3.5056518656017e8, 4.644785462993662e8
6.999096542137563e7, 1.414639439117544e8
8.708785920770808e7, 1.8438891439122024e8
9.284085901670162e7, 4.2089063615614456e8
1.088946850998334e8, 1.2667791979778147e8
1.370151950403693e8, 2.167817073839616e8
2.0894163621111232e8, 2.9257181258210385e8
3.831649259693913e8, 4.927932716403088e8
1.3214626684541123e8, 1.7727993440777782e8
1.1254485083380026e8, 1.923783606111276e8
9.0984655124805e7, 1.3752403151243728e8
4.0992312032592946e8, 4.798615502895282e8
1.150376023046632e8, 1.8859124753061417e8
2.0774795697453296e8, 4.4424355111883163e8
1.5604779385107335e8, 3.0140292335742015e8
7.061957663281645e7, 1.1353661480188313e8
1.413570779652676e8, 3.5135353267577267e8
1.2650259551379651e8, 3.607349617590276e8
8.29346083834988e7, 1.5359982963763374e8
1.0824467914464714e8, 1.9638144495141065e8
1.284812762566799e8, 2.0972746205786374e8
1.58494867060363e8, 3.087586961746017e8
1.9993867650068283e8, 2.967822897552775e8
2.1912639889448142e8, 2.9070504628027165e8
1.4411936702420923e8, 3.490235315658958e8
1.2328093846601564e8, 1.8699630931329402e8
3.464462789481958e8, 4.227183552272854e8
2.542047721383174e8, 3.267817516668034e8
1.14429018705794e8, 1.6016731599357462e8
1.09148029206044e8, 1.8018660898565245e8
3.537098655462987e8, 4.8918619824720234e8
1.3841112860485607e8, 2.5827904758721697e8
2.887742481002589e8, 5.0577808308886874e8
1.3464990322254696e8, 1.720324829838557e8
1.337166204051817e8, 2.761971074514904e8
1.2277802044734138e8, 1.7026654654060808e8
8.751768158214028e7, 1.2533399444794165e8
2.6500327047721627e8, 3.177402802241169e8
4.8196080517374456e8, 5.549482193391423e8
2.609205865907174e8, 3.273598005064756e8
1.7213700849253768e8, 2.4713990691599408e8
8.56022728262602e7, 1.401258145588843e8
2.566443406236027e8, 3.316804674220037e8
1.5679796636698306e8, 3.9536117528459185e8
1.3063546667374125e8, 2.06487273423456e8
2.1019260322628313e8, 3.1252849557358485e8
1.3979064280341968e8, 2.1702086342920575e8
1.3873674384633e8, 1.8976359556278485e8
5.2914300614568256e7, 8.606210124130687e7
1.6870706468508336e8, 2.2166483448595202e8
1.7453223985456175e8, 2.437381100946529e8
2.0320266531678194e8, 2.892801101042306e8
2.224995120288902e8, 4.907431761522315e8
1.1155708959607872e8, 1.915891904064915e8
1.0971120233167922e8, 1.500144599170413e8
1.8620253365509796e8, 2.7964828766699785e8
2.065992339877132e8, 2.496200255771599e8
1.617336877865754e8, 3.574583047732574e8
3.2429466476858824e8, 4.3473761487514997e8
1.1782992441804476e8, 2.488357516055406e8
1.2055919838633211e8, 2.0287135963535038e8
1.6280988473493624e8, 2.2848928744427904e8
2.0547743843627203e8, 2.5723018137482277e8
9.028464499175577e7, 1.1367497738282971e8
1.0292639959333976e8, 2.1146222572600436e8
1.897892960641512e8, 3.0787530908331805e8
1.1117238829914525e8, 3.582025837534089e8
2.7282058219130933e8, 3.4943394615895605e8
1.501183274944672e8, 2.335597844604232e8
1.4963538943017712e8, 2.1433917796422628e8
1.1842916185424688e8, 1.8214113986291388e8
1.20362211845076e8, 1.9753768998484975e8
8.699552742941883e7, 1.4959034292031613e8
4.162044416455888e8, 4.626158468504734e8
1.618645323280021e8, 2.4448849955420354e8
2.3179936480317873e8, 2.886758377405054e8
4.573861063030153e8, 6.993852833411891e8
1.1276602980839439e8, 2.1870422414678934e8
1.3282838720643587e8, 2.079936812574269e8
1.0159732509448338e8, 2.3629197309448293e8
1.0281735549231248e8, 1.5966283261069196e8
1.0730564041753584e8, 1.470587315513494e8
1.9910781788129836e8, 2.78109821182384e8
1.3149554492478746e8, 3.195441403044036e8
2.2783001786102775e8, 2.84405086348408e8
1.0327553019407043e8, 1.3867061796021634e8
1.5048638602586263e8, 2.2171279875341228e8
8.630824379496908e7, 2.07285346975997e8
1.2444515749675152e8, 2.1337265434961316e8
2.8464560648863626e8, 3.5321483182020587e8
8.557204875540212e7, 1.7114097018847322e8
1.2568738082339709e8, 3.6125254977773005e8
9.507047743555222e7, 1.5830778069349885e8
1.337259490948371e8, 3.572457113243419e8
1.0123121902394591e8, 1.6291542857559144e8
1.7237091436661127e8, 3.5908223444142413e8
9.880583675528331e7, 1.567135126910705e8
2.3038045122749037e8, 4.1554082417862606e8
1.52668401893522e8, 2.0392856898436627e8
1.1549453423973824e8, 2.4319178229024673e8
1.4540800489242673e8, 2.1853196566223764e8
1.4162088654825038e8, 1.8291792917051673e8
1.8487367347715423e8, 2.7907596212027925e8
1.3603946547592714e8, 2.2099723259928948e8
2.97383862980889e8, 3.9349641974596936e8
1.0547404140880246e8, 2.5451328274304026e8
8.82293144685644e7, 1.3672275531617454e8
5.750735804119011e8, 6.374927539039834e8
2.8379595484102285e8, 3.350953404279913e8
1.357656448409513e8, 3.9197925533522016e8
2.0566501468069172e8, 2.6585278120696852e8
1.1188287891254236e8, 2.307552533560014e8
9.795373262717532e7, 2.1093846910350853e8
1.0905444706958304e8, 1.8590031731435376e8
2.5746186107712865e8, 3.103706794433825e8
1.513723119800371e8, 1.9767032053927234e8
1.306324050594663e8, 2.479870870356667e8
1.0779318995340502e8, 1.8811480360607097e8
1.5096669399729034e8, 3.003340691246241e8
6.255176822865721e7, 1.1860305511661483e8
7.759453621422093e7, 1.7863985261314163e8
2.8002570712239033e8, 3.165374557691075e8
1.0079624400966157e8, 1.4680898996166244e8
1.3161398066169813e8, 1.788495626108979e8
1.4361056325044674e8, 2.0951564303710112e8
6.555517491197252e8, 7.048669854184626e8
9.088764453308032e7, 4.065810231331827e8
1.4482169286452693e8, 1.9802903083442923e8
1.0039349206419188e8, 3.5020938729741806e8
1.435728902784073e8, 2.5995859470479643e8
9.05490398543954e7, 1.4517627511480188e8
5.0492830308253133e8, 6.152893655686568e8
1.6187731037933096e8, 3.6043018921484405e8
2.2833687979634967e8, 2.6945701479725933e8
1.3874700647013783e8, 2.474930886027907e8
8.392008844449319e7, 1.5104911362371325e8
1.0009836181654246e8, 2.7302155127930665e8
2.893289646779748e8, 3.5839057530665225e8
3.6047866899947935e8, 5.910382074364396e8
1.9789105007333302e8, 2.681859119899662e8
1.8721982635915187e8, 2.94775000835451e8
1.121774074279553e8, 2.6423571978478345e8
1.4255778358024082e8, 3.4856965824011093e8
1.9100029110720217e8, 2.712488080024946e8
1.7938612029031846e8, 2.75990494379587e8
2.5777800360941365e8, 3.616548180760709e8
1.1581385040103373e8, 1.8826957136593327e8
9.055075459688193e7, 1.8942956942538065e8
1.1205065108574976e8, 1.939018287094464e8
1.9699135360275996e8, 2.4452294298439845e8
1.299387783266922e8, 2.0852080769159785e8
9.806404870554584e7, 1.6587924028821382e8
1.0092175437156636e8, 1.4727157613528693e8
1.4489726568612334e8, 2.336569040784696e8
2.1256498780990037e8, 3.3303687390962005e8
1.387456071094146e8, 2.1163961451078302e8
2.831392729964514e8, 3.630294745623194e8
2.6030088828253335e8, 3.188866736032221e8
1.5424155043478832e8, 2.37288282184718e8
1.561869184645116e8, 2.3603886387989205e8
4.544983170197964e8, 6.80796130567855e8
1.3969430718638206e8, 1.8139282609635538e8
8.578280186029221e7, 1.6756763731175283e8
3.186625731466801e8, 3.8275654469935626e8
1.6815394175750822e8, 2.235894062792049e8
1.6539935369680032e8, 2.7312339641703564e8
1.352726036923069e8, 2.0507335329016268e8
1.1801716222415045e8, 2.23578436995323e8
8.30442637222886e7, 1.4664467351593366e8
1.831488541119721e8, 3.6689148781267303e8
1.0387504901338878e8, 3.109342799528062e8
8.742111061287808e7, 1.7142565752285153e8
1.3769150045126277e8, 3.6937705754660726e8
1.2141503260356842e8, 2.2715259667102543e8
1.237375963275194e8, 1.8005146445548287e8
2.1009134413381392e8, 2.90632355033323e8
1.365249822893519e8, 2.0379174205913773e8
1.2607157675185104e8, 2.1544590014085397e8
1.3841213427558208e8, 2.101014286889262e8
1.4684358697453037e8, 2.855393667203617e8
5.071745840500271e8, 6.292789220456793e8
2.6392105611258167e8, 4.232231088674138e8
1.3711016266136935e8, 1.885084943317257e8
4.3750604410343623e8, 5.067622988575064e8
2.4333072111375433e8, 3.1949321579944587e8
9.031260758451557e7, 1.2204969502891845e8
3.06560473215345e8, 3.855402246162737e8
1.926831550744305e8, 2.3970125017137322e8
1.4377440582165387e8, 2.1015772263517082e8
1.216954772215094e8, 1.5842778367759278e8
2.939891051631781e8, 3.3460091231770784e8
1.0515244810818778e8, 2.165428289328119e8
8.676714238755247e7, 1.5478972635686362e8
1.670122362878205e8, 2.2819000554402742e8
1.8272340251516637e8, 2.884410045598854e8
1.9290142388818735e8, 2.7831159159082574e8
1.1114324077048668e8, 2.524104306659122e8
9.656007646642485e7, 1.8551631511819807e8
2.949621488364875e8, 5.985089495480387e8
2.743809435572146e8, 3.239050692801677e8
1.1231539166683736e8, 1.6634996907364064e8
1.4865712334060413e8, 2.062270421313498e8
1.525960250247474e8, 2.343683764321782e8
1.554953683852055e8, 2.022081298252072e8
2.4471069575316948e8, 3.496511756839427e8
8.184635949005972e7, 1.51073733455444e8
1.7964415738384676e8, 2.272806430058356e8
1.0502921408880162e8, 2.2680478229257023e8
3.4731224398364764e8, 4.304131969415723e8
1.5072309782632375e8, 2.33796158224963e8
1.222255738401907e8, 2.0954156177781e8
1.6072813621800277e8, 2.5766863552489093e8
1.2600510742652449e8, 1.9748879880436957e8
2.214433596347527e8, 4.9073906914128196e8
1.633988116607131e8, 1.8924543926350707e8
2.0239540295467225e8, 2.447364391404276e8
3.192560344431e8, 3.526765866755466e8
2.1070095168107632e8, 2.9355925967049974e8
9.283220298889416e7, 1.6633453401389217e8
1.0855939430425477e8, 1.7420695100871113e8
1.3434805864680144e8, 1.9175192953440997e8
2.230341665864518e8, 3.041417381810031e8
3.6136174095602536e8, 4.183974543246809e8
1.186851528960979e8, 2.9933339776193506e8
9.66292439973997e7, 1.7218211645279467e8
1.990599699297918e8, 2.4294196295852825e8
1.8721775160653687e8, 2.4071839261440104e8
8.09062045929924e8, 8.994663187815355e8
9.469807185150771e7, 1.6028182855634028e8
9.637527542334393e7, 3.298058802578217e8
1.2847387120549485e8, 2.3766873039164746e8
1.2527860991676308e8, 1.675312307316779e8
3.4871325501367265e8, 4.2014652477832973e8
3.5385816519696903e8, 4.1182332833202326e8
2.0307339704720253e8, 2.8001647680824333e8
1.362938654906227e8, 2.0448933951081765e8
8.09986716570504e7, 1.2728087331058998e8
1.5656812082053563e8, 2.6393963320242214e8
1.0379030142407122e8, 1.906104645621814e8
3.4154210984274423e8, 7.827438241782812e8
1.1161252591711426e8, 1.747559411330285e8
2.8812001148731804e8, 3.39282552549102e8
1.562251266353992e8, 3.145591494144669e8
1.1142748001430035e8, 1.9309187565025395e8
6.863236065071826e8, 7.319855207961565e8
1.2317011050670698e8, 2.8572380509309036e8
2.8565360300837064e8, 4.5592126566583323e8
1.0217165111559364e8, 1.4959075894037122e8
1.944093394240434e8, 2.620795809922448e8
1.1630789149389844e8, 1.8067271371105453e8
1.2746389527743597e8, 2.0518040846119547e8
1.9221341953503785e8, 2.3441749648238036e8
9.652243026749846e7, 1.3331334005433837e8
3.174119610444635e8, 4.543888919126004e8
1.3371913017431855e8, 1.8548287089683118e8
1.864006680776618e8, 2.3732709371885052e8
5.046639480374193e8, 5.661359556656413e8
8.68126087278498e7, 3.162095747581855e8
3.141244977660928e8, 4.1731726657105243e8
7.802650453843682e7, 5.547479024016145e8
1.404738854130834e8, 2.3558658168647477e8
4.747864470849093e8, 5.2217464955318826e8
4.280123151948548e8, 4.7832664200665903e8
1.3383920021788527e8, 2.4593087832628354e8
2.2218746913964438e8, 4.20820365108457e8
1.9366639467484877e8, 2.3631309066206068e8
2.519188399360596e8, 3.7395458599716055e8
2.753173695125891e8, 4.1772549173560417e8
1.1287014247425833e8, 1.5550682137801227e8
1.3387160700232676e8, 2.667185344924493e8
2.256713922668113e8, 3.370396008242897e8
1.7822406567137733e8, 2.3069037819656512e8
1.3787292776662707e8, 2.3538700192823717e8
1.6146182131120893e8, 2.3482499847616762e8
9.418730686071348e7, 1.493928629359127e8
1.3470118342691073e8, 2.79864289007543e8
1.6204191777360612e8, 2.1134944968986693e8
1.1513328271217878e8, 1.5456092206200677e8
1.2989408330522887e8, 1.658470977948178e8
8.219000080908176e7, 1.3324589692449574e8
8.00272315841109e7, 1.7351718670264727e8
1.2459388405283673e8, 1.6525753668747538e8
1.1605739338008071e8, 1.609230031577151e8
9.15602763186399e7, 1.5424943441195643e8
1.0796505381660421e8, 1.8349197586811474e8
2.6165003994519016e8, 3.646212068414681e8
4.8505990536873275e8, 5.584920507911298e8
1.888128922686302e8, 2.805330634162856e8
1.049492839774567e8, 1.5535123987935415e8
1.7167702678852302e8, 2.2495782086002913e8
3.529070091906724e8, 5.612630647971498e8
1.388844072093437e8, 2.693796353131555e8
1.1780430651003695e8, 1.859571019583817e8
1.2955202429616417e8, 1.7474211013547567e8
1.0238795237481314e8, 1.8888989327057016e8
1.26997014241199e8, 1.698436663786207e8
1.6938599060727444e8, 2.2533659113447747e8
1.7090150628052092e8, 2.1507297756319085e8
2.191624180905612e8, 3.47709931941811e8
8.859718336897914e7, 1.669845439362761e8
4.183770226955936e8, 4.696641782137402e8
1.0489295890411612e8, 2.4412253474620712e8
1.500362217196967e8, 2.3044390350381938e8
1.4131076840876174e8, 2.6308307830374983e8
1.1549961204222694e8, 1.7362574139540634e8
2.3199867227124342e8, 3.650588289691092e8
9.38446314312097e7, 1.4213925936421087e8
3.1305256827469134e8, 4.7400795581260157e8
2.104794949428025e8, 4.08094762087018e8
1.2518415674241903e8, 2.029006588003571e8
2.2640661722895584e8, 3.377879554916949e8
1.2992457958285114e8, 2.3481740074579406e8
2.3629145738397956e8, 5.729830651126764e8
1.3776852663747802e8, 2.4545008037595177e8
2.3666319823101085e8, 3.016436191201227e8
3.130355664614887e8, 3.9010412088369995e8
8.198095272185475e7, 1.6730556628834894e8
2.91452795034833e8, 4.57156013076308e8
1.2621778352070795e8, 1.9619671369997323e8
1.5036322188357836e8, 2.3105169578212047e8
2.3946329302650955e8, 4.2310144740654105e8
1.560826321695885e8, 2.2327476198878306e8
1.35318653667795e8, 2.93874861073811e8
7.87171719183548e7, 1.8539772491249585e8
1.4213296603080413e8, 1.77350748071764e8
1.2282835687134397e8, 1.819369195647366e8
1.1506449507975505e8, 3.8010038369110596e8
1.0727735960764009e8, 1.8417952241787648e8
2.9238440081022805e8, 4.106436065136719e8
1.1890681182429615e8, 2.8784019959500676e8
6.211409151594458e8, 6.869573552715387e8
1.5539639934047562e8, 2.191583091538011e8
1.2605622446792252e8, 2.0763539153159437e8
1.1256882650834288e8, 2.2823802224311945e8
2.0244312339304262e8, 3.110932921338702e8
2.0807788394950095e8, 2.6292269615736204e8
5.3085549411578584e8, 6.153361296008102e8
2.431792624556166e8, 2.96512581580526e8
1.4359542437528807e8, 1.7244572708231458e8
1.4459858809449384e8, 2.2570150361905345e8
1.1756921060754469e8, 1.5316926936100295e8
1.5885245138999155e8, 3.627616579584566e8
7.257104426708569e7, 1.2141243614265849e8
4.442313026868395e8, 4.8571489376125664e8
1.5935738012884912e8, 2.6253398807559216e8
9.875036247871746e7, 2.2194739117408922e8
1.2853123567273694e8, 2.48796899441061e8
1.8476347351241106e8, 2.5289806945839813e8
1.4065874684109315e8, 1.9588094464127582e8
9.294827713125134e7, 1.6874030136853737e8
7.791756863738127e7, 1.2651751739232789e8
9.563880015539801e7, 1.6428217530313084e8
1.2372044220808713e8, 2.1044224877150595e8
1.2622112773618281e8, 2.8504408864090383e8
1.4721839981761232e8, 2.5523688099786344e8
3.35476157748289e8, 3.9667743792839736e8
1.3359686955865733e8, 2.0868851263619483e8
8.727423268125284e7, 1.5547832303237644e8
1.6714197908612213e8, 3.038180341036757e8
1.4568056887148955e8, 3.9134188492011845e8
1.0506230541868076e8, 1.839967004391667e8
9.236047477702315e7, 1.8865317721321252e8
1.5036406809302336e8, 3.008106971061834e8
1.1168255597912359e8, 2.0055181408307853e8
9.694998979490605e7, 1.7282767564182112e8
1.7966594672185707e8, 3.381991374800457e8
1.6324803733740154e8, 2.9908529033778924e8
1.392547325509294e8, 1.868821584787913e8
8.359957569894575e7, 1.5208301456975955e8
2.6148834503817534e8, 3.5595996079400736e8
1.493572069847797e8, 2.0865985505801442e8
1.3020151124078996e8, 1.9366974899163336e8
9.061726814624451e7, 2.0974243941682798e8
3.1728408697374064e8, 4.2112093165083855e8
1.4180633342252305e8, 1.6977476804249558e8
2.6071077020990628e8, 4.063610748951097e8
9.380141205527304e7, 3.8008209409273016e8
1.4226494953384608e8, 2.303386251376971e8
8.974020580433263e7, 2.56855064383548e8
9.342712342443694e7, 1.7063443081110194e8
1.8889392116524523e8, 2.9996836745985675e8
1.778395269767862e8, 2.3226028479466057e8
1.4047388448589495e8, 1.939435907150163e8
2.5453792673574883e8, 2.8755707108570373e8
1.9005428850160483e8, 3.6289179793415964e8
1.44747551484791e8, 2.384835746184893e8
3.9662532687238896e8, 5.789531053126564e8
3.553922615700533e8, 3.898191414441422e8
1.2923452235553023e8, 1.6914767171657065e8
3.1657233793295956e8, 5.0488133135306853e8
7.349792346877438e7, 1.1831380277390005e8
1.538817518858176e8, 3.275694350913183e8
1.4960213814951795e8, 1.9510108547820026e8
4.9584046782244045e8, 5.354883962297735e8
1.2619636097698337e8, 1.9130314405558944e8
1.1235957466799319e8, 2.1375971784318018e8
3.598156429453529e8, 4.125357889007788e8
1.513934856058909e8, 1.9808881705262133e8
4.866423097374498e8, 8.13777202877788e8
2.5448870210849732e8, 4.336929905877334e8
1.0184868334565087e8, 1.572858685408903e8
1.154206960801506e8, 1.5956908408165482e8
5.369943844054211e8, 6.27235766996437e8
1.0211171182295218e8, 1.6556070946258882e8
1.1585518965998966e8, 1.8144602355045524e8
2.029678349333809e8, 2.7674402874863917e8
1.5132405608154657e8, 2.1179871403869885e8
9.097992744891958e7, 2.4039049232243514e8
1.3457349644426668e8, 1.9907760106143683e8
1.0040719118551092e8, 1.364846109497497e8
9.562601655583997e7, 1.9687669450845236e8
1.926223864155782e8, 2.614245165962986e8
1.4742871922302592e8, 2.381383629172422e8
1.2254937672200452e8, 1.8081414636089984e8
8.645706258454981e7, 1.5607219854036325e8
2.861673212495694e8, 4.2217998058640355e8
1.3942597311521265e8, 2.616337294944172e8
2.915293902274785e8, 3.557136342292787e8
1.7421235169114697e8, 3.023893640562458e8
1.7054344253952977e8, 2.1650223917653614e8
1.0636642800507605e8, 2.0954131928407043e8
1.472081943603063e8, 2.1977852158551434e8
1.2765671286084133e8, 1.9763707780396682e8
1.7569839443430445e8, 2.6163856595415783e8
1.4183064451222464e8, 2.327212393257891e8
1.2478592520387185e8, 1.9861599358762574e8
1.1811221046563129e8, 1.6814206099751174e8
1.397805546778278e8, 3.566486216046198e8
2.729573731657481e8, 8.95464463367228e8
1.1922125115887126e8, 1.8989021640086472e8
1.2960497318840185e8, 2.3068522492824188e8
8.445344013720068e7, 1.3686971180351207e8
1.6368051321299803e8, 2.5933052496954706e8
1.176293668486543e8, 1.9584542378847715e8
1.1424121715258981e8, 1.821222436693263e8
8.323528830594431e7, 1.7506549833604154e8
4.0116139326978385e8, 4.820568305840644e8
1.5156476837600225e8, 2.0186178680873445e8
8.717894553618357e7, 1.347400827361857e8
9.090153863194592e7, 1.3337559164627153e8
1.0446068003363836e8, 1.6327313335086247e8
7.948771237272872e7, 1.0400533812271862e8
1.3433174278213108e8, 3.229968078430274e8
5.082711734842451e8, 6.85466021783522e8
1.0081434526901048e8, 1.577427105171258e8
1.0165284602423169e8, 1.4253609055745846e8
1.3720773828552088e8, 1.871448408873407e8
8.504883332458597e7, 2.2436695407827002e8
7.094917286027941e7, 1.6388178274313435e8
1.4362978424170938e8, 1.951223621941249e8
1.5581732759559193e8, 2.4322930739517108e8
1.2852953001757818e8, 1.695850454010631e8
1.9491934348728907e8, 3.9916934591548777e8
1.2510513266417743e8, 1.7832955320059147e8
3.712716946427958e8, 4.5011051054441184e8
2.5974534794715828e8, 3.002208472569991e8
1.5630019961810958e8, 2.0503681944631985e8
1.2213489458665353e8, 1.9471325396850315e8
1.2006369947867891e8, 2.93440961929985e8
1.0960592713550237e8, 2.3474821516674045e8
1.9730789135632497e8, 3.74118335466895e8
9.933909053619897e7, 3.145046923378041e8
1.1759751719919759e8, 2.0198236994097883e8
1.7544292499345756e8, 2.180973856624558e8
1.3185242789666384e8, 1.728209193840108e8
4.4688788710616964e8, 5.094661677954547e8
8.242404706178974e7, 1.2015704448734455e8
1.2550341101379168e8, 2.0401629513949037e8
1.0687671631694014e8, 1.7973724585816714e8
1.0132518338715231e8, 2.4195727318179518e8
1.3328293975509843e8, 1.8312370288585964e8
3.1772607980627966e8, 4.64930184138076e8
9.902161349765217e7, 2.2292083163996246e8
1.3161796845253952e8, 1.8634049045867255e8
6.5219168722320445e7, 1.540434473795231e8
7.217161806030646e7, 2.9892727301647377e8
1.46147940222628e8, 2.1064037034525737e8
1.31167297252204e8, 2.0739003453022727e8
1.3699370047088233e8, 2.2714111717023662e8
1.5028895827420956e8, 2.5369094580905685e8
3.113443792826942e8, 4.1961577786561686e8
1.64014542686715e8, 2.5004400411206797e8
8.858550974532041e7, 1.145458523373977e8
8.309290940629108e7, 2.5319831959345222e8
1.510907938906825e8, 1.8166274371983594e8
1.4845771829597944e8, 3.7185292440971804e8
2.903170604934612e8, 4.890406392821907e8
2.63336788164726e8, 5.857782872856119e8
3.093320399673918e8, 5.201769236024959e8
1.8436493923079515e8, 2.3778276335593688e8
1.9095684783925238e8, 2.9417936615081155e8
2.010352589662312e8, 2.5461440619238642e8
1.0168222662093614e8, 1.40803231953213e8
1.1313090141332546e8, 1.7669644370092106e8
1.874255408046427e8, 3.0690768480877984e8
8.57439091922647e7, 1.3406930954611197e8
9.152693695041753e7, 1.8172337983486393e8
1.2930526425909583e8, 1.9635305494577858e8
1.6249988182443124e8, 2.1612410940394196e8
2.5071355422149792e8, 3.893450252102539e8
3.6814362510756165e8, 4.5229206012721056e8
2.3637299930530706e8, 2.994611001519808e8
7.852031481264295e7, 1.4899106280187747e8
8.767948046291812e7, 5.63872284651638e8
1.4551197535124376e8, 2.320647883423437e8
1.1819970378877714e8, 2.2205576327672485e8
1.9184545689040023e8, 2.8950095662194276e8
1.6102294698958948e8, 2.4927263488531843e8
1.2486141423585178e8, 2.7448961864961207e8
1.9418011533655685e8, 2.747061586448829e8
1.6126565020416534e8, 2.4589275328326753e8
2.1452877478633165e8, 2.731161577982978e8
1.2238493855211858e8, 2.5785827988650542e8
2.2916435489723393e8, 3.025236132834125e8
1.0880551973928277e8, 1.381349378403556e8
1.365868941030896e8, 2.0132545443163335e8
1.1250635028939918e8, 1.9530256409992683e8
1.632370274220439e8, 2.727485796980973e8
1.0075194794757937e8, 1.3026534200597945e8
2.1287891829847905e8, 3.244391972855114e8
2.0872163862336057e8, 2.9470687953529096e8
1.859646692409236e8, 2.3532647698577645e8
3.9322869428356165e8, 7.741739233317896e8
1.1407046253745481e8, 1.7215732098437715e8
9.700988139678702e7, 1.8143800041688555e8
7.212875593639247e7, 1.1016190400746542e8
1.3066319366088296e8, 4.5511633731313556e8
1.6325466455163938e8, 2.3093183382588965e8
1.1277443671718404e8, 1.6517284286544642e8
1.888420277413236e8, 3.367770424706603e8
1.1986451684653299e8, 1.6628216131696495e8
9.64712705954775e7, 1.43852256139237e8
1.4559870260122627e8, 2.0195581120158562e8
1.998383454122443e8, 3.2645934777539414e8
1.0687885613211952e8, 1.5446117583001596e8
2.0623409705107227e8, 2.4182726236058232e8
1.652300547259541e8, 2.0911326734939268e8
1.1559186786871976e8, 1.8054129552093574e8
3.6087470000505126e8, 5.1917144003897464e8
1.8658353107264912e8, 2.654221604946755e8
1.511470055487881e8, 2.1461731775429758e8
1.1461326583544382e8, 3.657277035217523e8
2.0604153994706136e8, 2.6330680058102468e8
7.381512319803387e7, 1.412289584921445e8
2.3199814523714244e8, 3.6471778657321185e8
2.0323043601298454e8, 3.7693695702672905e8
9.969880925052068e7, 1.5078758435029578e8
9.19656054614079e7, 1.6097333376710603e8
1.1023625395244539e8, 2.3125348708223552e8
1.7157870537471384e8, 2.4174791756129086e8
1.2702881617031646e8, 1.7740572263596812e8
1.2741913003137305e8, 1.7755180816663474e8
1.3850373853355098e8, 2.3641435310578272e8
3.827808560877363e8, 4.341344249934885e8
1.0474595050529538e8, 3.69748394026428e8
1.2371390667876588e8, 1.905595327606946e8
2.4481756183547074e8, 5.546994776264431e8
2.1925278695311913e8, 3.4729748445255166e8
2.0335248804378438e8, 3.203858882162414e8
1.1267092848819123e8, 3.7191546699629104e8
1.2989852013650054e8, 1.7885750778297225e8
1.2217882150481977e8, 1.6756494441617283e8
1.2835791724651583e8, 2.272344301233703e8
2.1556056040168124e8, 2.702990395432847e8
2.0859682505885574e8, 4.0294629968279684e8
1.1964573100356708e8, 2.9748733897464794e8
1.203514813570718e8, 1.9011497860482985e8
1.558593551984185e8, 2.4365658980934706e8
2.00565542261768e8, 2.3546312695615172e8
8.274241163621698e7, 1.4259225195876005e8
8.94033166024676e7, 1.4671051636336604e8
1.202255791364736e8, 1.9480638505498222e8
2.402621982012287e8, 3.4215860839799654e8
1.6563327824186727e8, 2.5296764388533267e8
3.2419008349971753e8, 3.697873196892676e8
2.3946115355850697e8, 3.118353676532732e8
1.1476475119726095e8, 2.611658815392517e8
1.39061417558732e8, 2.3635194904655555e8
2.717889078575526e8, 3.4207815963034964e8
2.0853226509790027e8, 2.6425661625435457e8
7.652505278674808e7, 1.1366208925055799e8
1.1306020736723877e8, 2.304589858235564e8
2.164145163683024e8, 2.740117531507037e8
2.16708390604638e8, 3.498945324957642e8
1.4851319118787283e8, 2.1427836253188813e8
1.1108883956026906e8, 3.6827754432523155e8
1.4101420540500787e8, 5.3113600556718934e8
1.281267960453872e8, 3.185451664849221e8
2.4422164575393188e8, 3.9384712612168133e8
1.2334825030290972e8, 1.912307359517799e8
3.569122705207542e8, 5.590920231983663e8
2.4112924571541262e8, 3.2201307657471657e8
1.2487481197855373e8, 2.6506954925561476e8
1.2331790156352563e8, 1.8858805490371525e8
2.088249247816593e8, 2.5824685233060095e8
4.639156006874493e8, 5.363628229206476e8
2.4599636447929612e8, 3.5617418865800256e8
1.3860366148087633e8, 3.87450771299036e8
1.6837586005845207e8, 2.6800888391040796e8
1.5739112352993944e8, 1.9991771227812064e8
1.7218597947437915e8, 2.807467394835924e8
4.6194489395945424e8, 5.369512211208782e8
1.8382154472220606e8, 2.7733180564463335e8
1.169493531797952e8, 1.6132844040001553e8
2.6475054742610687e8, 3.4859494432532394e8
3.0489889172431433e8, 3.309996425400417e8
1.4296317588599864e8, 2.3301770447223032e8
1.482397139181971e8, 2.971529588375865e8
1.5888197867837122e8, 2.2824103800228015e8
2.1790857852712962e8, 2.5283175534729832e8
1.4892023301387691e8, 2.1589474871969137e8
1.5961404838683864e8, 6.032615301019635e8
1.1094806887665991e8, 1.972939571456948e8
1.1798997676355793e8, 1.5720573280949193e8
8.768638300917059e7, 2.886360224478844e8
1.0710258663477097e8, 1.5468974060760346e8
4.0873372819034624e8, 5.0104388136227876e8
1.3035965390637971e8, 1.671775805175241e8
1.9367296644697317e8, 4.386401835544615e8
1.5902214682401976e8, 2.99682856623385e8
1.2218052887457657e8, 2.288063705198778e8
1.3357091442029046e8, 5.341602552192467e8
5.0076267988351214e8, 8.295942628815329e8
1.4377933781771502e8, 4.239861288581778e8
1.0982661660458124e8, 2.23763682047953e8
1.469002083078907e8, 2.0285955774376348e8
1.85916017802266e8, 2.6468179571665776e8
9.016097974929741e7, 1.919161847401463e8
1.5118952567505246e8, 2.5558358295361415e8
1.0334982081728715e8, 1.5177009953634372e8
1.3335956812909369e8, 2.3465956304437423e8
1.4781389116134933e8, 2.0718745917362216e8
1.9649687810696757e8, 2.867581370228487e8
1.0183532523461798e8, 1.9288865972542015e8
2.33254842825204e8, 3.6142473961911786e8
1.9602675589361078e8, 2.466672588969006e8
2.356722905422699e8, 2.8360707827549917e8
1.7888777502736545e8, 2.6531683991986954e8
8.962801309529413e7, 1.210772771715813e8
2.700948515288393e8, 3.373239032882428e8
3.051482843232795e8, 3.522375850097554e8
8.851475739136808e7, 1.2780857384631285e8
1.5273387330315074e8, 3.453364892716296e8
3.304791239977236e8, 4.7314432313015455e8
3.491666517560526e8, 4.196946153161511e8
1.1271817978699219e8, 1.8142755882555184e8
1.6736248894445828e8, 2.5324187690642247e8
1.1806647218123236e8, 1.8691117646974537e8
1.1313629776911594e8, 1.6703839174334475e8
9.725449155579787e7, 1.6266575832426473e8
2.377671309354309e8, 2.985886864848582e8
1.1289951822655265e8, 2.0121224223467618e8
1.633833244763496e8, 2.2030495850698665e8
1.1738068546911794e8, 2.765975565344023e8
2.4376087872875032e8, 3.524161632090152e8
9.22032955381175e7, 1.5669718122158974e8
7.66868897511148e7, 1.6198849600986394e8
1.2363722655962873e8, 1.9036537428318754e8
3.936559832550991e8, 5.552759739779284e8
4.606205064052263e8, 5.648311292514824e8
2.6054512886264804e8, 3.60231358121994e8
7.843747595485483e7, 2.1887276681292838e8
9.356987159675819e7, 1.428588400874366e8
1.1456853931361072e8, 1.8618152200906694e8
1.1799640983217502e8, 1.4796935022774553e8
1.8290810387102348e8, 2.8818546770295405e8
1.195437177519734e8, 5.275171452027445e8
9.280316055232584e7, 1.5133085960392708e8
7.828359815630771e7, 1.3858837569505873e8
8.842766427016784e7, 1.2789085943969227e8
6.875930301439742e8, 7.971324815722317e8
2.137992986812283e8, 2.8644532959442604e8
1.4092370270385778e8, 2.098717254885735e8
1.234641477861266e8, 1.691734465311618e8
1.2944860890726957e8, 2.207266302220771e8
3.934081070777618e8, 5.524887407985915e8
1.6297915022786137e8, 5.0917435560721266e8
1.8682099118222925e8, 2.5312859468567348e8
8.591740847067904e7, 1.5031044692536706e8
1.3973431837014726e8, 2.229772462925022e8
1.5276740356397387e8, 2.61478983414892e8
1.187087267391891e8, 2.9239312854176825e8
1.694672776365574e8, 2.4231511042024064e8
1.630997486795214e8, 3.556013597082231e8
4.466524423946401e7, 9.523483620798215e7
1.186888852054657e8, 1.7034054082393813e8
1.7887433144897088e8, 2.419158454898599e8
9.424324347516306e7, 1.5451522697138882e8
1.1598692214156477e8, 1.7599417710365865e8
1.5346379466145447e8, 3.15138526314699e8
2.3727427328342888e8, 4.612081262593866e8
1.0229442634030133e8, 1.6934369222366372e8
1.5021059760991228e8, 1.924309698963859e8
8.642333520442042e7, 1.518760334921026e8
2.0590814575359777e8, 3.099745331338797e8
4.927490077573402e8, 6.242657368035544e8
3.0638984689634025e8, 3.635810220099796e8
1.8350841471231592e8, 2.2349854336950436e8
1.1123858029200067e8, 1.6099695807710916e8
1.0315830784192383e8, 1.6445382048296982e8
2.1098089187321e8, 2.8729325444284993e8
4.2504929711971813e8, 5.776863796942159e8
1.094915908536717e8, 1.6725242075336096e8
1.1434445387115438e8, 1.532662550567697e8
5.996720511787446e8, 6.834854624257039e8
8.78490945701707e7, 3.075657390332281e8
3.3108116241801876e8, 5.843204615632445e8
1.2797953643404494e8, 3.15964415055723e8
2.357056661986074e8, 3.789334220546781e8
1.472634223885985e8, 2.074815333848129e8
1.350128680013842e8, 2.1854512904079288e8
1.9637323646564227e8, 2.721248533686478e8
2.0985583980401003e8, 2.5006674163575178e8
3.025788479188712e8, 4.094659678449839e8
8.6796383626035e7, 1.668125927267868e8
1.0294350564395244e8, 1.6100342567785916e8
1.2049603983665934e8, 1.7229046177900368e8
1.0114623784164461e8, 1.9894919314675966e8
1.019868821586856e8, 1.5579780789247566e8
1.2606230428075166e8, 2.2379312322413346e8
2.0431425000999585e8, 2.901686468483769e8
5.603562947677112e8, 6.423865946368775e8
3.829115018898485e8, 4.544350834442193e8
1.1915802446979955e8, 2.0777465320651507e8
1.0155676029313229e8, 3.0258677744757515e8
1.4184658232847562e8, 2.1762108606622565e8
2.8276560649907964e8, 3.823214816911388e8
1.922459446298917e8, 2.563729962753671e8
1.0885475042230068e8, 2.179465823766998e8
8.132783533100538e7, 1.2449899390814415e8
1.051552769855735e8, 1.5939173832716796e8
2.0582346018699077e8, 2.9246060568490696e8
1.0575351474670906e8, 2.581215629242685e8
8.218325310074069e7, 1.4180924091476393e8
1.4394260042873982e8, 2.045778880272951e8
1.5866220611407474e8, 2.2433429486414668e8
2.9465940292544526e8, 3.325415559791137e8
8.522956699115336e7, 1.276284985098301e8
1.492212494893052e8, 2.4743349219416007e8
2.125965935259946e8, 2.4717493696387425e8
8.52072640614948e7, 1.3413589731590176e8
1.1637127529248594e8, 1.871676089543744e8
1.8070343384053698e8, 2.835043239032325e8
1.048306906862324e8, 2.2456521877609384e8
1.3003564726971042e8, 1.963868880316617e8
1.2248086843123224e8, 2.837967826252106e8
1.031246686572131e8, 1.6397748106394196e8
1.4989629898040003e8, 2.1408090959388626e8
8.694891477164653e7, 2.293735612401276e8
9.578918340229172e7, 2.8758108449462277e8
7.544252253496845e7, 1.6897018443148613e8
1.0839251233179995e8, 1.347942648727344e8
3.0782312797232187e8, 4.1110820234395766e8
2.6554231516717914e8, 4.1090892116991806e8
1.6750468263227183e8, 2.2057818388606945e8
1.1528917222007006e8, 2.120894566690677e8
7.63504938001399e7, 2.9146577563890046e8
1.7581681376693225e8, 2.5501481035903853e8
1.8022961703054595e8, 4.376863652781609e8
2.0680987748484483e8, 3.30174811698605e8
1.3149544504934143e8, 1.846376821924141e8
8.7570483651722e7, 1.5612541941065082e8
1.7290450924111062e8, 3.481504961001041e8
1.0253092544874398e8, 1.590373019221678e8
1.450851160813327e8, 2.826192806943292e8
2.1507700153515688e8, 3.1942796757167536e8
1.525613967622183e8, 2.1319444806869882e8
3.372292310724614e8, 4.1837420450372434e8
1.6264340813855544e8, 2.948271295449301e8
1.9964025262389842e8, 2.9787556495091325e8
4.00642560328357e8, 4.43622863624916e8
2.494765323426902e8, 3.757404709357115e8
1.3478865439016902e8, 1.9560095415413857e8
9.219290145994028e7, 1.9926035184175774e8
3.5666663300726813e8, 4.14963724435754e8
6.892068850898036e7, 1.4359227637002692e8
4.872265854948919e8, 5.472472600004743e8
1.0621245814110196e8, 1.7282976926959556e8
1.0655350456887853e8, 2.1802254607398775e8
3.3771948699316174e8, 3.6192516113063186e8
1.9303614219395766e8, 3.108186196363208e8
1.9940451886711103e8, 2.6813522086935097e8
1.4857249367089266e8, 2.6707471353250366e8
2.913451820217812e8, 4.2188021988168323e8
1.3870663161102936e8, 2.2325853688873366e8
9.510522811482808e7, 1.331949939933129e8
1.697258767931925e8, 3.012763593252198e8
9.485363349249308e7, 1.861450348770673e8
1.346598652731946e8, 2.4853669145619753e8
1.0007959214901467e8, 2.2862071081210282e8
7.827825089234693e7, 2.2309322068573847e8
1.2058376243170673e8, 2.9188407286479944e8
1.2774275305555e8, 2.8247928411077666e8
3.330477954885056e8, 3.915630420703397e8
1.49692764454791e8, 2.5229646343658566e8
1.2480183294576693e8, 2.2118024656972417e8
2.0896916875064245e8, 2.7828219781271565e8
9.540174039586364e7, 1.57937813996113e8
1.381239382436101e8, 1.6653590967397094e8
1.4891464901306328e8, 3.44862367492703e8
4.389227846345983e8, 5.116055949865037e8
3.2870128896686697e8, 4.4334291766157526e8
2.2097098830676118e8, 4.1261983772871816e8
1.6257094451401547e8, 2.727222428209678e8
2.3901279964248565e8, 3.178512254675288e8
4.442323591454793e8, 5.1799195151673824e8
1.632367439585978e8, 2.1631022604356983e8
9.157664457325646e7, 1.4853440578277954e8
1.2334262963823572e8, 2.523796073103943e8
8.745404313367344e7, 1.4211147973695695e8
8.373520596702848e7, 1.842018169631223e8
1.04905482644856e8, 1.624672588192111e8
1.7843547028624412e8, 2.6038692441393736e8
2.3424907967385298e8, 3.0536095090162015e8
2.0880782541596058e8, 6.958756886185415e8
1.8159677707387358e8, 3.462793004554448e8
7.820087906607407e7, 2.924869324282515e8
9.697618844127008e7, 2.2812927154844174e8
2.3790706577526903e8, 3.652300505984039e8
1.2476293915840657e8, 1.8484877253268567e8
1.229633685872576e8, 1.622777386002021e8
3.1335449618658483e8, 3.866180657886244e8
8.51002951192916e7, 1.3104616090260658e8
1.8072043082253757e8, 2.6587507333054787e8
2.2742616790306002e8, 3.618273143891145e8
2.120131450550866e8, 2.6479316313032812e8
3.767382451833928e8, 4.706843831728292e8
1.1314196704530339e8, 1.7076574631732693e8
1.4780240398174393e8, 2.0719288626416963e8
1.472361048647164e8, 2.4058678973887002e8
1.2935901835967371e8, 2.1237775377619207e8
1.2844158776554011e8, 2.068181899351977e8
1.6674858874644035e8, 2.878409310095206e8
1.3698624045222223e8, 1.6425900573832586e8
1.3148209977878007e8, 2.2830974276367882e8
1.5258333799576983e8, 2.2184221349476445e8
1.2593418353145114e8, 2.6241467639017674e8
8.343634270521867e7, 1.6540696583524263e8
1.5342292283838138e8, 2.2512988809900972e8
1.7771186432780865e8, 2.842533133126991e8
1.439503923935529e8, 2.9649960890634876e8
5.588238339668682e7, 1.8102367857221448e8
1.4268040714466107e8, 2.3802799098359522e8
1.3294517075947416e8, 2.1549438811392215e8
1.0829101857794367e8, 1.7508019789100125e8
6.214957501955302e7, 1.2082010456001005e8
9.660958159909542e7, 1.6344363888364562e8
1.3929802980881113e8, 2.0067786902476683e8
9.463226249409123e7, 1.7789110190210995e8
1.3061725858750615e8, 3.697707112080702e8
7.420619670808439e7, 1.2856526234426796e8
1.789924379021707e8, 2.435904645620616e8
3.4258438154985917e8, 4.052991595280223e8
1.3114844270827147e8, 1.9150082382998237e8
3.015225617880694e8, 5.072828089940357e8
1.1329463997153719e8, 1.9866464845493814e8
1.3594027068251953e8, 2.9809189354590577e8
1.7087635645673206e8, 2.6709540025115693e8
1.4049348354028854e8, 2.3282618225619796e8
1.511988672284224e8, 2.2109427019349664e8
1.3605756804225528e8, 2.243435568733055e8
1.7557727469520763e8, 2.756075267508837e8
1.1868051864386311e8, 1.9843008746112105e8
2.4927871417101604e8, 3.2463598127728736e8
8.58963523509242e7, 1.6738038389840874e8
9.169406814351612e7, 1.5302596772904736e8
9.126611033252694e7, 1.7100357373260623e8
1.3482459648390597e8, 2.8313147606734216e8
1.4152400253578898e8, 2.089807763512506e8
3.3249557390846896e8, 4.237347222583452e8
1.9201033897812483e8, 2.438613354821161e8
1.716376092212925e8, 2.0809504785578117e8
2.0408131511491138e8, 2.6139164756344697e8
2.2198291579691985e8, 2.6085665961175358e8
3.12855907275864e8, 5.2308526781941706e8
8.081205225755781e7, 1.352800873185436e8
1.2459364040116316e8, 2.9001366289553016e8
2.5254646654303214e8, 3.578721334305038e8
2.1959037202146178e8, 2.68918561484611e8
9.690801959907183e7, 1.3860698302751225e8
1.3108018724479757e8, 1.7802138608535725e8
7.202467781090784e7, 1.2445581768263558e8
1.2551500643550918e8, 1.7829000618636334e8
1.1252557823782468e8, 2.3715117535979435e8
3.862819742845454e8, 5.3438267552089703e8
1.5944180991916984e8, 2.416318899158402e8
1.2613046664184564e8, 2.3884061997992793e8
1.2662938348578122e8, 1.8559400206697875e8
2.0298451122712833e8, 2.8885431629057443e8
1.3644796690629363e8, 2.6575077288728058e8
1.0667009909925991e8, 1.9095899800724727e8
8.910402705288322e7, 1.742832659782477e8
7.507649822661828e8, 8.164165171742203e8
2.1942939495162702e8, 4.008874571702939e8
1.546327484433831e8, 4.312738274360827e8
9.68394171035455e7, 1.8038580740705213e8
9.8675206706114e7, 1.8207216312378472e8
2.757204565986929e8, 4.021350155210754e8
1.7660874827884546e8, 3.357509242351481e8
9.586215087152529e7, 1.365286585405923e8
1.495618806004727e8, 2.2866515226261613e8
1.08668437254961e8, 1.7981728725008944e8
1.40917218336166e8, 2.197276558119566e8
2.020841878526907e8, 3.0203886482113796e8
8.558257598179597e7, 1.9907197416946754e8
1.2025701061085778e8, 1.8158629988046557e8
1.9943622267982024e8, 3.356423796026043e8
1.2036589653297731e8, 2.6879963074498284e8
1.4932994411212724e8, 2.2628595545203686e8
1.1812509460855031e8, 1.7595935138257602e8
1.85265406240181e8, 4.1581880673121387e8
1.7778060580587518e8, 2.361256056143631e8
9.510056028871877e7, 1.4509753827387553e8
1.005865236235491e8, 1.419243916304079e8
1.451600875978896e8, 1.8699826687044507e8
1.5239624466114482e8, 2.7080860129717886e8
5.250733377999903e8, 6.73711068367079e8
1.4305449863926098e8, 1.8494190112280366e8
9.259036869679332e7, 3.2054378846058e8
1.0824999570673159e8, 2.0103314111322865e8
1.1245726919839212e8, 1.9916261229724142e8
3.318670381832571e8, 4.276360738596576e8
1.3681819407282442e8, 1.99203304694886e8
9.03165695381481e7, 1.6943040998799637e8
2.0732994112332284e8, 3.74043224035265e8
1.54822546101296e8, 2.6154295969238287e8
1.9028300450903505e8, 2.3507139089349332e8
1.2385804096797888e8, 2.1451840866410404e8
2.521162071284672e8, 3.137664890512485e8
1.4678883364288786e8, 2.532009502703427e8
1.1485740090591046e8, 1.7031404755816403e8
1.464286213065837e8, 3.3714041178149956e8
1.0070117855620922e8, 1.2838809161200432e8
2.032447823809787e8, 3.761853452727269e8
9.181235865519969e7, 2.9237016061447483e8
1.5299988048985592e8, 2.4456057883105198e8
9.9864146354093e7, 1.9357669138236445e8
1.3610184311901978e8, 2.3403248561599946e8
8.252647115435567e7, 1.4107229830738673e8
2.053100538371348e8, 4.669179627352595e8
1.8190459464675274e8, 2.6898519044811445e8
8.797427163676201e7, 1.7276620177095917e8
1.0981655658059882e8, 2.0526564731198892e8
7.023612497825386e7, 1.0738259645853978e8
1.6785462428524575e8, 2.758710662550073e8
1.11879414866668e8, 1.8864722065994623e8
3.027368920598345e8, 5.2798861649593276e8
1.364577761213118e8, 3.319188834832517e8
1.7028644556050915e8, 2.732256269830339e8
1.1525409464107883e8, 1.8600403972454232e8
1.173256723857673e8, 1.7197798815520686e8
5.518229968625768e8, 6.666920464831096e8
1.3796239859537366e8, 2.710984501625956e8
3.572703435611291e8, 5.0922403465776426e8
1.1095020817699568e8, 1.7080173518208835e8
1.6828437381403798e8, 2.10668557159457e8
1.099131548611354e8, 1.5221260698708624e8
1.3031191219420862e8, 1.828252984389291e8
7.318954704426963e8, 8.63916454245779e8
1.1690941385768107e8, 1.615359970045167e8
3.2379517746782225e8, 4.475580107092133e8
2.964623615400777e8, 4.4227326794333714e8
1.0298890229453291e8, 2.029338853459573e8
1.921761547478651e8, 3.039782799965597e8
1.1606984647283894e8, 2.031594999038256e8
1.1081879397634985e8, 2.9057423077704346e8
8.400918362386437e7, 1.3401936881350482e8
1.4549834985201812e8, 3.617036541383044e8
1.10921613936454e8, 1.9693126811582285e8
2.9486809285778445e8, 3.7652813596962965e8
1.1804496525288817e8, 1.8065400065371814e8
2.639258197648617e8, 3.1971595772238994e8
1.1383752672805187e8, 4.3098389154259825e8
1.2366336044339557e8, 2.8634299716504014e8
4.7779302253280306e8, 6.241709666943202e8
3.224844927228816e8, 3.798421233256638e8
1.304717702796441e8, 1.67863090645004e8
1.2730031916249283e8, 2.3177865018538734e8
8.402814407035557e8, 8.723543062216918e8
1.3176159969379425e8, 1.7864636423062047e8
6.07079705564027e8, 6.966094906188521e8
4.1423423489499164e8, 6.663985959188619e8
2.079661470543418e8, 2.9749756934970963e8
1.1602116128022382e8, 1.9211984917262697e8
1.4671546600336385e8, 3.54432211816217e8
8.52333602006125e7, 1.5895926347391596e8
1.3569938298138583e8, 3.029623587697939e8
1.2016331085541569e8, 2.29280494395732e8
4.226112322256008e8, 5.34017585703715e8
2.1292030026316404e8, 2.787224683495747e8
1.0615315200339162e8, 3.0443237192056364e8
1.41884812923675e8, 3.250963656654871e8
1.9859090682757533e8, 3.6007766145835966e8
4.505478338267817e8, 4.9338059003643024e8
2.4339692525088617e8, 3.189245108531208e8
3.4533926240731806e8, 4.1502711390706426e8
9.155006471422479e7, 1.5906676676876584e8
1.2304327996723989e8, 1.9485321303382498e8
1.5437029880167073e8, 2.096413106108822e8
9.152307060775054e7, 1.5166113173324203e8
3.791026291422797e8, 5.14392612330186e8
9.87741429801468e7, 1.5540206494576252e8
4.569710396470778e7, 1.247603658649946e8
3.941149887985214e8, 5.1712888120323527e8
1.4909692420463598e8, 2.3312296293300214e8
1.6010586514971763e8, 3.146816757226063e8
3.761585907799866e8, 4.1430102555289733e8
2.1849409759147933e8, 3.2066875733786964e8
7.126972318918027e7, 1.0646687719101493e8
1.7306285421154782e8, 3.0320594137088984e8
1.3762310077232572e8, 2.3640460557620892e8
2.630889631037808e8, 3.1697228420007324e8
9.74097201904047e7, 2.6733236093670765e8
1.2582411895660703e8, 2.4168107240309367e8
1.0455188288373452e8, 2.070185606456851e8
1.3422502561830968e8, 1.9834584367597848e8
1.6915820759404108e8, 2.2562956729223812e8
1.2330323271147853e8, 1.8173313820787457e8
9.075357219787271e7, 1.6371464531865984e8
1.2624736226892185e8, 2.3372145924073634e8
8.565192342556725e7, 1.787790079268136e8
1.292487275545466e8, 2.08099774389005e8
1.3177477933461659e8, 1.816547395915685e8
5.966002520825001e8, 6.924650674937546e8
9.583026353297314e7, 1.5551298972865918e8
1.7129006962804264e8, 2.2250092509132552e8
