1.7496346102455086e8, 2.7221961432844836e8
2.936334938117187e8, 3.8137375137817746e8
2.018853190428781e8, 2.750903554853476e8
1.469707748920273e8, 2.034260425630474e8
1.5808986571956855e8, 2.148181849442653e8
1.1040186892725603e8, 1.810269882416314e8
1.2151455740750898e8, 2.5834863755609486e8
1.504128479633558e8, 1.7889260933966658e8
1.2961589561437939e8, 2.152915567944388e8
1.3261996077902064e8, 1.8545124744146076e8
1.3558920676049614e8, 2.0987216480709627e8
3.719851360964479e8, 6.027370922066131e8
1.719179988966388e8, 2.4296986106690365e8
1.4983328854497308e8, 1.9539506117117482e8
1.647703663688855e8, 2.312060324592097e8
1.610048622993614e8, 2.3664880032464507e8
1.739403538766988e8, 2.938988192559191e8
3.2811695464631015e8, 4.0893423546697354e8
2.2763673463201156e8, 2.788612035607384e8
1.474558182221622e8, 2.2842603226502565e8
8.01285163798876e7, 1.4278529184296536e8
9.878016233483513e7, 2.5424975248144433e8
1.6912206941427717e8, 3.4033574504928404e8
9.858925167430115e7, 1.4055451606577706e8
1.4099776374989054e8, 2.123706105248754e8
1.0427520818010044e8, 1.718482751278432e8
1.169669946977225e8, 2.0689829652905455e8
8.221720730782971e7, 1.385495002057554e8
1.6372510954150632e8, 3.2481692520053846e8
1.099769539424897e8, 1.7332431237857506e8
1.5637087386519068e8, 2.818133070653283e8
1.2814344806365742e8, 1.8826238079281154e8
2.0560033334809688e8, 3.3330007958884877e8
1.3618387062489676e8, 6.175990320822936e8
1.5412754337652394e8, 2.657599503161516e8
9.901454930202404e7, 1.363134681907654e8
3.145375263797593e8, 4.0016002643021005e8
9.095799883298427e7, 2.1574055709629956e8
1.1473993939284968e8, 1.847468880083382e8
1.7789180535212725e8, 3.6989968962241805e8
1.814467270952073e8, 2.6794304169989e8
8.06066618483106e7, 1.649323675591574e8
1.2906945442372054e8, 1.9142875052793348e8
1.585737629345189e8, 2.3004344967829075e8
1.4650352976022488e8, 1.8790789774038276e8
1.7698430214037946e8, 4.809943907098065e8
1.0107308401468475e8, 2.5282418210033444e8
1.287156116875225e8, 2.2351229568531e8
8.181999368207274e7, 1.3100674902687298e8
1.1796259291895808e8, 1.674385616422379e8
1.3887893628813395e8, 2.411666586075832e8
1.4979669251419663e8, 2.1067880619081426e8
1.3787761192688942e8, 2.2156709771121824e8
1.0954421651314476e8, 1.8749304457995376e8
2.1948263310250655e8, 2.790273407239137e8
2.2285882340031877e8, 2.919648953218492e8
2.8433043321557784e8, 3.897948340194851e8
1.3149258826271985e8, 2.085599989508897e8
4.0359727496476233e8, 5.921928310307009e8
1.1441656238666134e8, 1.5732418409946933e8
1.1936206138277854e8, 2.5500052714983475e8
1.5873237839592722e8, 2.1893850327075276e8
2.4845974377536485e8, 6.695984455545136e8
1.5120320429920408e8, 2.6947625167928433e8
2.5122406128662214e8, 3.0341389887088656e8
1.5274904272254086e8, 2.324394337937418e8
1.6274850939073047e8, 2.155184664275158e8
1.3339879222656792e8, 2.7234915628317046e8
2.2922782591617444e8, 2.731098445747064e8
1.3501948309806988e8, 1.732092680317053e8
1.120011371027538e8, 1.5262368836223498e8
3.607937761429638e8, 4.747450332837423e8
7.354881622514233e7, 1.482023580158012e8
9.069380151609287e7, 1.9060746158189157e8
9.150563851474094e7, 4.205593746193481e8
1.0461028704415949e8, 1.2194653187600021e8
1.4239007755187213e8, 2.195136821654062e8
2.2288652598949015e8, 3.02067771159554e8
4.002938598837946e8, 5.11631205748042e8
1.3363984349979883e8, 1.770860671947851e8
1.0759423258712846e8, 1.8658889797062266e8
9.625749494878994e7, 1.4337065995131284e8
3.6985854877986115e8, 4.3849034092550296e8
1.1487423366449973e8, 1.8748482904000324e8
2.0856739219288257e8, 4.3537794869323176e8
1.4521241228183532e8, 2.7673942491482466e8
7.184728191061117e7, 1.1755281174736537e8
1.4739971960986155e8, 3.448196037363392e8
1.2666531144592556e8, 3.476386357054814e8
8.133567969527076e7, 1.5022156731109098e8
1.0518464198438288e8, 1.7527361633458492e8
1.2890674203259856e8, 2.104068998550804e8
1.5735124961737728e8, 2.971441385576667e8
1.7688098098457876e8, 2.719628740578307e8
2.2262681104151508e8, 2.932832352519723e8
1.3991137766803584e8, 3.475031280153857e8
1.1800860194315323e8, 1.8086059103745478e8
3.3323004076187986e8, 4.1474250698653126e8
2.463832675975064e8, 3.1971945867617387e8
1.1510078335422401e8, 1.5975704609142968e8
1.123188290844099e8, 1.8287130669283545e8
3.323800497198737e8, 4.687661766701321e8
1.373805392160045e8, 2.490801878568939e8
2.9961093629980004e8, 4.9629481110722107e8
1.3325276826307586e8, 1.7106849110005188e8
1.2593235149268179e8, 2.648959779642766e8
1.2675870259291266e8, 1.7259518576683736e8
9.195218134236687e7, 1.2926550025645295e8
2.5457173311809775e8, 3.0589693526971215e8
4.485124274409184e8, 5.2036470127663934e8
2.5418038407917264e8, 3.19288688767186e8
1.6633826863984102e8, 2.390954587142515e8
8.424545858354086e7, 1.4076470232967088e8
2.4477674015992737e8, 3.184061923904546e8
1.5903102065667433e8, 3.858602157010984e8
1.2581059866489083e8, 2.0226569831502992e8
2.1367829747355e8, 3.1540111241314805e8
1.4207177641593164e8, 2.1866341984361175e8
1.3708155974297184e8, 1.8962143359343573e8
5.641280092895835e7, 9.092408051174432e7
1.7016640331271943e8, 2.2397543055539793e8
1.7373682526130468e8, 2.4349025223773172e8
2.0178863606548303e8, 2.835541772586711e8
2.3027804024281466e8, 4.838281173603664e8
1.1325524921680234e8, 1.9258883192246488e8
1.0916059059185684e8, 1.4938179278190136e8
1.7784328231276965e8, 2.7067723328926396e8
1.9796057193474823e8, 2.385187956792379e8
1.6242873136135438e8, 3.6180027553897625e8
3.1338533665347195e8, 4.215873866133982e8
1.1730446246735641e8, 2.5914834413111752e8
1.265557201717044e8, 2.1146084056595114e8
1.625949736184622e8, 2.264700912449904e8
2.1376272227038178e8, 2.670810818232053e8
8.740601252302848e7, 1.1069482539065555e8
1.0808496068978666e8, 2.0727255585369104e8
1.6298815482942888e8, 2.852299364222621e8
1.0897368457849078e8, 3.388619807851457e8
2.5989956996802363e8, 3.360129543787792e8
1.5949657230967376e8, 2.4470096248261228e8
1.570671181340186e8, 2.2187324974508348e8
1.1917635900870594e8, 1.8350498294206366e8
1.2016183774654937e8, 1.8813335354849952e8
8.646265327020356e7, 1.4282374802425662e8
3.9858257675568044e8, 4.4790910155040395e8
1.6134734130242392e8, 2.4144250647982445e8
2.11504859307825e8, 2.68781775785266e8
4.606679654072801e8, 6.885760184245319e8
1.1483461750774729e8, 2.1338483922880602e8
1.326479522500424e8, 2.0711718791643098e8
1.0105184108083147e8, 2.2733892865263286e8
9.709591648122188e7, 1.5179550517330456e8
1.1096662135829625e8, 1.4908060137806678e8
1.991840064002871e8, 2.8054431130151033e8
1.3452428011767745e8, 3.07077473582513e8
2.274762821752621e8, 2.8099382712616295e8
1.0382924382031241e8, 1.3961982279637715e8
1.467127773354235e8, 2.1500040021503597e8
7.637637451276435e7, 1.9542335870919013e8
1.2274441185307115e8, 2.099299157042163e8
2.5675954278752986e8, 3.26596757060807e8
8.406314026202856e7, 1.7202249905793288e8
1.3591779366673863e8, 3.4593579356257164e8
9.312178805049333e7, 1.51808910164848e8
1.3241649889794277e8, 3.674675576855464e8
1.0164428382935601e8, 1.662783718264727e8
1.6686272939166477e8, 3.4371129188884014e8
1.0058912496499705e8, 1.5577609884392634e8
2.4409422063059893e8, 4.198009662722853e8
1.3811360952958992e8, 1.882084461855041e8
1.1068358808794774e8, 2.3722532691702834e8
1.447857821655804e8, 2.16303286371602e8
1.3992801913340425e8, 1.81137439633936e8
1.8712292974445835e8, 2.7784963129081595e8
1.375072002892485e8, 2.0633617343407324e8
3.05862609443279e8, 4.030109130264747e8
1.0516050430402899e8, 2.5910844574874726e8
9.055509510122481e7, 1.3629318162242395e8
5.420149318451233e8, 6.054731397471899e8
2.778460565607308e8, 3.3053858731018496e8
1.4247401725368842e8, 3.902891480575061e8
2.1060783119469607e8, 2.7020116860420567e8
1.0983088772741891e8, 2.2467699310538352e8
9.712679793902655e7, 2.1215849663828462e8
1.0789626058071572e8, 1.7724997326384476e8
2.4058537860792643e8, 2.939506838754312e8
1.5162195163660848e8, 1.9835745073956677e8
1.2797408660826826e8, 2.438009285208865e8
1.12182803470583e8, 1.956258695969873e8
1.5014246957932925e8, 2.6034323390675113e8
6.266327367649528e7, 1.1922596377552424e8
7.877050457736257e7, 1.8162716163935953e8
2.688854388811943e8, 3.063297465500894e8
9.790167755488294e7, 1.423699988237336e8
1.347613737831184e8, 1.814436535828847e8
1.6478092386162138e8, 2.2987147939641836e8
6.492615142615098e8, 6.995525052938935e8
9.137562336170179e7, 3.840853283634453e8
1.4210139815843943e8, 1.9399067200177e8
1.0478488791272964e8, 3.49042252476021e8
1.4206956580882806e8, 2.4796009017499584e8
9.027801988584271e7, 1.4451418001823634e8
4.8909671531660575e8, 6.013663503605927e8
1.606824427000565e8, 3.52684593499345e8
2.0579563796372855e8, 2.4807869470144865e8
1.3511653895534548e8, 2.3988287915937507e8
8.229699914798534e7, 1.4764695953520903e8
9.882636750459932e7, 2.5709049252966088e8
2.7695418547726923e8, 3.473257325325064e8
3.374700017540105e8, 5.726645389651879e8
1.951913073471353e8, 2.6676000347314328e8
1.8867753608982345e8, 2.958849778976174e8
1.006553940059206e8, 2.5005620452856517e8
1.4324514231171697e8, 3.232357695870037e8
1.7885342507703602e8, 2.6003733800288722e8
1.7451819199919733e8, 2.757183185391332e8
2.5890717563773173e8, 3.5721121639747995e8
1.1428630068806043e8, 1.870007825923043e8
1.015307169127718e8, 2.0037510182111195e8
1.1624145704081391e8, 1.9632878513467747e8
1.9398799539861453e8, 2.4369300332781357e8
1.3106390471455021e8, 2.0915821182906955e8
9.463145217972794e7, 1.6140571044145495e8
1.0584653425624181e8, 1.522654789324364e8
1.4643725943633983e8, 2.3132881431416047e8
2.025232151433181e8, 3.2516160933113164e8
1.378866075060592e8, 2.081269670328209e8
2.708033090669324e8, 3.5294718885838217e8
2.3666790743052694e8, 2.9556760913756406e8
1.623047000594628e8, 2.4249451032987988e8
1.454998709623022e8, 2.249539642610095e8
4.353127092154449e8, 6.604604827533551e8
1.4269525866168073e8, 1.8334958483805433e8
9.287205104935795e7, 1.7434432184613955e8
3.1366513963548183e8, 3.821865652127332e8
1.6745643821913677e8, 2.2403668688008985e8
1.687339420196522e8, 2.7554130711136276e8
1.3212440849836199e8, 2.008542679786447e8
1.1246846841995572e8, 2.164310652208199e8
8.489261447140567e7, 1.509683240191543e8
1.836553126710104e8, 3.4345879231982714e8
1.002670680517524e8, 3.021072056380775e8
8.588252178818595e7, 1.661796764190802e8
1.3441779560502046e8, 3.699225890722332e8
1.2509767157814808e8, 2.28011126489131e8
1.233920519977514e8, 1.7943090659977168e8
2.040857530234907e8, 2.836857564504777e8
1.3473644670692948e8, 2.002060188312126e8
1.2677562113234536e8, 2.1272652127062526e8
1.395309121365355e8, 2.0937340890775904e8
1.5383109715397772e8, 2.876486887506766e8
5.070428811973876e8, 6.291066983594497e8
2.5481120796670407e8, 3.942166470490159e8
1.390711169719834e8, 1.898378449063129e8
3.708137683017103e8, 4.399103003089096e8
2.2799880527013883e8, 3.045710793746891e8
9.23765271871944e7, 1.2295671776428595e8
3.0092830427965105e8, 3.7988832999410546e8
2.0019509795493066e8, 2.4758722358548608e8
1.4279543965758982e8, 2.0948580670511574e8
1.2062778126617904e8, 1.568191186188885e8
2.6737121151033485e8, 3.0841077306762636e8
1.0645530961551203e8, 2.1956486725377598e8
8.969399893087299e7, 1.5501006834234715e8
1.5996507547026336e8, 2.1943231620151904e8
1.8289713467975956e8, 2.925307444318608e8
1.9502211895077348e8, 2.82068311680996e8
1.1209868884102456e8, 2.4126560042343482e8
1.0403770502153261e8, 1.872070937230213e8
2.7812650914530087e8, 5.845522574531399e8
2.768102471849445e8, 3.255407258953783e8
1.097876889429271e8, 1.6318187131422785e8
1.416502896562385e8, 1.9841109852642295e8
1.5146842797744372e8, 2.3226116518117768e8
1.5728929589991266e8, 2.0812740901813376e8
2.302643104312291e8, 3.3489430146525943e8
8.663714136174019e7, 1.5707080830348104e8
1.908553999921875e8, 2.3782544384091443e8
1.0270188721171306e8, 2.112494856228746e8
3.457823974189962e8, 4.3123266910404307e8
1.5570805408280346e8, 2.370220107243503e8
1.1703592566113934e8, 1.9890753491423616e8
1.6617952183823586e8, 2.5918135639314717e8
1.30504883098751e8, 2.0107547104201013e8
2.1741662815126672e8, 4.837083849432055e8
1.7017234419080198e8, 1.933176604313444e8
2.1188791124441543e8, 2.551742399142318e8
3.081921739111609e8, 3.395075727574165e8
2.23207330353513e8, 3.0371674156447923e8
9.602141886593722e7, 1.6732504654794466e8
9.992406161502562e7, 1.655495492201938e8
1.4518736924909052e8, 2.035328575336917e8
2.1429122595491824e8, 2.9562348084375817e8
3.6184409930983084e8, 4.194803370777302e8
1.1872507192262647e8, 2.9450731503195107e8
9.597951358098756e7, 1.694219837303117e8
1.916400009715527e8, 2.353108314990026e8
1.8875148409915468e8, 2.4214495787086543e8
8.09243613155448e8, 8.996874735924964e8
1.0104506416207616e8, 1.6625722317919946e8
9.412739258381855e7, 3.201678281028656e8
1.3007625075360164e8, 2.332744998987922e8
1.182172880837311e8, 1.5975312740074512e8
3.4771674927327555e8, 4.203072268025797e8
3.4567936689933014e8, 4.03528009423203e8
2.002806475352954e8, 2.76145666796579e8
1.366963893669359e8, 2.128464135585844e8
8.215936629469286e7, 1.2630205995921212e8
1.563703505634988e8, 2.646419700847396e8
9.746450260155003e7, 1.892021302930761e8
3.368421804685213e8, 7.708993999809628e8
1.0981925166336943e8, 1.7408584157070568e8
2.669530087529746e8, 3.15905105722153e8
1.526898969876298e8, 3.045053873587269e8
1.1153377842248012e8, 1.9372438710391968e8
6.755647901770582e8, 7.209356106157321e8
1.2478883742900293e8, 2.73334176373433e8
2.733548062236308e8, 4.3937231371271574e8
1.0429050854295278e8, 1.4933853876501572e8
1.8719255678895673e8, 2.5084268005291006e8
1.2216292505460626e8, 1.853356966429835e8
1.2689138903710161e8, 2.0652231122525045e8
1.9160139030505082e8, 2.358924954992414e8
9.806092553098813e7, 1.3413403142751919e8
3.161281505888844e8, 4.4162586770217574e8
1.3495782526035124e8, 1.8551810391919065e8
1.930383141018746e8, 2.414073720523906e8
4.737329177640265e8, 5.364790145556732e8
8.83013621815163e7, 2.925827838665127e8
3.291123256790384e8, 4.3224088828540176e8
7.320731213444237e7, 5.283775121653516e8
1.4052206745284e8, 2.3760888476579392e8
5.005052325684738e8, 5.489142146342205e8
3.8475677100529075e8, 4.33124714828184e8
1.3527275818325108e8, 2.451812274745074e8
2.040016304204364e8, 3.9040813073524296e8
1.8931389069606134e8, 2.320038247428648e8
2.5836523285016906e8, 3.962220459850708e8
2.6231025372136804e8, 4.021569452118577e8
1.089684950789941e8, 1.512518842312203e8
1.3251372936175814e8, 2.5473924918092856e8
2.1797269923742455e8, 3.2766929946483403e8
1.7478290287811798e8, 2.2535264616904777e8
1.353728587292619e8, 2.3577943662971565e8
1.5595609083377403e8, 2.3052796502099702e8
9.393976607127257e7, 1.4926131432681027e8
1.3393160058221494e8, 2.6664649470327744e8
1.7866389993758383e8, 2.2870545903926694e8
1.2009399565948018e8, 1.592211521956411e8
1.2692571788802767e8, 1.6265568104645523e8
7.765015063195115e7, 1.2835500824061598e8
8.40348919696469e7, 1.7631639903112018e8
1.2914884083231282e8, 1.7111337311718318e8
1.1749259736756149e8, 1.6291420433627808e8
9.441143134975426e7, 1.5773997708154643e8
1.002022512234461e8, 1.7292286171915543e8
2.591327910774864e8, 3.6158446462362224e8
4.92186390934e8, 5.657999324957229e8
1.865519408586528e8, 2.770329223577901e8
1.150453987252678e8, 1.6512294308964035e8
1.7801526814802945e8, 2.3189408254798934e8
3.461597236293372e8, 5.513148612657651e8
1.3527061876711962e8, 2.6683246774574444e8
1.102119486188029e8, 1.7972852492064717e8
1.2933705657342167e8, 1.741254314689649e8
1.0492726785815531e8, 1.9255082555645728e8
1.2976038422414105e8, 1.7198390674551886e8
1.7098665699227175e8, 2.270838965734645e8
1.7647210365225247e8, 2.1807109694213122e8
2.1167135635304394e8, 3.389712246893074e8
9.09954414152728e7, 1.7157676462304142e8
4.141067758269156e8, 4.6761549673487663e8
1.0495999415692261e8, 2.2914059137332246e8
1.5330438592244115e8, 2.3148397285976705e8
1.361205123887051e8, 2.619090054475e8
1.1647408069853556e8, 1.783795663633346e8
2.4736009349517152e8, 3.6069148295911855e8
9.850347137924507e7, 1.4576012810047722e8
3.086100566954656e8, 4.761599995257235e8
2.1160206089388034e8, 3.976026522281371e8
1.364070612784957e8, 2.113032294702084e8
2.2737280196462366e8, 3.345978737897635e8
1.248111546434515e8, 2.324728977953613e8
2.260597686480802e8, 5.499690278247365e8
1.4103044891394147e8, 2.450617882313232e8
2.2429556783408582e8, 2.88179895015194e8
3.093218029862886e8, 3.864762004279789e8
8.562468904327086e7, 1.6886772571896678e8
2.860155980405023e8, 4.5397654305625516e8
1.2773149797188072e8, 1.962321110656605e8
1.5216802315575856e8, 2.267526264052365e8
2.2796454086818105e8, 3.9380262213703024e8
1.4015933940031528e8, 2.150024267269707e8
1.2969204722708501e8, 2.834529867298431e8
7.661885078450459e7, 1.7941056703959063e8
1.403050112852775e8, 1.7721501654763874e8
1.240072788047806e8, 1.8306133374516958e8
1.1593829305586308e8, 3.6133727238562745e8
1.0536504245172456e8, 1.8265468623943374e8
2.867117077121846e8, 3.9863464493798e8
1.2270796054523095e8, 2.936761721585683e8
5.615311237570086e8, 6.284214996209267e8
1.5384212178460714e8, 2.1826380008541757e8
1.2232237618620919e8, 2.0295685690060267e8
1.1008543897554421e8, 2.2276264285630804e8
1.9728335287638688e8, 3.112135406382777e8
2.013005819754752e8, 2.555278426754926e8
4.90201451690234e8, 5.73486295625743e8
2.4584815503667802e8, 2.9806072061598945e8
1.5371416543132356e8, 1.8278004762062502e8
1.446959432002533e8, 2.225949112447418e8
1.2018721106069401e8, 1.5772013211726424e8
1.5363698229826605e8, 3.507744749160297e8
7.488301873291816e7, 1.2358555181696926e8
4.426357075368656e8, 4.830484022498513e8
1.58604341523463e8, 2.6431774011813542e8
1.0106823626487891e8, 2.173627062623127e8
1.2475991026134114e8, 2.335982761791125e8
1.820042013219333e8, 2.517806070530667e8
1.3979305438142905e8, 1.9465240506659642e8
9.573522251931399e7, 1.7373960958256173e8
8.561454246184953e7, 1.344217342709787e8
9.284961392958273e7, 1.576894588723796e8
1.3079338833696665e8, 2.1457626613178805e8
1.3340160821494518e8, 2.8548550848831457e8
1.4631213243603975e8, 2.4237636546527106e8
3.360144714994624e8, 3.9492309943865776e8
1.3657412719062012e8, 2.1302854006894168e8
8.305804664858335e7, 1.5189498178584158e8
1.8761448276915658e8, 3.151628675349765e8
1.547709883040912e8, 3.673653389392702e8
1.083713628207894e8, 1.8962064587110996e8
9.325299029430358e7, 1.8711760425646037e8
1.4603873141310832e8, 2.9663978935199887e8
1.1539193449100374e8, 1.9975938524333972e8
9.430908134201084e7, 1.7689562593885747e8
1.8330990193821275e8, 3.366268122722267e8
1.5009314260938203e8, 2.864281643395908e8
1.4210311604237852e8, 1.8963661241111177e8
7.952068710788892e7, 1.3666768644513777e8
2.5418042392798585e8, 3.476645304347258e8
1.49930788077981e8, 2.0529958099258396e8
1.1506573180101207e8, 1.7779850200427225e8
9.052786273927929e7, 2.0987237516779462e8
3.1252618367232627e8, 4.148880370204097e8
1.4902903675183097e8, 1.7653053513407207e8
2.432237037613289e8, 3.805336495297417e8
9.6598327322229e7, 3.816927646458743e8
1.4172580184804666e8, 2.2489124034714225e8
8.933113422682308e7, 2.4665399471477893e8
1.0249176567439233e8, 1.7910806152343735e8
1.8541906866414133e8, 2.9520704589169455e8
1.7850344463700724e8, 2.3298903317696142e8
1.4217383302437866e8, 1.9786702430365783e8
2.418596521886459e8, 2.74416501319161e8
1.9024760803337607e8, 3.635409080943544e8
1.5046179122060525e8, 2.3962673606908795e8
3.792862316376412e8, 5.525613605142888e8
3.28053707183973e8, 3.6206822915539706e8
1.357129859873735e8, 1.744335676311081e8
3.1824059933865285e8, 4.9428781140549856e8
7.27967900023486e7, 1.1792836918680322e8
1.6528675266985956e8, 3.275690025175671e8
1.5130570275323644e8, 1.965522452648809e8
4.9788266397193766e8, 5.369052154078472e8
1.2665329001503389e8, 1.8919432767959237e8
1.164626807574404e8, 2.185018356636655e8
3.437838989141192e8, 3.9717178722458375e8
1.4347388544992164e8, 1.9047869720646012e8
4.612439677450657e8, 7.86229786316631e8
2.443208755898708e8, 4.259471776036589e8
1.0254427419820602e8, 1.5902015654113603e8
1.2435339068316655e8, 1.6534220152269894e8
5.0487601169778407e8, 5.994269851246663e8
9.371296611148661e7, 1.5872380710022485e8
1.1845031755635095e8, 1.835438001366844e8
1.926701005076185e8, 2.6777829144958898e8
1.4662382157213196e8, 2.0745349546902195e8
9.134487242629626e7, 2.3736227557859698e8
1.342621008291973e8, 1.9709128676502576e8
1.0151550479039259e8, 1.3729493713823417e8
9.894087447059318e7, 2.0110431099376762e8
1.859122643539622e8, 2.5292721350943056e8
1.4628644509149072e8, 2.3136977499470308e8
1.2870003425676274e8, 1.8336175041489804e8
8.824412904013969e7, 1.5502230219809556e8
2.868144883475969e8, 4.278391177241117e8
1.3547111037232196e8, 2.5004171739172462e8
2.677420961105628e8, 3.330127143238934e8
1.6745253139034322e8, 2.9473807810403776e8
1.6042706305551046e8, 2.083935895614243e8
1.0511498826560287e8, 2.054469968288574e8
1.5160443060057715e8, 2.2529155566355184e8
1.300032301465045e8, 1.986423123566907e8
1.7219076513650978e8, 2.5791710778369904e8
1.4993229712466925e8, 2.3051453386214337e8
1.2904623800617568e8, 2.0137227071421292e8
1.2324588254908991e8, 1.744694140506574e8
1.4101191090084732e8, 3.5124857160089815e8
2.563455772257895e8, 8.598085594813178e8
1.2149465374444103e8, 1.8961704619388497e8
1.2742659538650654e8, 2.2504815827562836e8
8.51857969089636e7, 1.351052446350128e8
1.558117901789728e8, 2.453171140937724e8
1.1254835121634448e8, 1.9080170626227033e8
1.15293213773921e8, 1.8197805166026998e8
8.24933373130931e7, 1.7077565096354437e8
4.3197311010247797e8, 5.144829034402281e8
1.486168868076084e8, 1.9937402040884098e8
9.330407517530084e7, 1.447220515079691e8
8.945500525821345e7, 1.32815058182678e8
1.1327181358055465e8, 1.7116402119342446e8
8.557135623412663e7, 1.1000268300711073e8
1.3228734755106772e8, 3.2039852064070016e8
4.8258147112906563e8, 6.454386885765101e8
9.78953911791691e7, 1.5439656370715407e8
1.0370685054778363e8, 1.4314489184857735e8
1.3639996477835137e8, 1.8502914833172062e8
8.387612590219525e7, 2.1365828780418614e8
8.302767551189011e7, 1.7611136944465286e8
1.4415370426796326e8, 1.9618822019986382e8
1.5424260618454832e8, 2.3993834726998731e8
1.2848838231906846e8, 1.6991695696697217e8
1.9347618386753595e8, 4.1188543640896165e8
1.2675620422218013e8, 1.778685967286933e8
4.008390986452736e8, 4.776492422790398e8
2.4571940391565976e8, 2.8632451704811645e8
1.5715962241709325e8, 2.0571567289908257e8
1.2381847737635364e8, 1.9058134191279775e8
1.192723960280151e8, 2.772178650050738e8
1.0200871741357338e8, 2.2550206421463296e8
1.82183390098895e8, 3.650991259624649e8
9.772099565899213e7, 3.016046598704239e8
1.1804242369578661e8, 2.028924201692999e8
1.7732706673223594e8, 2.2107131361908308e8
1.2981089934845027e8, 1.72617151076528e8
4.248593800467897e8, 4.8591516256944406e8
8.356461208529536e7, 1.2300123203502642e8
1.2080538169596802e8, 1.9794694167605707e8
1.0673608063938196e8, 1.7826197061157295e8
9.604453938870549e7, 2.2967528747683865e8
1.3518835814083844e8, 1.8552930397489053e8
3.090164497452181e8, 4.5339524647573537e8
9.661464040326692e7, 2.1959248918129376e8
1.364180175025119e8, 1.9134811971648288e8
6.745000872655089e7, 1.5540304959523866e8
7.386723768544436e7, 3.002815653182552e8
1.4017745435277537e8, 2.0635915392946467e8
1.2954296715598693e8, 2.0104263318088207e8
1.3149299802891862e8, 2.19116194415558e8
1.5248685403372842e8, 2.5294782513878655e8
2.9836596337797755e8, 4.041321056773465e8
1.5865349414669302e8, 2.4292666574292642e8
8.801739398812261e7, 1.155427674282501e8
8.512854873793823e7, 2.5326887429493058e8
1.5381718968055627e8, 1.8460021905381536e8
1.4234131270738626e8, 3.668827715874748e8
2.8243543925456804e8, 4.69268806558514e8
2.663393251614644e8, 5.725515671158173e8
2.800226736298828e8, 4.882946375550873e8
1.896956422626887e8, 2.438307127476606e8
1.8330802713530764e8, 2.854752802584823e8
2.1150482735392222e8, 2.6612557931061766e8
1.0470794755881448e8, 1.4516174329689977e8
1.0416894204357679e8, 1.691898310979249e8
1.9824972514514416e8, 3.131566759919609e8
8.504538650871117e7, 1.3473038086874527e8
9.539446970262817e7, 1.767751206238895e8
1.2754253435578215e8, 1.941035213846802e8
1.640255667389179e8, 2.1663642004804492e8
2.206347941250506e8, 3.492768704945657e8
3.50131102242909e8, 4.339578083312849e8
2.2581093862522113e8, 2.916263339716989e8
8.514459496043961e7, 1.555098486605055e8
8.913134800705044e7, 5.592437591191715e8
1.4502356544489756e8, 2.3074806932402745e8
1.1734722763345355e8, 2.223663063740356e8
2.0558962723946103e8, 3.028988738653931e8
1.547974958742013e8, 2.4016698876673472e8
1.2857965748273847e8, 2.729884060285591e8
1.9399803482093802e8, 2.725059865391181e8
1.6114963936758363e8, 2.431800590486675e8
2.103100330975298e8, 2.6795939094709387e8
1.2538858465855218e8, 2.56722944478928e8
2.285159303518004e8, 3.001949567353612e8
1.1386989187506697e8, 1.432443030335119e8
1.384904838414305e8, 2.0235940657606775e8
1.1209935260026631e8, 1.9862445695940104e8
1.6217624508445743e8, 2.6845171905632055e8
1.0014643763783897e8, 1.2995914089580438e8
2.0785012603576982e8, 3.117655937808202e8
2.1166633644796285e8, 2.9236690966338843e8
1.894511656908109e8, 2.3353701825663447e8
3.8789370313034445e8, 7.372337000111455e8
1.186717630983765e8, 1.7896783180823582e8
9.440278507823499e7, 1.7528383618561962e8
7.769523471993816e7, 1.1450864964849922e8
1.2762639899706924e8, 4.26775617011318e8
1.601387525711562e8, 2.354891343254529e8
1.0926009898037694e8, 1.6488245911111063e8
1.9437161835987282e8, 3.2294402236283207e8
1.1905173189541498e8, 1.6762107430765897e8
9.866484355240898e7, 1.4536646281157383e8
1.4985075873671436e8, 2.080058496683421e8
1.9608741861182788e8, 3.071409627504426e8
1.1133654450446947e8, 1.5901359100630763e8
2.1121575459461474e8, 2.4766620514229542e8
1.6156400934729135e8, 2.059630904642191e8
1.199676846145138e8, 1.843387353775172e8
3.4606997588833076e8, 4.9967266886930037e8
1.8730214619682434e8, 2.6649012665502918e8
1.7018721168259192e8, 2.355133704716231e8
1.1542703291448556e8, 3.5782868652502763e8
2.149089672043604e8, 2.7080447454021764e8
7.56804334071241e7, 1.3996084217232397e8
2.299159615374485e8, 3.5406794959637123e8
2.1067463567462403e8, 3.827582889646596e8
1.0192881169877492e8, 1.523748949745605e8
9.4453600884656e7, 1.6136786692944193e8
1.1664225980552165e8, 2.3633336743467122e8
1.7218105601079157e8, 2.3987530583622617e8
1.286679834685175e8, 1.8051459806376475e8
1.3473233993169558e8, 1.8217232278899252e8
1.2505211922763433e8, 2.2395126445947877e8
3.718115039707267e8, 4.2104550425560135e8
1.0661788263232961e8, 3.6586074622954476e8
1.3447390042199877e8, 1.9675608462343907e8
2.5082765018135086e8, 5.558575908806973e8
2.1905478200765094e8, 3.448492624156694e8
1.9471033558697265e8, 3.049917844286896e8
1.1163474791395809e8, 3.6016083020478296e8
1.3055293316241477e8, 1.802507583775708e8
1.1843551407203133e8, 1.6429063093909407e8
1.257069175825211e8, 2.2640351036750743e8
2.2241112011932477e8, 2.7695342243310803e8
2.0727563634806067e8, 3.862538737855398e8
1.1952352840068659e8, 2.9390561351168114e8
1.2300484586387049e8, 1.955925473858416e8
1.5688566697751662e8, 2.4279458766084498e8
2.0200479447145504e8, 2.3706751022694182e8
7.985358819026591e7, 1.365238498269935e8
9.01882850572348e7, 1.4756978254258686e8
1.173540822236822e8, 1.9056598495810378e8
2.4172203657492977e8, 3.360126725015021e8
1.584785918965667e8, 2.4241245624019426e8
2.87120591604494e8, 3.3447839831510264e8
2.286246689064964e8, 3.009297174340319e8
1.1942727699649875e8, 2.5500848558781263e8
1.4275191183187443e8, 2.386885999307068e8
2.788549070877067e8, 3.484118711247464e8
2.1106121845789835e8, 2.6767350935683957e8
7.881213218209504e7, 1.1477802300628172e8
1.1295662188829584e8, 2.3284012282172057e8
2.0764354067949608e8, 2.703729189098571e8
2.1586582237821642e8, 3.436298866795266e8
1.428805716197112e8, 2.0583729269322318e8
1.0120025021492924e8, 3.5145875017863876e8
1.4811634115005475e8, 5.455621924204797e8
1.2433711287836757e8, 3.1056182351716197e8
2.3902302161913505e8, 3.87725401811368e8
1.1674850236645103e8, 1.8114256534205535e8
3.4801082419157094e8, 5.540270351636204e8
2.442060607137522e8, 3.246912184698013e8
1.2976345268900512e8, 2.6773627150619343e8
1.2362232759095754e8, 1.9070464661259764e8
2.0138026462647825e8, 2.497723323201133e8
4.272977913865264e8, 4.98264849561606e8
2.35845511784641e8, 3.470103427115487e8
1.3919830493874452e8, 3.738463390530562e8
1.6636189473690704e8, 2.6529557223806202e8
1.6172082066852137e8, 2.0183567583985022e8
1.7379391514484033e8, 2.8278621966336024e8
4.539340743820057e8, 5.250768492014746e8
1.8159890475320584e8, 2.706531813105361e8
1.1268186727829792e8, 1.573351328098912e8
2.5024279747364154e8, 3.3490153114918643e8
3.050255560589374e8, 3.2874388434037334e8
1.4123035223935732e8, 2.3255038173023146e8
1.5085654343318957e8, 2.9481935361477894e8
1.5884340137474924e8, 2.2728932690098208e8
2.1695055054766315e8, 2.500100519704216e8
1.5521162774158588e8, 2.19483790182633e8
1.582879126180578e8, 5.832283194719893e8
1.094586081393174e8, 1.9617557762879708e8
1.1497225244266728e8, 1.5521280183538336e8
8.979150331038871e7, 2.7349938194779265e8
1.0889471664826454e8, 1.557752483203604e8
4.0376240419600385e8, 4.951676728839505e8
1.3180128598733306e8, 1.6784239526360825e8
1.8433201261850998e8, 4.140085795503691e8
1.560328966013932e8, 3.0039727909652925e8
1.2216646394644526e8, 2.399465144878614e8
1.337146673557177e8, 5.094125167930984e8
4.9013033175050604e8, 8.218265014377539e8
1.4184312226874608e8, 4.1734738095485276e8
1.0895196661598007e8, 2.1462692477627265e8
1.4461924684390822e8, 1.9611108715112612e8
1.8712612699657315e8, 2.648656683931716e8
8.35385338292989e7, 1.77569552727499e8
1.5232760378744557e8, 2.5639542765790203e8
1.0049762308912288e8, 1.4952069089631465e8
1.317312205416337e8, 2.2937151190825513e8
1.3975409117690572e8, 1.983557593051654e8
2.010186114342586e8, 2.9003163458523804e8
1.0095868407995257e8, 1.9144350147465223e8
2.2683758221028236e8, 3.488557663853064e8
1.7432953707243624e8, 2.2272737613358858e8
2.0981005930254996e8, 2.568820513773414e8
1.8358477825408098e8, 2.750650302463353e8
8.561377740243955e7, 1.1780875038229793e8
2.811431348895753e8, 3.4902728682377654e8
3.065747497625064e8, 3.531317968634605e8
8.916911409294903e7, 1.2732693816027184e8
1.512971329989604e8, 3.335180035200464e8
3.4587691746797156e8, 4.841947814935896e8
3.365549971385952e8, 4.058811722505193e8
1.1678641780437925e8, 1.8683080198198453e8
1.6917658856889233e8, 2.5640948271439064e8
1.1735420860071011e8, 1.8293867478104252e8
1.1418651051186362e8, 1.664627458440044e8
9.984529214101055e7, 1.6340020380794108e8
2.317901659087002e8, 2.9055922017111194e8
1.164979407658062e8, 1.9143499282432804e8
1.65092975390798e8, 2.2075256611763525e8
1.2259845460039537e8, 2.723078856267522e8
2.0424257090928268e8, 3.1209558700639516e8
8.788777345007004e7, 1.5443155053015986e8
7.077668049985859e7, 1.522661994162613e8
1.244179094155848e8, 1.9020404092462146e8
3.969552873797012e8, 5.581007260746495e8
4.1287072559185964e8, 5.1958432194833964e8
2.635265862676489e8, 3.595928190776827e8
8.036080448721787e7, 2.024479111691789e8
9.422309272831762e7, 1.4293335929157045e8
1.1622480330277723e8, 1.8076498371862796e8
1.2185140653465188e8, 1.520061661785833e8
1.825929342322656e8, 2.8020966041093934e8
1.1835680742585441e8, 5.187065326344559e8
9.636738151655413e7, 1.515179848841389e8
8.234172126037142e7, 1.4239558315797248e8
9.131745287686306e7, 1.302190735270808e8
6.604924006302348e8, 7.668553045532018e8
1.959088271240498e8, 2.717419179302663e8
1.4754574732112e8, 2.1557138328747356e8
1.1955116944769453e8, 1.6263101704126596e8
1.2578147192231345e8, 2.0599571917462197e8
3.788936540742916e8, 5.444597128941836e8
1.6491252282913402e8, 4.991686327487714e8
1.808746114474178e8, 2.440166773618227e8
8.607209250225376e7, 1.5002513574887547e8
1.4055291136831713e8, 2.2534785632080063e8
1.4964674505058056e8, 2.5538652176696712e8
1.1737551155989881e8, 2.838563843997896e8
1.7425662246379218e8, 2.4026272466766986e8
1.5689562154745442e8, 3.455036059052027e8
4.678357513472192e7, 9.582345449279594e7
1.149436213825152e8, 1.6240821187057418e8
1.9399249614542085e8, 2.5543860833474433e8
8.652771308472887e7, 1.4421488446524495e8
1.093147015654916e8, 1.636742298826004e8
1.5570774789125058e8, 3.017366691666025e8
2.3358931027805617e8, 4.467348570779058e8
1.1616671666291268e8, 1.8152720355937043e8
1.4719034010755667e8, 1.8936548030328473e8
8.781021298612103e7, 1.4663401704163447e8
2.0527021776903975e8, 3.1022065993955946e8
4.527560922488244e8, 5.822547919031307e8
3.0894285347789705e8, 3.6500283593674356e8
1.76523392125049e8, 2.1518798193918127e8
1.1857836832387772e8, 1.6856636754679704e8
1.0208316702608229e8, 1.6354890998635072e8
2.1076508837025005e8, 2.8582389025953925e8
4.179267817267752e8, 5.577043649312888e8
1.1110000912197872e8, 1.6739942681084004e8
1.1134164482602058e8, 1.5140277315768254e8
5.896764348840292e8, 6.7371472108643e8
8.703109987224145e7, 3.005875983262668e8
3.22655534568309e8, 5.589846325884454e8
1.2706132030991489e8, 3.0856938870360017e8
2.2714062448309758e8, 3.6916773119162095e8
1.443468489008563e8, 2.073982209321534e8
1.516876184746938e8, 2.3278021856213722e8
1.8905918480627027e8, 2.636550957181721e8
2.177454347849262e8, 2.5706942338760033e8
2.9195250575383383e8, 3.9239291263690406e8
8.497481917892268e7, 1.6313385288484886e8
9.699789182389821e7, 1.5720426642807177e8
1.3227753844187684e8, 1.8315433077899852e8
1.0028495771194912e8, 1.9344149570454356e8
1.0275258278019379e8, 1.5939789381601065e8
1.3503460213981047e8, 2.3434526934938508e8
2.0978276982198387e8, 2.9574349652660006e8
5.834876896810508e8, 6.649557298372146e8
3.3699570864949214e8, 4.0903267864501506e8
1.1802592286443728e8, 2.0663163442349952e8
1.0138994570458892e8, 2.868844719699806e8
1.423668426052901e8, 2.159201728698745e8
2.7356795817093986e8, 3.739504637927257e8
1.6951367318658626e8, 2.3138563666729766e8
1.1116779423548636e8, 2.1202959359499562e8
8.169239648999955e7, 1.2786357730934954e8
1.0520163395285065e8, 1.5952027574660075e8
2.0790953149138612e8, 2.852353628922643e8
1.0777966948356517e8, 2.4361000090856934e8
8.120824118713836e7, 1.4055811004165193e8
1.467041258205515e8, 2.0417848311483246e8
1.568834223553845e8, 2.2139037586562997e8
2.6572363312853178e8, 3.03150236146388e8
9.070283901068735e7, 1.3360850706344423e8
1.4574147266739622e8, 2.3689445190747347e8
1.9828961449879065e8, 2.315372047675948e8
8.694447973250389e7, 1.3157834913613757e8
9.997562910088918e7, 1.710773196947511e8
1.698381094268743e8, 2.7042400004953384e8
1.0162470002778508e8, 2.2584049255985728e8
1.3450197774628603e8, 1.9967412712244752e8
1.2663979357160829e8, 2.887807714557554e8
1.0355211726773512e8, 1.6536041708155024e8
1.4135121544526848e8, 2.0846453735137764e8
8.450314788735507e7, 2.243035170237775e8
9.553546218200126e7, 2.7672134830327433e8
7.800171800428717e7, 1.7886843785702062e8
1.0927637378188014e8, 1.351916984333473e8
2.940274383606666e8, 3.967295069752062e8
2.6276711270923045e8, 4.076372863465435e8
1.6384351137078533e8, 2.192461647623662e8
1.0480085031495452e8, 1.9692619474299455e8
7.63729456230657e7, 2.9159085660913295e8
1.7997460678142965e8, 2.5368869843286675e8
1.6342989597153968e8, 4.1688802779041076e8
1.7561148924165648e8, 2.9792233993308014e8
1.4003794630526298e8, 1.9249293630494514e8
8.820563762549673e7, 1.595753802882729e8
1.760364042909878e8, 3.4999878760537183e8
1.0545056622593099e8, 1.5342204976281503e8
1.5184662564456567e8, 2.884168984571111e8
2.1505566012112007e8, 3.187328889302317e8
1.4947849387058467e8, 2.093986230309507e8
3.18943176197913e8, 3.977862129670356e8
1.631796023742036e8, 2.9694031861319345e8
1.8741034770854616e8, 2.9226539242574435e8
3.9975460386420935e8, 4.4183248185418534e8
2.4431018660833454e8, 3.6540430969891465e8
1.3335734842411011e8, 1.9344467299152288e8
9.41462062982884e7, 1.9765689115614653e8
3.33708983997368e8, 3.9256655276159805e8
7.376670313339497e7, 1.4836975196607918e8
4.86331628631297e8, 5.457532887948599e8
1.012454916166919e8, 1.7035238122563782e8
1.0523689511204547e8, 2.111857809211389e8
2.9939223370071906e8, 3.2304547042690176e8
1.9175913413798878e8, 3.0432801625361025e8
1.858246324009694e8, 2.5157393360374886e8
1.4535365404272225e8, 2.6202287589946777e8
2.833422716756365e8, 4.1022714798889476e8
1.377841327440697e8, 2.2211722442110687e8
1.0189361005463602e8, 1.406347316940331e8
1.678711607202134e8, 3.088568803727132e8
9.313336914925402e7, 1.7816006057179293e8
1.3733029903244054e8, 2.4912674701244286e8
1.0458943309027913e8, 2.3237395497694436e8
8.156080101049097e7, 2.1694334226952112e8
1.2096700542681584e8, 2.844086162661173e8
1.284936219113919e8, 2.762460172824575e8
3.1723206188276935e8, 3.751279967367402e8
1.4810068686014456e8, 2.499356943213264e8
1.345645603311744e8, 2.2707896013658443e8
2.1186121132936525e8, 2.8092452026676136e8
9.759971117880136e7, 1.5867336318645197e8
1.4635357635437074e8, 1.7596323585517642e8
1.4421257663627073e8, 3.2787714911413866e8
4.235898415213798e8, 4.956832289494425e8
3.2096483843716514e8, 4.372102378700683e8
2.196085224124513e8, 4.2194550137802565e8
1.6561538139004052e8, 2.717695811591793e8
2.0557207791253576e8, 2.8656250113230956e8
4.096187981809965e8, 4.837890606676952e8
1.6978154536413473e8, 2.2426842618448356e8
9.146202872881724e7, 1.4944039605100986e8
1.257557486263352e8, 2.467486444109786e8
8.678608537895489e7, 1.357509482385325e8
8.388675392226705e7, 1.833866097949287e8
1.03453634285261e8, 1.575024450826904e8
1.7787465713607097e8, 2.6035346385002646e8
2.1599350376364186e8, 2.8780122587926155e8
2.024863298257523e8, 6.74316946220393e8
1.7909010415712845e8, 3.319562442307639e8
7.672630436251996e7, 2.67319116037757e8
1.0076216061120553e8, 2.2563769115035552e8
2.3907601728769258e8, 3.653971501123681e8
1.243323579926672e8, 1.852259938645436e8
1.1570750451516521e8, 1.5575877469006678e8
2.973908955918471e8, 3.701615206332338e8
8.659183858553518e7, 1.2949424405320735e8
1.7549140580689064e8, 2.571227824180532e8
2.2231792622860056e8, 3.6162305560962653e8
2.0829773872842908e8, 2.5591267890970555e8
3.889677240037795e8, 4.8682684833579487e8
1.0424539730267282e8, 1.59358932126978e8
1.4818794218436265e8, 2.0558669014559957e8
1.4142727424566633e8, 2.282865529891891e8
1.375337545459805e8, 2.183546792741624e8
1.2991127043059866e8, 2.04583454449003e8
1.600546518484409e8, 2.8015830099579823e8
1.3584542929751843e8, 1.6258746694761688e8
1.3324323272620735e8, 2.2978860682723704e8
1.488451342922118e8, 2.1503276707269362e8
1.1564038975326987e8, 2.5464077140647057e8
8.210657984186704e7, 1.648307151062263e8
1.5187026971429172e8, 2.2789026614857817e8
1.7464723409484267e8, 2.835197008160363e8
1.435138327892389e8, 2.867851872372868e8
5.740644567286794e7, 1.833634277331856e8
1.384154102574782e8, 2.3479279665418997e8
1.2021384816616665e8, 2.0298548946238682e8
1.0554231091910574e8, 1.736259194746387e8
5.897875920115379e7, 1.188653822599746e8
1.0086564744833061e8, 1.6644129574568248e8
1.3966639836368787e8, 1.9783731141251254e8
9.557032534965956e7, 1.7590769555966505e8
1.3126520818710853e8, 3.6511654521688527e8
7.248354669436981e7, 1.3040990331845322e8
1.8317480855095822e8, 2.4419073076077595e8
3.298237264923095e8, 3.92352956819071e8
1.2892116175251836e8, 1.9025186199241287e8
2.597369602715345e8, 4.6039186735007733e8
1.1645234707212391e8, 1.9409760844437107e8
1.3115938609486364e8, 2.760780329745257e8
1.6892509134766734e8, 2.6488823857224998e8
1.489740704009439e8, 2.4041391818283287e8
1.4908615154809242e8, 2.1903349895909753e8
1.3466252065010682e8, 2.2410785778553957e8
1.4692587947324666e8, 2.492204431195296e8
1.228631507337452e8, 2.0165932300313324e8
2.6882658548181355e8, 3.4184849597093314e8
8.652489938912193e7, 1.6523011030135214e8
9.508198806079388e7, 1.5751844858079478e8
9.242683262746547e7, 1.660802166605317e8
1.369255825142841e8, 2.767019187639031e8
1.402251771526799e8, 2.0907369926477498e8
3.2467707823603594e8, 4.103631355875386e8
1.7868691246279258e8, 2.3037669575460306e8
1.6838974165105507e8, 2.0551064902303642e8
1.9785175943545464e8, 2.545644285196329e8
2.4672225821591127e8, 2.856073932730365e8
2.8443834729913265e8, 4.99156151803231e8
8.10659133404961e7, 1.348303858510142e8
1.254157689377465e8, 2.885119167729254e8
2.3302453887002972e8, 3.372366732804455e8
2.0623705191572744e8, 2.5483812789531186e8
9.955551793754767e7, 1.4088425537540686e8
1.2196286700110526e8, 1.7111010081022516e8
7.244160295225456e7, 1.2425181219609593e8
1.2694152819654287e8, 1.8035479429570875e8
1.1545975888424508e8, 2.3448914463720548e8
3.7246644759899026e8, 5.2016433924203736e8
1.5288519590331364e8, 2.3452591006719643e8
1.2437908123526476e8, 2.3650441134190184e8
1.2899327053440355e8, 1.8744447964869374e8
2.022937240715528e8, 2.8361656209227383e8
1.3949445438893e8, 2.585303722293774e8
1.0796226450631769e8, 1.880929637843819e8
9.540828275768551e7, 1.7279808565361047e8
7.5009908709717e8, 8.148057583300145e8
2.0963342090044832e8, 3.893066698140707e8
1.46011636754461e8, 4.1869482408020324e8
9.938457096456876e7, 1.7588673815745667e8
9.433438296600477e7, 1.7977026231310695e8
2.57940877153019e8, 3.775876381214566e8
1.6752754084456572e8, 3.18411390476967e8
9.955620166398823e7, 1.4061962268755358e8
1.5016366693080512e8, 2.3112666255896106e8
1.103295767055605e8, 1.8008455938586414e8
1.4265665230489478e8, 2.2151582642069718e8
2.019329267233617e8, 3.04065825535695e8
9.04329792890825e7, 2.0034514535008782e8
1.2465580573744358e8, 1.8672752919282112e8
1.9051092972752276e8, 3.1598283330279976e8
1.215460235871854e8, 2.779457481536167e8
1.6653863485194302e8, 2.4314287350822425e8
1.2364194301715766e8, 1.8050598359695703e8
1.8625290470392513e8, 4.126990643959457e8
1.8470178592922443e8, 2.4136596061340678e8
9.7215435370182e7, 1.4730157308746287e8
9.958734559366243e7, 1.402811167624275e8
1.4120292126384547e8, 1.8575870634957555e8
1.5240600013970524e8, 2.697680941984837e8
5.2231951405416304e8, 6.66682709757228e8
1.4549221296225902e8, 1.880526082552823e8
8.830207727318329e7, 3.1048450916228795e8
1.1450049184889358e8, 2.155864094646307e8
1.1289787127856477e8, 1.929604952528464e8
3.3548321930260485e8, 4.294466528189351e8
1.431077790520713e8, 2.0678902896470463e8
9.585633376296529e7, 1.711204990157274e8
2.062321297775981e8, 3.712400622959565e8
1.5597798163944784e8, 2.6156378902597287e8
1.8598630620550296e8, 2.300125051594564e8
1.2790330425721082e8, 2.2148519349866015e8
2.0891089068346635e8, 2.691090830534145e8
1.5478875576416647e8, 2.6208536687254032e8
1.1740217587547038e8, 1.7606657984511682e8
1.597755828586581e8, 3.38866425546043e8
1.0249517780578913e8, 1.330423998330454e8
1.99340523054834e8, 3.653571517289441e8
9.12302713278802e7, 2.751187670893935e8
1.541155439766581e8, 2.4457893542094603e8
1.0886720836143158e8, 1.969194513812013e8
1.3507384205188262e8, 2.3427561267541367e8
9.492815114513603e7, 1.5258161983069083e8
1.980525725305354e8, 4.604155707610056e8
1.8496021372240266e8, 2.712024916245597e8
8.248560900539102e7, 1.6693654808618012e8
1.1185878352948867e8, 2.012693864127882e8
6.359888928661999e7, 1.0203501949997073e8
1.6344816231056932e8, 2.6649306887643135e8
1.1225802168529664e8, 1.8822038023395613e8
2.92909603270109e8, 5.187713999814381e8
1.3566861427162388e8, 3.1284945699334e8
1.640969730055776e8, 2.610933721603633e8
1.2026463060456826e8, 1.9277308381930605e8
1.1760407310772768e8, 1.72014335827762e8
5.184089143714402e8, 6.262518646773041e8
1.3888631266619232e8, 2.7090796608934194e8
3.453454438183883e8, 5.080660867957822e8
9.891163400167288e7, 1.5839244298841637e8
1.7458697221527776e8, 2.1722839445987463e8
1.1079366289230365e8, 1.530207827348507e8
1.3192063210910407e8, 1.8485059592693537e8
6.974688800206505e8, 8.29173824388629e8
1.1670778080597576e8, 1.6068311626028845e8
3.1441450092593014e8, 4.35896964082003e8
2.9333741558550763e8, 4.344156839839687e8
1.0168946937011988e8, 1.9833099921968067e8
1.8012661021142936e8, 2.8492324436989665e8
9.938384989954264e7, 1.84613655554957e8
1.144400256003284e8, 2.784392560372523e8
8.47455336970336e7, 1.3409220483004785e8
1.4460376225414225e8, 3.4581560752574635e8
1.155972666948569e8, 1.997424811602401e8
2.782592502700973e8, 3.59105878985792e8
1.1826587898170547e8, 1.8297039689201444e8
2.6675614517101905e8, 3.2917830338038045e8
1.1308638710115339e8, 4.036317524865372e8
1.1721788508640131e8, 2.865586434630008e8
4.409680713370403e8, 5.744161424497994e8
3.2540648118770516e8, 3.834265348461077e8
1.3051097574581702e8, 1.6927881595168015e8
1.3228157405066937e8, 2.3360585977113596e8
8.576872981978115e8, 8.915945281661716e8
1.3030889657645018e8, 1.7678087348793662e8
6.029583761284459e8, 6.883417782802762e8
4.286120526002806e8, 6.75823506523846e8
2.0955501098947695e8, 2.973335916599299e8
1.2272651701601437e8, 1.9797998146920693e8
1.617822491167446e8, 3.563251359128442e8
8.321211973491228e7, 1.557700057943112e8
1.2386718778934245e8, 2.8125619328147197e8
1.1707410197500734e8, 2.3304996803927538e8
4.3116754669307196e8, 5.445827913244402e8
2.0043830732469547e8, 2.6523439469573084e8
1.0511984740433681e8, 3.059087317573797e8
1.3320040913705441e8, 3.161555008647443e8
1.8906713325976124e8, 3.3431950275104314e8
4.4102186893389493e8, 4.852332813903886e8
2.2428249387033412e8, 3.0223973333154565e8
3.184901754513824e8, 3.902445279901644e8
9.87832861055288e7, 1.7179619591529682e8
1.2235646297112526e8, 1.9244931684126824e8
1.623046398503475e8, 2.1808419823549783e8
8.94547355675834e7, 1.4882899900354642e8
3.806862554766449e8, 5.1815575061792696e8
9.833380860279317e7, 1.564963390632481e8
5.191284370163081e7, 1.3064866451527822e8
3.741694720430916e8, 4.9236132097181773e8
1.4965095990417567e8, 2.3043459267141324e8
1.624889711448188e8, 2.9869760548858607e8
3.638101491473422e8, 4.0176707504651475e8
2.1354973958068314e8, 3.1308404387383443e8
7.79679910504848e7, 1.1212509662229794e8
1.6414709349229562e8, 2.926286574575713e8
1.371420493220844e8, 2.1994605458881304e8
2.6357555978399718e8, 3.20685418837189e8
1.0310437688317114e8, 2.6247942342792055e8
1.2895340019257036e8, 2.393149527855077e8
1.0515700536205995e8, 1.9569708574601e8
1.3987358824627507e8, 2.0237836230512056e8
1.7529611612865993e8, 2.3040497349550402e8
1.2615706416208059e8, 1.8462303663551572e8
9.061049699705507e7, 1.6746599022077933e8
1.2891557953169242e8, 2.2948800659290338e8
8.206041654062265e7, 1.7424436649855337e8
1.3809754035279587e8, 2.1705536419486594e8
1.373358653948843e8, 1.8715491649943605e8
5.837720401858225e8, 6.769116487785089e8
9.306789540501721e7, 1.5182243829737747e8
1.565451279180734e8, 2.0817535844546634e8
2.1721080196004024e8, 3.778167719340169e8
1.2916021525585671e8, 1.9303519857751212e8
1.78254017173348e8, 3.006849537541698e8
1.4556699225392032e8, 2.186616448134876e8
1.0003447151565132e8, 1.8547631666887918e8
1.264838028091384e8, 1.8547853081297907e8
1.784685670799435e8, 4.356943441581092e8
2.008336786559602e8, 3.93555599192226e8
7.548721680752257e7, 1.5058195201370692e8
1.2391936866010264e8, 3.941520465002206e8
1.2791389353106718e8, 1.9921696773644066e8
9.039395100101736e7, 1.516780171469044e8
3.2973760623219734e8, 3.859602506789332e8
1.1778894825027749e8, 2.0314049658961123e8
1.5897409385510486e8, 3.9298482536889654e8
2.4101299835067764e8, 3.2559882265452987e8
1.1807575991756992e8, 1.5841008502744848e8
3.877579914337324e8, 4.8719138301713276e8
1.9243505088421988e8, 2.9530261181950027e8
1.5297292504480198e8, 2.1471524696990573e8
1.0068797657550415e8, 1.7487713570249924e8
9.623214585941339e7, 1.7615192897889715e8
1.0085235552333537e8, 1.6885748730616847e8
2.104775502652856e8, 3.2501887086456877e8
2.2271810951026008e8, 4.466534756632984e8
8.423284408397004e7, 1.9752906021522996e8
3.368911978743457e8, 4.001599824320201e8
1.1871038962224114e8, 2.3943016834053978e8
1.2678239644021784e8, 2.0460844301145726e8
1.3987746749108982e8, 1.8028945391590467e8
8.082703013963512e7, 1.1802457640351775e8
4.133198440860903e8, 5.425876855977123e8
1.1553747418473618e8, 2.274384973898704e8
1.5404755678576076e8, 2.5930186564758155e8
1.2817335506660965e8, 1.7410884436177194e8
1.0686111825962934e8, 1.7546188626821676e8
2.639248153402668e8, 3.662803800698132e8
1.1308007713225208e8, 2.4572516511434913e8
2.2227851598112735e8, 3.967274525344117e8
3.096237221751984e8, 4.216971362579602e8
2.9167233049466884e8, 4.002462155138717e8
1.6264272419088304e8, 2.3690559662091374e8
9.80109262594156e7, 2.467400667201541e8
1.9338459734812164e8, 2.5086281615991685e8
1.2420417779079586e8, 2.133732100617444e8
1.2831609786670366e8, 1.9536014057662874e8
1.5270393371142575e8, 3.5973156247763395e8
1.1680814824886928e8, 1.6919843956435552e8
1.6693389851601377e8, 3.156102538080026e8
2.5614907730769342e8, 4.075234158438305e8
1.1939641100055455e8, 1.7701140995673886e8
1.2725707072606492e8, 2.1246467773683214e8
1.238208541187948e8, 1.6694445295036e8
1.2848891157530212e8, 1.956435396514276e8
1.932830901681095e8, 2.8933028247168434e8
1.495658807067631e8, 2.0501244910840383e8
1.3604030880163023e8, 3.165091133481215e8
7.133593451674479e7, 1.1248661859229998e8
1.2222034967020752e8, 2.892581854669493e8
1.5253908500846598e8, 3.228229702604885e8
1.2926769339554694e8, 1.94369667933711e8
3.882688923449327e8, 4.377915879380361e8
1.223573308996682e8, 1.8109779818046638e8
2.3898143830923435e8, 2.8205758720006335e8
1.2461539968878993e8, 2.4236544962083814e8
1.1533517127606092e8, 1.696490923532356e8
1.311031141484156e8, 1.8598834409541357e8
1.4624894001495844e8, 2.075420022180268e8
1.2579109467094438e8, 2.681127792756287e8
1.3982109679922467e8, 1.8761448387466845e8
1.5647855995751265e8, 2.617837801570694e8
6.987312496864374e7, 1.934146879222304e8
1.4793887172807416e8, 2.556250041079681e8
1.6694455755894357e8, 2.6078561214508674e8
1.2235060723624247e8, 1.705362677318326e8
1.0948038108281165e8, 2.039802538914236e8
1.1783929648887928e8, 2.7403648980658406e8
2.283670496903205e8, 3.3273549575253785e8
1.0605023449073467e8, 1.7517840371346042e8
1.377703741506195e8, 3.3634761774941695e8
1.0191503041693406e8, 1.9411888543285367e8
1.8173626222565904e8, 3.014207317551489e8
1.6895313206860247e8, 2.9229962205165374e8
1.683562146028427e8, 2.5035339525499195e8
1.079346804617187e8, 1.9234212488727292e8
1.238161369657015e8, 2.1997176761257017e8
1.1595487038904321e8, 1.4607937980439112e8
1.5438280267352453e8, 2.5465206484127268e8
3.4259996199951315e8, 4.4478833725285006e8
2.264816574557482e8, 3.872721157988832e8
2.086277122796312e8, 2.953488848197965e8
9.592649279789142e7, 1.5040242010885784e8
1.555149859385174e8, 2.2178868169599134e8
1.866850686656205e8, 2.9789974188272184e8
1.4607595537961394e8, 2.188780549514154e8
1.0030845233833632e8, 1.8023211687803578e8
1.0450665658730371e8, 2.06788660881979e8
1.6446569923477682e8, 2.3192708931482354e8
1.1263405913235953e8, 2.6634593249577528e8
1.6195046363181615e8, 2.942409050757653e8
1.7916635555747277e8, 4.0302524356333727e8
9.640017061428365e7, 1.5164082407348934e8
2.765784882456658e8, 3.332646345738491e8
1.4156353708403873e8, 1.8650567076269448e8
1.375373313430312e8, 2.0796557521788365e8
2.1955316471607238e8, 3.6879181310092044e8
1.4083438607102242e8, 2.5231899314128664e8
1.833504310449064e8, 2.4626575995874164e8
9.856208331695159e7, 1.8116475747658122e8
2.282454422880923e8, 2.7919245956293327e8
9.506200540698445e7, 1.5123944495132583e8
1.6966423368462032e8, 2.0128893105610907e8
1.4367697129404932e8, 2.6579977772237778e8
3.256073039954178e8, 4.079626500005755e8
2.538056859071931e8, 5.024406800321083e8
1.2091106018261102e8, 2.787687940016109e8
7.778734677021568e7, 1.047743520190313e8
1.0803880246435183e8, 1.5002709593412882e8
2.790776240470846e8, 3.807566325192213e8
1.9707267359766445e8, 2.7671768918622106e8
1.1039082625482118e8, 2.1021646997336656e8
8.213782590874325e7, 1.922583698130244e8
1.440205193468796e8, 2.3750758051248518e8
2.2133674244056156e8, 2.620190493789748e8
2.1200439510016316e8, 2.6215375785188952e8
2.609174484390509e8, 3.5614289586877173e8
1.310691272499241e8, 4.088154878314858e8
1.1932082339171141e8, 1.9287025411525995e8
1.6133480211396304e8, 3.6130909606162983e8
1.480687391051078e8, 2.8533829101732177e8
1.3886134323532018e8, 2.772465199948754e8
1.3079176891383158e8, 2.156371927637563e8
3.3788585188616127e8, 3.8092322572720844e8
1.1608875000701846e8, 1.6277362024735823e8
1.4063212186838824e8, 1.7756677418977067e8
1.3169103982937759e8, 1.8106936153450102e8
1.0426753370115303e8, 1.716496480849975e8
3.999124307575791e8, 4.7774325035951793e8
2.626671655993186e8, 6.182631595408983e8
2.1206803904333416e8, 6.536728784121993e8
1.5203772077800974e8, 3.1292082802675605e8
1.793404930808393e8, 2.173516468029855e8
9.30824901367755e7, 1.347373247637993e8
3.1901118664899987e8, 4.184013816984299e8
8.36563200482237e7, 1.6070727482477155e8
2.052833268558732e8, 3.4951651340979666e8
1.410453453003091e8, 2.7475767251701784e8
1.9180883130989486e8, 2.558349290564113e8
1.4877617369736615e8, 2.0601666963322896e8
1.8261871921252394e8, 2.4412783959430957e8
1.857541530835252e8, 3.9777155298597205e8
2.848858346173402e8, 4.3074083800565386e8
1.1715992680671795e8, 1.6409229133530575e8
1.2913231431678739e8, 1.929852226147429e8
1.164436538311781e8, 2.0428024442707238e8
1.685386304887555e8, 2.547257360657604e8
9.603572020372723e7, 1.610381725718586e8
9.223812416381164e7, 1.6234556851093403e8
1.2400251038213713e8, 1.6510383928693604e8
9.971985038316469e7, 1.5298855118102884e8
5.872580305078733e8, 7.781106422849172e8
2.330376153711152e8, 2.7639601293144065e8
1.0853261504293749e8, 1.569694309947598e8
1.5598700827274165e8, 1.960026557485783e8
1.2537684690140624e8, 2.178325980233099e8
1.1172275112795117e8, 1.5324864995397034e8
1.2449044639196101e8, 2.0662447014836365e8
1.5746541434328097e8, 2.0270079180903646e8
1.005012955227178e8, 1.986430047447379e8
1.6187312164274374e8, 2.613789103140706e8
4.331408595743468e8, 4.882216795029503e8
9.535071745613469e7, 1.5442498210562178e8
1.549949621373973e8, 2.5520320159299713e8
1.4175715981920442e8, 3.466996139520654e8
1.143983740800636e8, 1.919881616682288e8
8.103874649067329e7, 1.896177577712434e8
1.7972476948140886e8, 2.65907407431255e8
9.32086861332364e7, 1.5904192266184533e8
3.4922375716638297e8, 4.3938223509293824e8
1.0251344620480165e8, 1.6021203627690634e8
2.1779946705635655e8, 2.712548395907913e8
1.153096517727013e8, 2.0523955030490738e8
1.6156715589994472e8, 3.0490491210629153e8
1.4729856594346228e8, 2.747862519916668e8
1.8394685339099437e8, 2.7404607454234415e8
2.279807761528637e8, 3.0360850605046654e8
1.1751360919183546e8, 4.8936269103753483e8
1.0923981019730224e8, 1.428756713047177e8
1.12080893529298e8, 1.778059567290073e8
2.1248019152824435e8, 4.1192140801682115e8
1.1960093913558637e8, 1.593900472669072e8
1.6605972858197877e8, 2.6429045669744062e8
1.6167654209544027e8, 3.589704689828335e8
1.0146658889750925e8, 3.247661822953227e8
2.8472434219743145e8, 3.2606958861123496e8
1.1172573416014867e8, 2.2845359393854433e8
1.0348983875489515e8, 3.8065211131365424e8
1.5851016171979204e8, 2.2245789993560416e8
1.2991525938105322e8, 1.9854168499263224e8
1.0806691873746675e8, 1.885738651448945e8
9.269492742397143e7, 1.583411389302286e8
7.395428854718865e7, 1.1816301752631441e8
2.4719422739659044e8, 3.235147834208192e8
7.250064268512066e7, 1.7233676328709385e8
1.9714439337042823e8, 2.789091182380279e8
1.0172729099409507e8, 1.4894529601511163e8
6.4114989000542164e7, 1.344458043291455e8
9.124206067732221e7, 1.1474424218610573e8
7.09280628228302e7, 1.1785600409891008e8
2.6136481469866994e8, 3.3979256901122725e8
1.0036197416700676e8, 1.714964167286433e8
3.822534351505588e8, 4.416714295996842e8
1.7561906547713485e8, 2.9411132425475353e8
1.2038444759722692e8, 1.7300929283675238e8
1.428046842162575e8, 1.8529652053908566e8
1.3687783487985754e8, 1.6504775046764565e8
9.403766761936523e7, 1.494842993364007e8
1.4255037139689374e8, 2.2120274885873184e8
1.4236976881859738e8, 2.1886905900924167e8
1.0549885236880535e8, 1.64335948418851e8
1.320040905265471e8, 2.0843453099953562e8
9.856764884215765e7, 1.5018330342421132e8
4.066527854108346e8, 5.1027053201007074e8
1.5210044745693955e8, 3.3629736524381e8
9.61464290899999e7, 1.7629493099817777e8
4.3323775142818713e8, 4.8452754604229945e8
1.700358531143491e8, 2.5417938228676298e8
1.0638233159282732e8, 1.6263365522335288e8
1.769554753339605e8, 2.517295983369497e8
1.401748036803675e8, 1.9705665190993753e8
3.130455812276274e8, 4.22556589470508e8
1.5783188020055535e8, 2.0737322733193588e8
1.5260255624021214e8, 1.8019440673341158e8
7.484398377754836e7, 1.36846801948096e8
1.5100369243156046e8, 1.9825355172521815e8
1.1997002348172854e8, 3.616380295290943e8
1.1971145139549667e8, 1.7945478010280252e8
2.708102484068307e8, 3.408843100953516e8
1.2077091195848902e8, 1.8038986995992333e8
4.764141727060469e8, 5.2088453303810096e8
1.520595734478486e8, 1.9591259460292134e8
1.2095681580110247e8, 1.5728478265530986e8
1.7425880536721715e8, 2.6044553890855667e8
1.6184124897253942e8, 2.567483907673997e8
3.3412781876722467e8, 4.196790793518363e8
1.5667149092868102e8, 2.2893821442155087e8
1.302094378922189e8, 3.819371946413348e8
2.124261804993105e8, 2.9526133161427337e8
1.7973568402904284e8, 2.263124019606197e8
9.858476822627324e7, 1.4640200786166206e8
9.640460042466727e7, 1.669140924701165e8
1.0383337518981335e8, 1.4033712571715233e8
9.793171023951948e7, 1.569962502989498e8
2.1461978346304917e8, 2.908556332920224e8
1.1853269869288608e8, 2.4572639745485014e8
8.899417960519183e7, 1.6465649880188695e8
1.659731068052779e8, 5.048841253376906e8
1.0179666919037995e8, 1.997995065036699e8
9.49970513501751e7, 2.456904472706183e8
1.867497342328591e8, 2.3508504215745443e8
1.4463528993656734e8, 1.7876971387066364e8
8.498049916936557e7, 1.610071069433306e8
8.005469025347961e7, 1.1360891857123171e8
7.408587156978036e8, 8.071991110827321e8
9.573724832844493e7, 2.335258035751144e8
1.0204723364439976e8, 1.831669792182966e8
2.697114418359009e8, 3.193954430580651e8
1.6405104616063726e8, 2.4032892197821876e8
1.3118093110420598e8, 1.939021994301591e8
1.373827403424755e8, 3.429274206238775e8
1.725653015067768e8, 2.5435431556189063e8
4.1638597423118293e8, 5.59208926695017e8
1.3974635140515217e8, 2.011158947202351e8
3.1847172629468805e8, 4.2262724137241125e8
5.225755320931806e7, 2.2899334882388887e8
9.53407432728814e7, 1.5146586708966652e8
1.331863324246663e8, 2.1487125092093864e8
3.105600214172922e8, 3.776017296132438e8
1.5384789516270643e8, 2.2618556668185127e8
1.9985601762517852e8, 4.817631747214915e8
5.86983061915304e8, 7.180255006977147e8
4.794443940342938e8, 5.40012490453978e8
4.423529983309799e8, 5.441126678267515e8
1.5084075494121113e8, 1.9615738530944058e8
8.668352706405976e7, 1.936244227865327e8
3.271945432855278e8, 3.685746949021517e8
1.7299944588942775e8, 2.395757374125084e8
2.46402188534087e8, 3.394838703723647e8
5.458643720612979e8, 6.830148497141153e8
2.3765522061814168e8, 2.945463984452804e8
1.1397325575096066e8, 2.3499581194598854e8
9.289189418174228e7, 1.486252467861722e8
2.731544030770614e8, 3.5931757754105395e8
7.633295329546678e7, 1.2580191774910024e8
1.4377691530182427e8, 1.97444798016551e8
1.0424916968877612e8, 1.5957523406528476e8
1.518492201696674e8, 2.1981479255619314e8
1.5628608570555985e8, 3.595111164144805e8
1.673596847861272e8, 2.196184533190088e8
1.272751375918426e8, 2.5881127314621058e8
1.2871566763227192e8, 1.8604644621548438e8
2.2781727923652413e8, 3.1875686554810005e8
1.297593399852113e8, 1.845087530086825e8
1.5076569774627927e8, 2.1734555187284037e8
1.4489364312301475e8, 2.1143096690315992e8
2.736770577803986e8, 3.385456864435363e8
1.683121981668384e8, 4.5935389603410214e8
1.5544661127502656e8, 2.377743174248555e8
7.899102595423163e7, 1.3748350155045778e8
9.772274225213562e7, 1.5790346712644538e8
1.0812628984658507e8, 1.5144164034738207e8
1.3285750591425435e8, 1.788675413224968e8
4.683592482756701e8, 5.649141613234724e8
1.549249582683315e8, 2.152517869353225e8
1.4786301210843286e8, 2.1279290270005792e8
1.1347991921699435e8, 1.6243234294659194e8
1.4010879573539475e8, 2.9094024459783405e8
1.8457198364619622e8, 2.6317803218699262e8
2.682964500527173e8, 3.483065876100431e8
1.0561043241072567e8, 1.427643920436392e8
6.959756849025795e7, 9.711310184471098e7
1.1467597278071736e8, 2.2641701740790343e8
7.782987398024255e7, 1.7258876472822183e8
2.37647952850104e8, 3.1625308215426314e8
2.205996813343253e8, 2.925021117695354e8
1.183012741133923e8, 1.5346422166940072e8
1.2629825680663313e8, 2.385120989596198e8
1.2672013326917435e8, 1.621219437121288e8
2.5456608538955048e8, 3.8282665289452726e8
1.2080943783392887e8, 3.056301652809938e8
1.2830096169865124e8, 1.7355230634856474e8
9.6906169495257e7, 1.9247400335835215e8
1.486257677965249e8, 2.1526633137408233e8
1.4413042314194834e8, 2.455110034235446e8
1.3322980175695173e8, 2.484287757621267e8
8.247559860434458e7, 6.092551891230587e8
1.4346303719276848e8, 4.07986477058774e8
1.3809901560211855e8, 2.621849135592632e8
1.3227525582705654e8, 2.472641277276458e8
1.1777301043154891e8, 5.915812027872277e8
1.0407876236428337e8, 1.4789335060674715e8
1.476640865141959e8, 2.1215345841418073e8
2.6964987296963596e8, 3.095458092170876e8
1.6459729217759272e8, 2.488134023709511e8
1.2351503234339999e8, 1.8371630581223473e8
2.421110431425677e8, 3.019406622272567e8
2.6780086674465486e8, 3.384032681902061e8
1.0353490553790629e8, 1.5925974351411986e8
2.3995007632501474e8, 3.0655332035838336e8
4.7662147249892807e8, 5.639657759928484e8
1.1686025513985804e8, 2.5634699331634516e8
1.4611880844687212e8, 2.1355997311593762e8
1.2473861519025989e8, 1.8861007059682146e8
1.4051316832165894e8, 2.0670153312564147e8
1.1799019817829895e8, 1.532429186828964e8
1.243317798205203e8, 3.9970439111440927e8
4.686069182447694e8, 5.2698611076736814e8
5.483098050028199e8, 6.806580446732038e8
9.045940783041857e7, 1.5211556561935568e8
1.4309578792746544e8, 1.793084673492607e8
1.2235889063831489e8, 1.9989984089773363e8
4.548413887042026e8, 5.0407872030312675e8
5.717424481638355e8, 7.692178698210989e8
1.8144923097514006e8, 3.457480800413221e8
1.288060923048396e8, 1.7977304864831668e8
2.5412547690122253e8, 3.135676497928499e8
2.243833742902402e8, 3.03885512246546e8
1.437328741192003e8, 2.0036931591971007e8
1.9140389731653354e8, 3.408737620643887e8
1.366503806744923e8, 1.8890876967310694e8
1.8272675824327302e8, 2.6470477667464748e8
9.287329250956216e7, 1.8469508152647415e8
1.6130297808507323e8, 2.4657116853315762e8
2.682904529054327e8, 4.0439417050666565e8
1.7462654854786953e8, 2.677531974525644e8
2.230204797448749e8, 2.80942124020557e8
1.0821215358610564e8, 1.4362697179170418e8
2.9886800628478795e8, 3.554981582227524e8
1.1934144134044719e8, 1.8708427659075564e8
1.5962102651212975e8, 2.4467514660509095e8
1.2386114984707955e8, 2.049901732070875e8
1.2070044568408647e8, 1.5853993442963564e8
1.2329690713537553e8, 1.8267950073840466e8
2.980665621463111e8, 3.5221887733145314e8
4.112582635851633e8, 4.6866383784406e8
4.6249344163923275e8, 5.1942814977384746e8
2.2630138187259284e8, 2.905054043721112e8
1.9765626481030583e8, 3.073254306016763e8
1.593368035506826e8, 2.4046127775837517e8
1.3028146898384854e8, 2.476543671626324e8
1.2451462392795832e8, 1.9133095194693092e8
1.1221561085455252e8, 2.94997074974411e8
3.6298098760837346e8, 5.678901467179446e8
1.5671318967676276e8, 2.4491630350207296e8
2.6013248098742232e8, 3.1683228957843494e8
1.1453428612149368e8, 2.5891373959807283e8
8.249996564742063e7, 2.5349429746947238e8
1.8752146904596138e8, 2.515705131291702e8
2.753856681249069e8, 3.357417253977025e8
1.3453055803678834e8, 4.192202661513656e8
1.6306357437583673e8, 2.4008568990540388e8
1.148322543692932e8, 2.3407517258802575e8
1.1204048656833996e8, 2.1906871369844395e8
1.0101556160147491e8, 1.747771707400021e8
1.1209115263365267e8, 1.654158431011509e8
1.5098491022587156e8, 2.2104598704445344e8
1.1847360111524846e8, 1.8737067016267386e8
1.3531188105263263e8, 1.793458777936662e8
2.1550104964847004e8, 2.7710891386283803e8
1.6423708864598745e8, 2.1818829759143072e8
2.0376419736564806e8, 3.311816745299586e8
1.997252478553408e8, 2.4868482322381577e8
1.3507242363236883e8, 2.2919377750999853e8
2.4087364653745964e8, 5.707037714532622e8
9.143684201411656e7, 1.61755355974588e8
1.0379995378966402e8, 1.8043421999807978e8
1.7137997327468142e8, 2.8143966064257103e8
1.250534351235343e8, 1.9649446141938084e8
1.2259175800488363e8, 2.1132797470615134e8
8.901463836131391e7, 1.4219042745288607e8
1.9375292533498463e8, 3.535742453318144e8
2.1232665093423074e8, 2.711285613310223e8
1.6236775440965566e8, 2.2513713497326657e8
1.817536836406669e8, 3.4555801495726895e8
1.666004108120962e8, 2.4605493405846977e8
8.865257525896066e7, 1.5259745361980596e8
8.65481922630207e7, 1.3287262207019219e8
1.4156724708611348e8, 2.0337055668764418e8
1.1552076475331189e8, 2.6510184730179986e8
1.4807900674906477e8, 2.4613839029319084e8
1.813961661152168e8, 2.2619836192591313e8
1.0373581116200435e8, 2.0708582665639153e8
1.0757518415956856e8, 1.6013746663602316e8
1.1358372290614313e8, 1.5417670730918175e8
1.0986146081495962e8, 2.3304913969015205e8
2.3912898759967592e8, 3.150494772947029e8
1.867360652091602e8, 2.815165367914418e8
9.435855575552951e7, 1.7482392441519654e8
2.4883635293889e8, 3.628068112397173e8
2.3996809486138654e8, 3.5346170264224046e8
1.5768822281733656e8, 1.9528227203085956e8
1.4146981452775186e8, 3.0351033203778374e8
2.34132119085545e8, 4.9070965320925766e8
1.0483064504995541e8, 3.9490578122052187e8
8.71129923308579e7, 1.6013891056015575e8
2.806287485926468e8, 8.630433951530209e8
1.740570344907062e8, 2.5086986443693984e8
1.0001064538109103e8, 1.2906843923080993e8
9.540884330561444e7, 1.3952272786865485e8
1.3357299762119567e8, 1.5664052753961203e8
1.3306456650600685e8, 1.8426816322212273e8
2.2998493770576033e8, 2.7653869932815343e8
1.2058173391056727e8, 1.7011420351510656e8
8.829165783196384e7, 2.3223191010536346e8
1.05246985825316e8, 2.2605901713288546e8
1.5268052001353073e8, 2.2721286304674459e8
1.9791063819002637e8, 2.722424256769161e8
1.2115529042616358e8, 1.734038764659524e8
1.6617398253010792e8, 4.050449360283337e8
1.58970867712142e8, 2.1350154263747764e8
6.438790822922975e7, 2.138788479857059e8
1.2200141653609766e8, 1.617347935513904e8
1.0276768358032325e8, 2.521826251650449e8
1.3710923583025497e8, 3.50128233993059e8
2.1313860681220022e8, 3.737599410312691e8
2.1790832753198993e8, 2.6071154017887157e8
1.0603779606047742e8, 2.4713456285482883e8
7.632246059646629e7, 1.144521336855018e8
1.568544949084617e8, 2.861065068888599e8
1.2160426288361126e8, 1.58454987809941e8
2.5544821374418598e8, 3.68484211395342e8
1.312546498758263e8, 1.8191188768357223e8
9.840060407143243e7, 1.6838504158643904e8
2.9973000264797413e8, 3.801998309126143e8
1.3118346529820548e8, 1.8547461586843053e8
1.2106840046969624e8, 1.4986845381284514e8
9.166860605595241e7, 1.611230764825869e8
1.0052670838309376e8, 1.8046354491394278e8
1.7759869468699417e8, 3.9098572662406546e8
1.6666737069182023e8, 2.0842315976880044e8
2.6539249655758253e8, 5.758381847179849e8
2.319128339041847e8, 2.851417941755246e8
1.8394036759105423e8, 2.757272003026043e8
1.847024296455531e8, 2.556054001093832e8
5.933372946397774e8, 6.462199708999949e8
9.583603423005517e7, 1.8816651836023054e8
6.409726070315331e7, 1.5956745208126307e8
4.34080792332987e8, 4.998859868474087e8
2.645819032216028e8, 5.0815381419151855e8
2.7210106477835083e8, 3.2725281386547846e8
1.2053962420262945e8, 1.8660172665197235e8
1.4550416714696324e8, 1.9549923016789716e8
2.2911259830546126e8, 3.282972001295015e8
7.989914188784929e7, 1.7006241481716996e8
1.1844926554167277e8, 1.9290623761844322e8
1.0898890563102409e8, 1.8374557656029546e8
3.395771515339618e8, 4.499325504971107e8
2.134544381411986e8, 3.550990016880154e8
6.717254651588552e8, 7.894720111257193e8
7.600741090209058e7, 1.1926309319514376e8
1.0893165655792391e8, 1.8986306680996382e8
1.2221029759278063e8, 2.409194818799028e8
1.1762892267512284e8, 2.6685140095919266e8
9.61794592537738e7, 1.779722646162062e8
1.0719545733225769e8, 1.7380363215109086e8
1.355582608606794e8, 1.6232362142675096e8
1.607762535891799e8, 2.4793178171562386e8
1.497737375790824e8, 4.352635904683127e8
1.6201163536424893e8, 1.9434660336093256e8
1.0299600078924616e8, 2.0228497628942326e8
4.6832678107913953e8, 5.712743124011323e8
2.3334949485207137e8, 2.671525294798937e8
1.2307715211561133e8, 2.3268997208741328e8
3.4042156065373766e8, 5.281578669022927e8
2.5186549633121017e8, 4.0390062558898973e8
1.6799253587307099e8, 1.950977674971315e8
1.076875385450435e8, 2.5577915994701317e8
1.1236891013078631e8, 4.530265322717271e8
2.6626229778145516e8, 3.4039735779137987e8
1.925448998417908e8, 3.5152683292185897e8
3.603701701521533e8, 4.812663224794247e8
1.2540516171173376e8, 1.729637343559748e8
2.6328287310515845e8, 3.4637881984034806e8
1.6941568482712963e8, 2.3009739635407242e8
1.0948507592153849e8, 1.7629667180309448e8
1.7053417310202512e8, 2.4955450186274472e8
1.943440646446163e8, 2.3512657917667982e8
1.2999970392026149e8, 2.3959132167294753e8
1.5698835881005e8, 4.301251264607042e8
1.1027760046147807e8, 2.9615933920551807e8
1.4302222216333437e8, 2.1373973495050263e8
1.5651306503503022e8, 2.6715705863285157e8
2.828753242695568e8, 3.4892226119589657e8
7.211718318672454e7, 4.5081189218111557e8
1.7408953376985863e8, 2.230337619665081e8
8.777378276286343e7, 1.3934434688907078e8
1.0768740594074425e8, 1.4139277113610756e8
1.7018482049168652e8, 3.968262568548894e8
2.4450625847751907e8, 2.9449457597032225e8
8.93202502021869e7, 2.318517330672952e8
1.5788883663707992e8, 2.6024660027544495e8
3.166941298487893e8, 4.2384703394120336e8
1.6414342549212235e8, 2.4800914733982903e8
2.0249390912778458e8, 2.3104377424252528e8
1.3719420372406563e8, 2.421214173920058e8
1.4060429871500412e8, 1.9200553477919778e8
1.4497199589386544e8, 2.204292068783241e8
2.007369102123255e8, 2.997175160509974e8
6.712496841478337e7, 1.0614848938889135e8
1.3267533037416889e8, 1.7937590831283996e8
9.932132863283007e7, 1.4038802352358595e8
9.48996537383126e7, 1.2560356339819454e8
1.6257384727955142e8, 2.2649085101551008e8
1.775040324344882e8, 4.485236493452358e8
1.828771219861428e8, 4.72545567842676e8
2.772218174756094e8, 4.521292263323915e8
1.6770368865833774e8, 2.118713597973576e8
9.434964754543613e7, 1.8483983945975742e8
1.2139977179964155e8, 2.0605231807392326e8
1.6293527332635912e8, 2.5306743810786164e8
4.206005082902597e8, 4.966155605182281e8
1.535925076663638e8, 4.132487472157037e8
1.1548829190012382e8, 2.228683676532308e8
2.2006498820440486e8, 3.211446580257953e8
1.3284967403855464e8, 4.1866774046331173e8
7.638367310942933e7, 1.4961379743077442e8
1.134188270046809e8, 1.5795571132230535e8
1.491031141355097e8, 2.4530663124539435e8
1.1417698159254876e8, 1.8702017070317706e8
3.2410882928528994e8, 4.211112722013827e8
2.112834184354691e8, 2.6621814607476696e8
3.2037793380555975e8, 3.6382560917159265e8
7.674229156020081e7, 1.1297553241863643e8
1.822377508479687e8, 2.2303930134453583e8
1.7504478143912318e8, 2.5044400505445614e8
2.1194890647825423e8, 2.6862475859742266e8
1.1209894624950118e8, 1.9008364828514433e8
9.955042632891609e7, 2.13396882366381e8
2.2702318619728744e8, 3.083843227531983e8
1.1562822030023353e8, 2.023177466436491e8
1.4110133370048544e8, 2.5159889644722643e8
4.451635133805819e8, 5.054882301509149e8
1.5238114210508943e8, 2.2570610218650964e8
1.4233865322902048e8, 3.361958271945635e8
5.789599421686823e7, 1.369780466697698e8
2.1221977715073624e8, 3.0669103231035787e8
1.633081506258628e8, 2.518495842002221e8
1.0518989222881736e8, 1.5659212475954795e8
1.4911852234923014e8, 1.9984723520226145e8
1.723149450066372e8, 2.4832048013954857e8
1.9632194782661885e8, 2.730337990091247e8
2.752969025948924e8, 3.4338824715815306e8
1.2811990034829395e8, 1.892885651031527e8
7.575812855577852e7, 1.1977150464797772e8
1.8147670516327676e8, 2.459452595565332e8
1.0761785421468621e8, 1.679804252250527e8
1.885704112606535e8, 3.056236207133071e8
1.5826798610824633e8, 2.2541152503863513e8
8.327227900484556e7, 1.4531426124490023e8
3.1594062157297504e8, 3.7671509930370986e8
9.812083524263586e7, 1.7866998883163893e8
1.190510283301935e8, 2.1139524874088424e8
2.2220292852506816e8, 3.0860941702462e8
1.3221176546147732e8, 2.5594726131366733e8
1.4038394753282118e8, 2.0850265631581736e8
2.309114505519104e8, 3.2791481753143597e8
2.4848144931152624e8, 3.261104977309971e8
7.614397527153061e7, 1.837164720874678e8
1.2979711823912685e8, 3.2005212515932715e8
4.4410657236128706e8, 6.356434354976754e8
1.951026430685956e8, 2.5534189385143128e8
1.403828745591634e8, 1.9069200272129562e8
1.6921551362821975e8, 2.2080392083390456e8
1.2392073596187942e8, 1.9393700510564968e8
1.8480636957890537e8, 2.5337096568705806e8
2.603747713335701e8, 3.3330523382287157e8
1.7661575904124767e8, 2.421714443462742e8
1.9273774686905342e8, 2.3039425556518394e8
1.393776837241671e8, 1.8706149398516294e8
3.69968075953675e8, 5.3560628050476605e8
1.756637208128188e8, 2.188276210268001e8
8.96749089127948e7, 1.4138178682940206e8
1.2174496779188873e8, 2.0040125226630247e8
1.388763562299411e8, 1.9596187009957278e8
8.481035925815128e7, 1.4149478811293632e8
1.1776833709318766e8, 1.678206014638877e8
1.8898601598086938e8, 2.835573090777504e8
1.636702829339146e8, 2.5967010637783915e8
1.5876959814501125e8, 2.73796294393021e8
2.020345309181258e8, 2.55005696046278e8
4.219388232730588e8, 5.0613004405957526e8
1.8068794064623576e8, 2.261682580197915e8
1.490686223507412e8, 2.5738317918055767e8
4.5856318120972556e8, 5.490364582068592e8
2.2621496141813222e8, 3.0675330721373475e8
1.3092167494001198e8, 2.500190170859102e8
1.2727425939416423e8, 1.637286772324124e8
2.910287372720927e8, 4.477539311299211e8
1.850293555657646e8, 2.4312204859474266e8
2.6058117715579203e8, 3.266426609872839e8
1.4362329581168702e8, 2.2481216822801536e8
1.2817216542043172e8, 1.932785372610077e8
1.3816016389063802e8, 1.9990020930267695e8
1.8147380904503646e8, 2.892720182368774e8
8.820243898689607e7, 1.814485240095171e8
1.4250785580044565e8, 1.7781002880512148e8
1.8730562750516298e8, 2.3564666462266052e8
1.1660894836150636e8, 1.6707073778174174e8
1.203979386511195e8, 1.6338356368985018e8
1.7998635563422734e8, 2.5179571513513404e8
3.3380016940230215e8, 4.450752358386479e8
3.2732523438636816e8, 3.671088583664346e8
8.411160473249176e7, 1.6349017450589412e8
3.9687884804395396e8, 4.612699868951627e8
1.2618731893272333e8, 1.8779409890444073e8
1.9735121811617672e8, 2.744777252081183e8
2.008625625481794e8, 3.222942164585769e8
1.880662961713263e8, 3.0263875832978565e8
1.527979489600242e8, 2.167175976490756e8
1.1861992738725854e8, 2.4244541395438105e8
4.0812639922146267e8, 4.5570935388309175e8
1.4029526466112068e8, 1.8700815887245873e8
1.3059863770355694e8, 1.9400283013946646e8
1.2381569482682055e8, 1.7981817548135737e8
1.420029838626404e8, 1.8988812812388015e8
2.3514724707940298e8, 3.443209976992619e8
2.137287430322938e8, 3.137652937756352e8
1.986659695798928e8, 4.733079547481428e8
1.384456507568698e8, 2.4241672388028058e8
1.1771553374661103e8, 1.9462093192457727e8
1.944467395278259e8, 2.5350547302616537e8
1.2200162413404815e8, 1.7689572973708633e8
2.8022366111342347e8, 4.435166869443046e8
2.0343109664409634e8, 2.9932700853842413e8
1.4182439053221175e8, 1.8909956015665975e8
1.556028053387301e8, 3.0162552206068844e8
1.3623824396247908e8, 1.7881663827021897e8
2.474073030861638e8, 3.261418583304172e8
1.0054422457948226e8, 1.4345416057143506e8
2.161665248075074e8, 2.985798030021793e8
1.0460310591859974e8, 1.9266741090184292e8
1.6571639528723907e8, 2.272200354767807e8
1.1018539608410186e8, 1.5726743938920242e8
8.119935959874189e7, 1.5007368427360353e8
1.7164905518014416e8, 2.2963325323661146e8
1.870556857355295e8, 2.862477556373737e8
1.1296143934679349e8, 2.0686313182598603e8
1.1879711130054124e8, 1.9301741986271515e8
1.4148195657890844e8, 2.4217131199156344e8
1.0631429996044065e8, 1.6959725270090237e8
2.2130922660314986e8, 2.9504471980046034e8
1.4723666390809068e8, 2.032258131475987e8
1.5064014746784517e8, 2.4548766434540293e8
2.8251164127468103e8, 3.8562660379898155e8
2.1759675166078052e8, 2.6704230743400162e8
8.452272043253182e7, 1.616517464444393e8
1.920576140678376e8, 2.411572730602195e8
2.3916433653574747e8, 3.241399087876467e8
1.6149319703718895e8, 2.3813045378045171e8
1.2464691747829111e8, 2.715580142177884e8
9.989520551847602e7, 1.7421585765531138e8
2.5836117627807182e8, 3.064322031149823e8
1.3497463487547693e8, 1.832219931074003e8
9.708344882498382e7, 1.2746786312918405e8
3.8223807661030734e8, 6.253598120299187e8
1.24666945439706e8, 1.885864326055132e8
2.164521632216842e8, 2.7453471661665684e8
1.6737831847958693e8, 2.7326232964152354e8
2.3418188016734e8, 3.0705978096863544e8
9.366436555135638e7, 2.0987325029636452e8
1.562935879036778e8, 2.2366528017456135e8
8.954271845102389e7, 1.453516675494855e8
1.3898120374905127e8, 2.089687108863143e8
1.1276659418616119e8, 1.5535700768265882e8
2.2178376702763438e8, 2.5223037251252937e8
1.0883457617200294e8, 2.0734686314476258e8
3.31068490535381e8, 3.910286890386726e8
3.7991848415517914e8, 4.3989442310489106e8
8.251145846116517e7, 1.411167901056104e8
1.2939993715104033e8, 2.1682839611031422e8
1.2326231698528703e8, 3.327325896792934e8
1.7179102024946815e8, 2.225956585094281e8
1.7527040534125972e8, 2.2859772108097985e8
2.513282465035833e8, 3.851257829839982e8
6.196682788438214e7, 1.6332719658661437e8
1.9603706243480387e8, 2.3443446925781244e8
9.121379720954363e7, 1.2343624415687156e8
1.5036765854370558e8, 2.300507705930426e8
4.627533621981697e8, 5.369767580012281e8
2.644098845523292e8, 5.1766363594698304e8
3.298878096697596e8, 3.9820227114334434e8
2.0107934231631595e8, 4.181385685455193e8
1.3250117037558843e8, 3.091863074873576e8
1.5588187261897883e8, 1.9670835336250478e8
1.199281116058832e8, 2.0450156383875117e8
1.1419290701376188e8, 2.0169986495542893e8
1.5002892385626373e8, 3.5170122839908534e8
2.028323208642417e8, 2.700991954394572e8
3.8669844363539624e8, 4.3317669235981125e8
2.4892390468567997e8, 3.230941111907209e8
8.346606488705106e7, 1.457479704850874e8
2.4871637824609542e8, 4.0513000029022086e8
1.804479438395673e8, 2.517886889924184e8
2.183801328701967e8, 2.5611463101075053e8
9.74255680379701e7, 1.7924371952050358e8
1.5265386508111972e8, 2.0017502703719074e8
1.672199532910424e8, 2.2190030216354486e8
1.2134394773185913e8, 2.0320813835457838e8
1.691773636157893e8, 2.657311544637956e8
7.994766713921833e7, 1.2773864483184527e8
1.8705868547106758e8, 2.6935682717336774e8
1.7207582687419137e8, 2.1757163234375367e8
8.856148614135419e7, 3.6380208561416274e8
1.5194188780555892e8, 2.0748054990687588e8
1.8073263913933036e8, 3.697296695572873e8
1.9153687715493816e8, 3.7338314162794155e8
1.6986261324179757e8, 3.2153212932565373e8
2.4353890745103294e8, 2.957568022751948e8
2.806355084255817e8, 3.577219434285063e8
3.999720876526957e8, 5.63448727552647e8
2.1669312466873452e8, 2.933708046657851e8
1.8917213802985337e8, 2.707003422426966e8
1.1821277198935263e8, 2.6508707406171727e8
1.2348434984867278e8, 1.9411310181192267e8
2.169624556943641e8, 3.008848841986469e8
1.2757222250547422e8, 1.9703627635917118e8
3.128810383446274e8, 3.8462712920919883e8
1.455414328574e8, 2.0803614248635334e8
3.429481101465602e8, 3.8823611200538564e8
2.234420249823157e8, 3.081745263623651e8
1.0622668574617727e8, 1.7198516018622413e8
1.3225076197838995e8, 2.373179533978089e8
1.5861913131188238e8, 2.4950916307074767e8
1.9866904256505892e8, 2.79983032778647e8
1.1183102158021437e8, 1.4618759408443376e8
8.296209428952797e7, 1.4458738370785743e8
1.0717389850224791e8, 1.9251350552107674e8
1.7314783858431485e8, 2.3933585038010234e8
1.0308661932059254e8, 2.303231049075727e8
1.2487550189654312e8, 2.0248869636271995e8
1.1874240182782967e8, 1.954543973121851e8
1.016437671414258e8, 2.136726579516075e8
1.3416439586311473e8, 1.9579806417973378e8
1.5911837935642728e8, 6.029208701216215e8
1.2443083147179306e8, 1.785562102600427e8
8.198900889278674e7, 1.1697295536485827e8
2.7810136767494124e8, 3.318018164687338e8
2.0126973975365928e8, 3.01186580330808e8
3.279443985529849e8, 4.220892281998557e8
2.1312081345479354e8, 3.139718061538459e8
1.397893809838334e8, 2.6122556328098813e8
1.19586098165799e8, 1.8082003309005868e8
4.7708967124651116e8, 5.870984045792912e8
1.65556721406793e8, 2.510329011092683e8
1.6739020169041076e8, 2.5161460192525747e8
1.9983576143459058e8, 2.6911024451697767e8
1.2292423672233798e8, 1.948674552364296e8
1.0688739509791604e8, 1.6249437010729703e8
4.034888639888436e8, 5.514642088758181e8
8.581690570721425e7, 1.6207097508180133e8
1.563918792789141e8, 2.9462785809660035e8
1.1047226573463213e8, 1.8273807293245348e8
2.2188338490543774e8, 3.377078758810625e8
2.613435401111342e8, 3.4072623275190216e8
1.2663401361694716e8, 1.8296182870164126e8
1.8065602113394746e8, 2.4808217179766566e8
1.515125505228447e8, 2.066311272905292e8
1.5824690437952548e8, 1.9444074691484308e8
1.600347956322849e8, 2.034434753753566e8
2.588323307976826e8, 3.297463679259272e8
9.044010316227275e7, 1.644788592047355e8
7.956431712362212e7, 1.4639078506499502e8
9.748242533523613e7, 3.5535072234753746e8
2.924324562270535e8, 4.041890339482327e8
2.1766295612714636e8, 3.457752324313683e8
1.10119771921946e8, 2.3995256911848956e8
1.0235476993153271e8, 1.6432442504262403e8
1.3877395304004592e8, 1.9026006696489653e8
1.0442216763112248e8, 1.6123482145419478e8
1.0257921633591835e8, 1.3489433520702308e8
1.905058084967203e8, 3.464492215486219e8
1.272235573008668e8, 2.6339174206790352e8
1.2966730676159221e8, 1.7510057340091223e8
9.919231010410692e7, 1.9873729727458462e8
5.711872018030515e7, 8.37882710881406e7
1.4509297140879458e8, 2.3658528818853652e8
3.5938044062062454e8, 4.1732743343418604e8
1.442608788805843e8, 2.9131676123679405e8
1.1964703073367088e8, 2.7016485001597816e8
9.910655958936079e7, 1.5502983072142088e8
1.4416595182633662e8, 4.649535934565103e8
1.1837265842525934e8, 1.884234336893813e8
1.971291579534596e8, 2.5287341207605213e8
3.39828885151917e8, 4.5071652966036475e8
9.14303777551131e7, 1.767286737078708e8
1.8985867501501143e8, 2.4449018233619198e8
2.5395776225863564e8, 3.4259754227248347e8
1.4439311458736348e8, 2.008638177776194e8
1.2869741145385288e8, 1.627718939237492e8
2.306308714038995e8, 4.9702850699105215e8
1.3220643695874667e8, 2.0827428803332335e8
9.925869619263604e7, 1.7277723076169816e8
1.0534932952820706e8, 1.7668405827368408e8
1.1282766054173416e8, 1.4475798186045492e8
1.5323964230361122e8, 3.1589442022855055e8
1.633536284854571e8, 3.3727977284352225e8
1.4893658275499183e8, 2.1476285593649155e8
4.680606680576033e8, 5.656863834532124e8
1.0814276444088355e8, 1.972083592470701e8
2.657887972953706e8, 3.4506195355110073e8
4.6406692573387986e8, 5.791398906997952e8
1.169831800233381e8, 1.5904226352834582e8
1.5711675313190946e8, 3.083152703681321e8
1.1439458195930175e8, 2.2106399141262585e8
8.746913538106912e7, 1.73648909238825e8
1.551052105474246e8, 2.924381243878493e8
1.1683192991780415e8, 2.3823483968680248e8
8.052220226874295e7, 1.4809412265133798e8
1.1544587670543301e8, 2.5295315748092067e8
3.296995079684189e8, 3.7456110959130764e8
2.081082843311828e8, 2.4299066869357917e8
2.5772137631790608e8, 3.35309521038421e8
1.1709208966043496e8, 1.795164982340369e8
8.045216335952936e7, 1.415744121162314e8
1.5170020994554734e8, 2.4510726630887258e8
1.146815066251513e8, 1.8839358213961378e8
1.5503727018825072e8, 1.958467227573847e8
1.4383930269003972e8, 1.918044582413872e8
6.37144982165285e7, 1.102429876453957e8
1.4453943264957672e8, 2.1539947250315958e8
1.206776902939247e8, 1.8826936206983548e8
2.3717724159565014e8, 4.009642910924721e8
8.365006531512636e7, 1.8146461163904348e8
5.671864779983304e8, 6.267406137727479e8
1.9421604433440718e8, 2.4785741122065252e8
1.2508361355956039e8, 2.305884725854711e8
1.96555097066664e8, 3.184571716879825e8
1.128753865868759e8, 1.7391304696069646e8
9.087682903129835e7, 1.7470150051941195e8
1.034077234280101e8, 1.6483944358827233e8
1.2158259842440772e8, 2.0701656181951302e8
1.509573765260908e8, 2.0574574712118557e8
1.281146217155065e8, 1.8452428648441273e8
2.2851504245484874e8, 2.6625286180378255e8
2.0325005039337686e8, 2.825195476650424e8
1.8900185860650617e8, 4.208557379746307e8
1.7685488957736984e8, 2.3549274825340813e8
6.3053432509965025e7, 1.2188138334890027e8
1.3017836583386682e8, 1.8187811307880616e8
1.4324607148471636e8, 2.6227766841329402e8
1.2232499709831758e8, 1.7250934657953367e8
1.3883524171485186e8, 1.92141724577212e8
1.70470073032796e8, 3.464027600338686e8
1.3467225138853136e8, 2.5129444756992126e8
9.423990737844907e7, 1.452380924332203e8
1.4257756351598307e8, 2.695507351952074e8
7.781827497328025e7, 1.34353149066083e8
2.027968739092565e8, 2.5978924367767224e8
2.0250964470544675e8, 2.8533480955050004e8
2.4496083338713378e8, 3.1506563496412224e8
1.0912012007364455e8, 1.4830808950606495e8
1.0734233706292316e8, 1.419261466422398e8
1.3577324774797857e8, 3.232776703525929e8
