(1,5514.41)
(2,9798.96)
(3,12445.48)
(4,12916.19)
(5,8683.44)
(6,4262.03)
(7,2511.61)
(8,1768.86)
(9,1393.88)
(10,1553.18)
(11,2700.48)
(12,5238.6)
(13,9067.54)
(14,12649.35)
(15,14747.92)
(16,14135.18)
(17,9390.49)
(18,4496.12)
(19,2552.86)
(20,1787.22)
(21,1445.71)
(22,1615.21)
(23,2535.89)
(24,4950.69)
(25,9021.18)
(26,12071.42)
(27,14052.1)
(28,13898.32)
(29,9202.34)
(30,4420.3)
(31,2576.8)
(32,1846.04)
(33,1448.45)
(34,1644.17)
(35,2672.99)
(36,5127.48)
(37,8841.6)
(38,12633.03)
(39,14705.21)
(40,14518.28)
(41,9444.39)
(42,4452.5)
(43,2545.0)
(44,1779.07)
(45,1392.04)
(46,1613.51)
(47,2703.05)
(48,5415.78)
(49,9320.53)
(50,12928.84)
(51,15250.89)
(52,14676.99)
(53,9685.64)
(54,4487.29)
(55,2582.63)
(56,1822.18)
(57,1422.5)
(58,1573.71)
(59,2592.98)
(60,4990.82)
(61,9262.35)
(62,12323.39)
(63,14104.5)
(64,14420.55)
(65,9131.21)
(66,4336.45)
(67,2526.73)
(68,1783.12)
(69,1415.98)
(70,1588.47)
(71,2574.4)
(72,5145.93)
(73,9771.8)
(74,12969.37)
(75,14272.32)
(76,14487.43)
(77,9590.88)
(78,4459.58)
(79,2521.2)
(80,1779.29)
(81,1403.43)
(82,1561.24)
(83,2607.96)
(84,5078.32)
(85,8760.67)
(86,12051.61)
(87,14236.69)
(88,14617.34)
(89,9514.69)
(90,4489.28)
(91,2565.27)
(92,1806.29)
(93,1425.03)
(94,1568.74)
(95,2569.06)
(96,4892.13)
(97,9190.32)
(98,11856.29)
(99,14096.78)
(100,14298.64)
(101,9352.08)
(102,4412.07)
(103,2538.12)
(104,1794.2)
(105,1417.78)
(106,1599.11)
(107,2625.45)
(108,5202.73)
(109,9260.31)
(110,11916.34)
(111,14556.79)
(112,14143.07)
(113,9425.77)
(114,4447.58)
(115,2554.96)
(116,1818.52)
(117,1443.09)
(118,1569.64)
(119,2610.34)
(120,5154.67)
###################
(1,5514.41)
(2,6102.1)
(3,8434.86)
(4,8200.49)
(5,5337.86)
(6,2672.79)
(7,1716.89)
(8,1183.05)
(9,903.31)
(10,890.03)
(11,1409.88)
(12,2409.92)
(13,4427.89)
(14,6881.85)
(15,8792.3)
(16,8595.46)
(17,5358.42)
(18,2702.9)
(19,1723.24)
(20,1174.02)
(21,943.41)
(22,966.0)
(23,1396.97)
(24,2464.92)
(25,4653.76)
(26,6069.46)
(27,8443.74)
(28,9058.86)
(29,5532.88)
(30,2725.49)
(31,1752.92)
(32,1240.17)
(33,952.27)
(34,995.61)
(35,1510.28)
(36,2515.06)
(37,4372.67)
(38,6600.08)
(39,8849.62)
(40,9188.7)
(41,5435.39)
(42,2668.14)
(43,1715.63)
(44,1175.09)
(45,901.75)
(46,945.29)
(47,1372.44)
(48,2494.17)
(49,4499.21)
(50,6746.66)
(51,9151.81)
(52,9080.89)
(53,5437.69)
(54,2613.47)
(55,1740.47)
(56,1208.89)
(57,948.91)
(58,958.34)
(59,1346.79)
(60,2475.15)
(61,4880.35)
(62,6890.12)
(63,8979.13)
(64,9458.65)
(65,5480.97)
(66,2613.38)
(67,1696.88)
(68,1174.55)
(69,931.04)
(70,959.59)
(71,1384.72)
(72,2262.5)
(73,4864.2)
(74,6793.39)
(75,8575.5)
(76,9157.81)
(77,5491.34)
(78,2594.51)
(79,1667.94)
(80,1161.15)
(81,923.55)
(82,912.38)
(83,1397.33)
(84,2586.59)
(85,4308.6)
(86,5833.98)
(87,8111.67)
(88,8613.1)
(89,5391.69)
(90,2599.49)
(91,1726.65)
(92,1184.04)
(93,932.56)
(94,891.6)
(95,1395.85)
(96,2431.95)
(97,4449.12)
(98,6535.94)
(99,8797.04)
(100,9027.4)
(101,5455.03)
(102,2642.47)
(103,1715.08)
(104,1200.39)
(105,948.78)
(106,954.62)
(107,1442.81)
(108,2458.8)
(109,4568.94)
(110,6173.51)
(111,8655.75)
(112,9092.23)
(113,5698.44)
(114,2777.39)
(115,1753.58)
(116,1216.56)
(117,972.95)
(118,967.75)
(119,1448.7)
(120,2336.53)
###################
(1,5514.41)
(2,14559.21)
(3,17772.44)
(4,18992.99)
(5,13004.44)
(6,6348.49)
(7,3544.47)
(8,2514.5)
(9,2002.29)
(10,2393.85)
(11,4595.18)
(12,9828.46)
(13,16860.86)
(14,22189.53)
(15,24245.53)
(16,21923.55)
(17,15128.0)
(18,7089.17)
(19,3757.79)
(20,2674.73)
(21,2170.4)
(22,2543.31)
(23,4262.94)
(24,8928.45)
(25,15697.32)
(26,20793.77)
(27,22531.24)
(28,20855.46)
(29,14427.48)
(30,6862.41)
(31,3742.43)
(32,2657.96)
(33,2099.37)
(34,2631.17)
(35,4620.65)
(36,9325.62)
(37,16592.56)
(38,23114.16)
(39,24038.33)
(40,22610.9)
(41,15498.99)
(42,7153.21)
(43,3818.65)
(44,2700.52)
(45,2084.78)
(46,2636.98)
(47,4696.53)
(48,9896.94)
(49,16467.21)
(50,22667.03)
(51,23966.91)
(52,22471.71)
(53,15564.66)
(54,7014.4)
(55,3744.57)
(56,2649.53)
(57,2077.1)
(58,2438.35)
(59,4313.89)
(60,8780.93)
(61,16341.32)
(62,20167.36)
(63,21258.44)
(64,21215.61)
(65,14874.99)
(66,6841.94)
(67,3759.15)
(68,2718.21)
(69,2144.64)
(70,2544.1)
(71,4311.39)
(72,9457.43)
(73,17792.06)
(74,22424.6)
(75,22706.6)
(76,21961.52)
(77,15757.59)
(78,7026.55)
(79,3761.32)
(80,2662.1)
(81,2068.25)
(82,2466.38)
(83,4483.91)
(84,9177.38)
(85,16027.34)
(86,22007.82)
(87,23292.56)
(88,22753.94)
(89,15689.8)
(90,7118.92)
(91,3765.35)
(92,2687.73)
(93,2140.68)
(94,2492.95)
(95,4349.71)
(96,8909.57)
(97,16561.77)
(98,20502.42)
(99,22378.63)
(100,21726.17)
(101,14757.88)
(102,6775.46)
(103,3659.72)
(104,2626.09)
(105,2077.02)
(106,2481.45)
(107,4324.35)
(108,9284.77)
(109,17016.82)
(110,20683.29)
(111,23104.73)
(112,21133.45)
(113,14403.32)
(114,6792.32)
(115,3622.08)
(116,2613.54)
(117,2108.02)
(118,2437.16)
(119,4269.13)
(120,9385.92)
###################
(1,5514.41)
(2,4583.01)
(3,5635.33)
(4,5902.18)
(5,3332.13)
(6,1862.72)
(7,1260.0)
(8,824.48)
(9,622.2)
(10,567.29)
(11,753.96)
(12,982.42)
(13,2862.96)
(14,4790.05)
(15,6032.52)
(16,5527.7)
(17,2919.12)
(18,1472.5)
(19,1206.89)
(20,800.08)
(21,679.47)
(22,633.76)
(23,897.0)
(24,1500.88)
(25,2606.9)
(26,4004.68)
(27,5919.54)
(28,5800.97)
(29,3703.4)
(30,1683.22)
(31,1264.21)
(32,833.42)
(33,738.37)
(34,623.69)
(35,982.28)
(36,1649.47)
(37,2551.83)
(38,4530.9)
(39,6647.23)
(40,6460.78)
(41,3614.88)
(42,1889.12)
(43,1227.95)
(44,828.49)
(45,532.27)
(46,544.37)
(47,789.47)
(48,1472.86)
(49,2131.52)
(50,3046.46)
(51,5339.07)
(52,5921.18)
(53,3354.46)
(54,1721.87)
(55,1381.11)
(56,898.8)
(57,683.79)
(58,641.78)
(59,802.54)
(60,1535.17)
(61,3042.55)
(62,4428.77)
(63,6117.75)
(64,7046.71)
(65,3889.02)
(66,1904.96)
(67,1337.54)
(68,873.59)
(69,647.01)
(70,658.06)
(71,750.89)
(72,1242.05)
(73,3256.54)
(74,3630.82)
(75,5413.71)
(76,6999.05)
(77,3769.92)
(78,1480.03)
(79,1252.01)
(80,836.14)
(81,646.0)
(82,575.18)
(83,809.87)
(84,1469.41)
(85,2775.46)
(86,2880.58)
(87,5276.79)
(88,6132.32)
(89,3271.29)
(90,1811.51)
(91,1376.08)
(92,923.32)
(93,657.05)
(94,554.08)
(95,718.0)
(96,957.26)
(97,2265.01)
(98,4300.27)
(99,6582.15)
(100,6589.16)
(101,3839.99)
(102,1870.44)
(103,1224.46)
(104,870.57)
(105,676.9)
(106,647.36)
(107,911.03)
(108,1172.27)
(109,2784.81)
(110,3590.57)
(111,5707.64)
(112,6214.99)
(113,3240.73)
(114,1538.3)
(115,1269.53)
(116,841.52)
(117,719.12)
(118,657.62)
(119,894.13)
(120,1014.59)
###################
