(1,6257.18)
(2,8763.59)
(3,10022.12)
(4,12039.68)
(5,12426.62)
(6,12331.27)
(7,11404.52)
(8,9222.61)
(9,6391.68)
(10,2994.41)
(11,694.31)
(12,394.02)
(13,1530.84)
(14,4845.01)
(15,8010.22)
(16,11003.84)
(17,12258.13)
(18,12119.58)
(19,11079.56)
(20,8534.54)
(21,5090.22)
(22,2263.76)
(23,459.61)
(24,297.23)
(25,2116.2)
(26,4344.38)
(27,7463.05)
(28,11013.47)
(29,11798.35)
(30,11496.29)
(31,10306.73)
(32,8265.33)
(33,5349.6)
(34,2639.57)
(35,621.81)
(36,441.57)
(37,1844.28)
(38,4736.67)
(39,6793.97)
(40,10909.92)
(41,12132.23)
(42,12059.54)
(43,10906.91)
(44,8525.62)
(45,5475.01)
(46,2417.76)
(47,540.91)
(48,467.04)
(49,2117.62)
(50,4630.67)
(51,7441.78)
(52,11018.53)
(53,11947.44)
(54,11767.16)
(55,10554.3)
(56,8611.34)
(57,5841.05)
(58,2773.85)
(59,629.57)
(60,362.13)
(61,2000.75)
(62,4529.11)
(63,7060.9)
(64,10812.1)
(65,11747.02)
(66,11665.15)
(67,10804.36)
(68,8543.78)
(69,5780.37)
(70,2809.48)
(71,669.22)
(72,413.06)
(73,2149.47)
(74,4457.95)
(75,7124.49)
(76,10822.99)
(77,11762.75)
(78,11637.95)
(79,10461.12)
(80,8048.73)
(81,5377.12)
(82,2714.38)
(83,782.16)
(84,442.63)
(85,2184.69)
(86,4992.53)
(87,7043.72)
(88,11151.01)
(89,12201.11)
(90,12080.46)
(91,10819.33)
(92,8431.47)
(93,5382.56)
(94,2460.52)
(95,776.42)
(96,431.16)
(97,1914.45)
(98,4305.74)
(99,7535.72)
(100,11091.0)
(101,11947.73)
(102,11744.9)
(103,10751.15)
(104,8678.04)
(105,5904.86)
(106,2942.37)
(107,833.94)
(108,385.5)
(109,1872.64)
(110,4255.51)
(111,6980.74)
(112,11080.86)
(113,12138.27)
(114,11864.47)
(115,10740.12)
(116,8765.52)
(117,6220.09)
(118,3407.0)
(119,1025.97)
(120,429.26)
###################
(1,2397.1)
(2,645.22)
(3,3294.65)
(4,8593.33)
(5,10221.78)
(6,9955.84)
(7,8098.24)
(8,4341.52)
(9,1089.82)
(10,0.0)
(11,0.0)
(12,0.0)
(13,0.0)
(14,0.0)
(15,791.06)
(16,6152.15)
(17,9226.2)
(18,8789.54)
(19,7176.75)
(20,5114.5)
(21,0.0)
(22,0.0)
(23,0.0)
(24,0.0)
(25,0.0)
(26,0.0)
(27,445.91)
(28,4083.72)
(29,5928.25)
(30,6140.42)
(31,4729.41)
(32,3304.98)
(33,0.0)
(34,0.0)
(35,0.0)
(36,0.0)
(37,0.0)
(38,0.0)
(39,0.0)
(40,7189.15)
(41,8949.7)
(42,8426.83)
(43,5346.43)
(44,2016.08)
(45,0.0)
(46,0.0)
(47,0.0)
(48,0.0)
(49,0.0)
(50,0.0)
(51,400.76)
(52,4824.2)
(53,6660.88)
(54,6431.89)
(55,4867.44)
(56,1156.01)
(57,0.0)
(58,0.0)
(59,0.0)
(60,0.0)
(61,0.0)
(62,0.0)
(63,0.0)
(64,4713.12)
(65,5532.7)
(66,4695.05)
(67,3770.3)
(68,2355.47)
(69,259.96)
(70,0.0)
(71,0.0)
(72,0.0)
(73,0.0)
(74,0.0)
(75,0.0)
(76,4857.51)
(77,6129.75)
(78,6253.04)
(79,5147.21)
(80,144.26)
(81,0.0)
(82,0.0)
(83,0.0)
(84,0.0)
(85,0.0)
(86,0.0)
(87,1573.32)
(88,7149.02)
(89,9395.04)
(90,8909.06)
(91,6468.56)
(92,4554.95)
(93,1517.37)
(94,0.0)
(95,0.0)
(96,0.0)
(97,0.0)
(98,0.0)
(99,400.76)
(100,5410.58)
(101,6831.88)
(102,7171.7)
(103,5046.79)
(104,3948.74)
(105,1187.65)
(106,0.0)
(107,0.0)
(108,0.0)
(109,0.0)
(110,0.0)
(111,633.79)
(112,5513.24)
(113,9182.19)
(114,7315.32)
(115,5707.23)
(116,2402.86)
(117,1152.74)
(118,0.0)
(119,0.0)
(120,0.0)
###################
(1,12744.9)
(2,12744.9)
(3,12744.9)
(4,12744.9)
(5,12744.9)
(6,12744.9)
(7,12744.9)
(8,11605.64)
(9,9685.06)
(10,6434.22)
(11,2884.97)
(12,2821.72)
(13,6226.37)
(14,12744.9)
(15,12744.9)
(16,12744.9)
(17,12744.9)
(18,12744.9)
(19,12744.9)
(20,11853.82)
(21,8636.72)
(22,5758.26)
(23,2021.28)
(24,2196.0)
(25,9028.44)
(26,12744.9)
(27,12744.9)
(28,12744.9)
(29,12744.9)
(30,12744.9)
(31,12711.04)
(32,11637.85)
(33,9458.84)
(34,6090.59)
(35,3246.14)
(36,3094.25)
(37,7869.82)
(38,12744.9)
(39,12744.9)
(40,12744.9)
(41,12744.9)
(42,12744.9)
(43,12744.9)
(44,11289.94)
(45,8804.64)
(46,6006.62)
(47,2520.36)
(48,2854.1)
(49,8642.26)
(50,12744.9)
(51,12744.9)
(52,12744.9)
(53,12744.9)
(54,12744.9)
(55,12744.9)
(56,11552.76)
(57,8838.91)
(58,6046.24)
(59,2831.95)
(60,2581.64)
(61,8640.87)
(62,12744.9)
(63,12744.9)
(64,12744.9)
(65,12744.9)
(66,12744.9)
(67,12744.9)
(68,11628.35)
(69,9481.24)
(70,5920.95)
(71,3346.26)
(72,2934.59)
(73,10265.84)
(74,12744.9)
(75,12744.9)
(76,12744.9)
(77,12744.9)
(78,12744.9)
(79,12734.28)
(80,11611.09)
(81,8901.52)
(82,6303.19)
(83,3559.32)
(84,2934.59)
(85,11026.06)
(86,12744.9)
(87,12744.9)
(88,12744.9)
(89,12744.9)
(90,12744.9)
(91,12659.06)
(92,11262.87)
(93,8901.52)
(94,5531.98)
(95,3496.59)
(96,3094.25)
(97,9293.9)
(98,12744.9)
(99,12744.9)
(100,12744.9)
(101,12744.9)
(102,12744.9)
(103,12734.28)
(104,11853.82)
(105,9181.8)
(106,5851.93)
(107,3268.01)
(108,2753.72)
(109,8773.67)
(110,12744.9)
(111,12744.9)
(112,12744.9)
(113,12744.9)
(114,12744.9)
(115,12744.9)
(116,11853.82)
(117,8949.75)
(118,5593.64)
(119,2308.13)
(120,3102.92)
###################
