(1,0.0)
(2,1940.19)
(3,824.02)
(4,468.63)
(5,1787.08)
(6,3034.23)
(7,3802.39)
(8,3976.98)
(9,4074.6)
(10,6169.51)
(11,5614.83)
(12,5275.09)
(13,5440.6)
(14,5303.26)
(15,3266.04)
(16,2506.11)
(17,3302.26)
(18,4430.03)
(19,4694.33)
(20,4828.07)
(21,5254.19)
(22,7284.01)
(23,7726.78)
(24,8707.77)
(25,8873.74)
(26,8276.73)
(27,5402.05)
(28,3825.89)
(29,4135.28)
(30,4649.82)
(31,5006.19)
(32,4989.97)
(33,5342.05)
(34,7155.44)
(35,6685.4)
(36,5025.66)
(37,4208.47)
(38,3530.15)
(39,2478.94)
(40,1889.14)
(41,2467.11)
(42,3668.62)
(43,4215.91)
(44,4738.52)
(45,5608.73)
(46,6991.38)
(47,8595.36)
(48,7967.06)
(49,7340.86)
(50,6466.4)
(51,4252.1)
(52,2575.0)
(53,2778.83)
(54,3078.75)
(55,3427.23)
(56,3594.44)
(57,4564.51)
(58,6676.83)
(59,8209.17)
(60,7179.96)
(61,5537.6)
(62,5079.59)
(63,4040.0)
(64,2799.14)
(65,3132.37)
(66,3663.86)
(67,4043.69)
(68,4167.77)
(69,5050.69)
(70,6013.21)
(71,5963.67)
(72,5336.12)
(73,5237.76)
(74,5331.93)
(75,3980.06)
(76,2957.76)
(77,3085.96)
(78,3975.08)
(79,4280.46)
(80,4024.25)
(81,5242.7)
(82,7457.92)
(83,7357.29)
(84,6606.39)
(85,5599.2)
(86,5302.63)
(87,3692.74)
(88,2011.02)
(89,2245.53)
(90,2882.64)
(91,3116.55)
(92,3187.59)
(93,3704.77)
(94,4194.66)
(95,4162.16)
(96,4453.06)
(97,4318.86)
(98,4172.61)
(99,2864.8)
(100,2113.4)
(101,2887.26)
(102,3748.53)
(103,4044.03)
(104,4488.99)
(105,5285.59)
(106,6652.95)
(107,6629.1)
(108,6043.86)
(109,4957.92)
(110,5898.25)
(111,4143.45)
(112,2622.5)
(113,3030.01)
(114,3848.25)
(115,4433.08)
(116,4158.54)
(117,5056.35)
(118,5909.53)
(119,4036.35)
(120,2525.55)
###################
(1,0.0)
(2,0.0)
(3,0.0)
(4,0.0)
(5,0.0)
(6,0.0)
(7,0.0)
(8,0.0)
(9,0.0)
(10,0.0)
(11,0.0)
(12,0.0)
(13,0.0)
(14,0.0)
(15,0.0)
(16,0.0)
(17,0.0)
(18,0.0)
(19,0.0)
(20,0.0)
(21,0.0)
(22,0.0)
(23,0.0)
(24,0.0)
(25,0.0)
(26,0.0)
(27,0.0)
(28,0.0)
(29,0.0)
(30,0.0)
(31,0.0)
(32,0.0)
(33,0.0)
(34,0.0)
(35,0.0)
(36,0.0)
(37,0.0)
(38,0.0)
(39,0.0)
(40,0.0)
(41,0.0)
(42,0.0)
(43,0.0)
(44,0.0)
(45,0.0)
(46,0.0)
(47,0.0)
(48,0.0)
(49,0.0)
(50,0.0)
(51,0.0)
(52,0.0)
(53,0.0)
(54,0.0)
(55,0.0)
(56,0.0)
(57,0.0)
(58,0.0)
(59,0.0)
(60,0.0)
(61,0.0)
(62,0.0)
(63,0.0)
(64,0.0)
(65,0.0)
(66,0.0)
(67,0.0)
(68,0.0)
(69,0.0)
(70,0.0)
(71,0.0)
(72,0.0)
(73,0.0)
(74,0.0)
(75,0.0)
(76,0.0)
(77,0.0)
(78,0.0)
(79,0.0)
(80,0.0)
(81,0.0)
(82,0.0)
(83,0.0)
(84,0.0)
(85,0.0)
(86,0.0)
(87,0.0)
(88,0.0)
(89,0.0)
(90,0.0)
(91,0.0)
(92,0.0)
(93,0.0)
(94,0.0)
(95,0.0)
(96,0.0)
(97,0.0)
(98,0.0)
(99,0.0)
(100,0.0)
(101,0.0)
(102,0.0)
(103,0.0)
(104,0.0)
(105,0.0)
(106,0.0)
(107,0.0)
(108,0.0)
(109,0.0)
(110,0.0)
(111,0.0)
(112,0.0)
(113,0.0)
(114,0.0)
(115,0.0)
(116,0.0)
(117,0.0)
(118,0.0)
(119,0.0)
(120,0.0)
###################
(1,0.0)
(2,7676.86)
(3,6454.04)
(4,3195.7)
(5,13474.21)
(6,19617.2)
(7,19617.2)
(8,19617.2)
(9,19617.2)
(10,19617.2)
(11,19617.2)
(12,18944.18)
(13,18349.58)
(14,18717.58)
(15,15964.45)
(16,15227.48)
(17,19617.2)
(18,19617.2)
(19,19617.2)
(20,19617.2)
(21,19617.2)
(22,19617.2)
(23,19617.2)
(24,19617.2)
(25,19617.2)
(26,19617.2)
(27,19617.2)
(28,19063.97)
(29,19617.2)
(30,19617.2)
(31,19617.2)
(32,19617.2)
(33,19617.2)
(34,19617.2)
(35,19617.2)
(36,19464.09)
(37,17096.1)
(38,16932.17)
(39,14636.66)
(40,13299.37)
(41,18939.23)
(42,19617.2)
(43,19617.2)
(44,19617.2)
(45,19617.2)
(46,19617.2)
(47,19617.2)
(48,19617.2)
(49,19617.2)
(50,19617.2)
(51,17333.94)
(52,15340.37)
(53,18091.84)
(54,19617.2)
(55,19617.2)
(56,19617.2)
(57,19617.2)
(58,19617.2)
(59,19617.2)
(60,19617.2)
(61,19617.2)
(62,19617.2)
(63,17600.71)
(64,16830.35)
(65,19617.2)
(66,19617.2)
(67,19617.2)
(68,19617.2)
(69,19617.2)
(70,19617.2)
(71,19617.2)
(72,19552.65)
(73,18218.69)
(74,19617.2)
(75,17621.67)
(76,16156.52)
(77,19617.2)
(78,19617.2)
(79,19617.2)
(80,19617.2)
(81,19617.2)
(82,19617.2)
(83,19617.2)
(84,19617.2)
(85,19617.2)
(86,19557.72)
(87,17019.18)
(88,13907.33)
(89,16538.19)
(90,19617.2)
(91,19617.2)
(92,19617.2)
(93,19617.2)
(94,19617.2)
(95,19617.2)
(96,19617.2)
(97,17865.71)
(98,17456.59)
(99,14978.73)
(100,14391.43)
(101,19617.2)
(102,19617.2)
(103,19617.2)
(104,19617.2)
(105,19617.2)
(106,19617.2)
(107,19617.2)
(108,18332.75)
(109,16566.97)
(110,17770.19)
(111,15281.5)
(112,13809.87)
(113,19291.69)
(114,19617.2)
(115,19617.2)
(116,19617.2)
(117,19617.2)
(118,19617.2)
(119,15405.22)
(120,14579.35)
###################
