(1,3156.01)
(2,4860.0)
(3,6921.23)
(4,10866.8)
(5,12032.02)
(6,11893.16)
(7,10690.86)
(8,7954.05)
(9,4773.35)
(10,2370.43)
(11,1079.57)
(12,825.05)
(13,2771.24)
(14,5593.56)
(15,7667.22)
(16,10689.84)
(17,11806.05)
(18,11534.26)
(19,10136.86)
(20,7812.48)
(21,4948.1)
(22,2378.43)
(23,1076.71)
(24,906.13)
(25,2483.0)
(26,5230.78)
(27,7068.54)
(28,10535.09)
(29,11835.56)
(30,11723.52)
(31,10761.66)
(32,8648.4)
(33,5847.83)
(34,3172.99)
(35,1315.97)
(36,937.14)
(37,2863.57)
(38,4323.63)
(39,7221.19)
(40,10510.78)
(41,11622.44)
(42,11227.45)
(43,9184.17)
(44,6677.75)
(45,3991.77)
(46,1871.45)
(47,772.08)
(48,775.78)
(49,2848.08)
(50,5669.43)
(51,7630.88)
(52,11113.82)
(53,12060.28)
(54,11826.08)
(55,10231.15)
(56,7863.15)
(57,4578.4)
(58,1903.87)
(59,733.61)
(60,764.63)
(61,3114.38)
(62,6190.23)
(63,8393.3)
(64,11298.47)
(65,12093.62)
(66,11760.01)
(67,10171.5)
(68,7909.92)
(69,5318.61)
(70,2730.25)
(71,1051.16)
(72,889.99)
(73,2522.1)
(74,4524.04)
(75,6643.86)
(76,10401.03)
(77,11730.79)
(78,11389.94)
(79,9934.91)
(80,7765.74)
(81,5221.51)
(82,2655.66)
(83,1170.59)
(84,861.4)
(85,2986.48)
(86,4921.7)
(87,8580.16)
(88,11565.17)
(89,12244.7)
(90,11919.03)
(91,10642.78)
(92,8525.66)
(93,5613.43)
(94,2944.07)
(95,900.38)
(96,817.88)
(97,3192.26)
(98,5667.05)
(99,8285.52)
(100,11278.89)
(101,12103.34)
(102,11712.32)
(103,10121.25)
(104,7653.08)
(105,4835.97)
(106,2049.28)
(107,533.65)
(108,670.47)
(109,2660.66)
(110,5542.18)
(111,7975.28)
(112,11111.46)
(113,11921.92)
(114,11676.37)
(115,10475.07)
(116,8320.1)
(117,5553.84)
(118,2837.7)
(119,678.35)
(120,653.12)
###################
(1,3156.01)
(2,1155.91)
(3,0.0)
(4,5222.85)
(5,8047.14)
(6,7690.18)
(7,5138.93)
(8,3390.6)
(9,1479.88)
(10,0.0)
(11,0.0)
(12,0.0)
(13,0.0)
(14,0.0)
(15,0.0)
(16,3782.77)
(17,6440.86)
(18,5912.28)
(19,3889.28)
(20,1863.88)
(21,0.0)
(22,0.0)
(23,0.0)
(24,0.0)
(25,0.0)
(26,0.0)
(27,0.0)
(28,4023.31)
(29,6865.97)
(30,6413.68)
(31,4901.22)
(32,2912.02)
(33,715.14)
(34,0.0)
(35,0.0)
(36,0.0)
(37,0.0)
(38,0.0)
(39,0.0)
(40,3651.47)
(41,5815.44)
(42,5025.87)
(43,2593.67)
(44,908.41)
(45,0.0)
(46,0.0)
(47,0.0)
(48,0.0)
(49,0.0)
(50,0.0)
(51,0.0)
(52,4869.55)
(53,7750.35)
(54,7147.02)
(55,4797.42)
(56,2603.09)
(57,293.97)
(58,0.0)
(59,0.0)
(60,0.0)
(61,0.0)
(62,0.0)
(63,0.0)
(64,4893.8)
(65,7348.97)
(66,6628.7)
(67,4084.17)
(68,1795.12)
(69,0.0)
(70,0.0)
(71,0.0)
(72,0.0)
(73,0.0)
(74,0.0)
(75,0.0)
(76,3834.9)
(77,6428.99)
(78,5545.73)
(79,3020.09)
(80,745.66)
(81,0.0)
(82,0.0)
(83,0.0)
(84,0.0)
(85,0.0)
(86,0.0)
(87,1434.09)
(88,6272.31)
(89,8750.36)
(90,7867.9)
(91,5689.82)
(92,3754.69)
(93,1723.05)
(94,0.0)
(95,0.0)
(96,0.0)
(97,0.0)
(98,0.0)
(99,435.99)
(100,5149.1)
(101,7622.09)
(102,7087.92)
(103,4753.76)
(104,2641.0)
(105,514.1)
(106,0.0)
(107,0.0)
(108,0.0)
(109,0.0)
(110,0.0)
(111,0.0)
(112,5145.45)
(113,7027.52)
(114,6190.67)
(115,4848.19)
(116,3248.21)
(117,1028.12)
(118,0.0)
(119,0.0)
(120,0.0)
###################
(1,3156.01)
(2,9890.78)
(3,12744.9)
(4,12744.9)
(5,12744.9)
(6,12744.9)
(7,12744.9)
(8,11417.6)
(9,9091.82)
(10,6882.02)
(11,5431.41)
(12,5109.43)
(13,12618.77)
(14,12744.9)
(15,12744.9)
(16,12744.9)
(17,12744.9)
(18,12744.9)
(19,12744.9)
(20,11461.4)
(21,9350.96)
(22,6938.93)
(23,5353.69)
(24,5688.05)
(25,12744.9)
(26,12744.9)
(27,12744.9)
(28,12744.9)
(29,12744.9)
(30,12744.9)
(31,12744.9)
(32,11849.92)
(33,10023.05)
(34,7836.55)
(35,5873.09)
(36,5950.28)
(37,12744.9)
(38,12744.9)
(39,12744.9)
(40,12744.9)
(41,12744.9)
(42,12744.9)
(43,12744.9)
(44,11577.9)
(45,9349.25)
(46,6977.23)
(47,4212.84)
(48,4993.35)
(49,12744.9)
(50,12744.9)
(51,12744.9)
(52,12744.9)
(53,12744.9)
(54,12744.9)
(55,12744.9)
(56,11738.63)
(57,9276.55)
(58,6419.62)
(59,3946.16)
(60,4665.23)
(61,12744.9)
(62,12744.9)
(63,12744.9)
(64,12744.9)
(65,12744.9)
(66,12744.9)
(67,12744.9)
(68,11892.42)
(69,10149.46)
(70,7734.82)
(71,5130.98)
(72,5731.98)
(73,12744.9)
(74,12744.9)
(75,12744.9)
(76,12744.9)
(77,12744.9)
(78,12744.9)
(79,12744.9)
(80,11865.2)
(81,10086.58)
(82,7485.26)
(83,5272.49)
(84,5328.71)
(85,12744.9)
(86,12744.9)
(87,12744.9)
(88,12744.9)
(89,12744.9)
(90,12744.9)
(91,12744.9)
(92,11750.45)
(93,9795.56)
(94,7004.88)
(95,4252.9)
(96,5192.34)
(97,12744.9)
(98,12744.9)
(99,12744.9)
(100,12744.9)
(101,12744.9)
(102,12744.9)
(103,12744.9)
(104,11713.46)
(105,9574.33)
(106,6085.01)
(107,3431.87)
(108,4721.53)
(109,12744.9)
(110,12744.9)
(111,12744.9)
(112,12744.9)
(113,12744.9)
(114,12744.9)
(115,12744.9)
(116,11685.15)
(117,9613.58)
(118,6754.15)
(119,3083.56)
(120,4342.27)
###################
