(1,21113.17)
(2,29947.15)
(3,36587.07)
(4,38723.41)
(5,37051.5)
(6,33516.96)
(7,28624.66)
(8,24091.68)
(9,18734.17)
(10,13251.76)
(11,9696.38)
(12,10891.4)
(13,16011.51)
(14,22567.43)
(15,29013.64)
(16,32483.11)
(17,33211.02)
(18,31114.89)
(19,27842.91)
(20,23596.2)
(21,18163.96)
(22,13110.35)
(23,10748.67)
(24,13149.01)
(25,19320.55)
(26,25608.53)
(27,31259.77)
(28,34317.93)
(29,33857.13)
(30,31516.05)
(31,28095.01)
(32,24765.07)
(33,21322.9)
(34,17691.52)
(35,15156.73)
(36,17098.37)
(37,23027.27)
(38,29018.89)
(39,34239.28)
(40,36465.22)
(41,35109.86)
(42,31854.09)
(43,27905.77)
(44,23218.14)
(45,18225.14)
(46,13762.29)
(47,11165.07)
(48,12687.81)
(49,17831.18)
(50,23926.15)
(51,29281.58)
(52,31936.76)
(53,30681.76)
(54,27500.34)
(55,23226.73)
(56,19040.51)
(57,14164.2)
(58,9615.24)
(59,7306.74)
(60,9014.65)
(61,14592.6)
(62,20664.78)
(63,26054.37)
(64,28538.71)
(65,26918.04)
(66,23265.31)
(67,19256.2)
(68,15397.01)
(69,11730.27)
(70,8564.76)
(71,6993.71)
(72,9202.43)
(73,14678.36)
(74,21254.39)
(75,27278.89)
(76,30901.22)
(77,30260.27)
(78,27261.22)
(79,23503.93)
(80,18567.95)
(81,13298.98)
(82,8799.36)
(83,6644.46)
(84,8581.93)
(85,14329.91)
(86,21273.37)
(87,27324.37)
(88,30416.23)
(89,29607.27)
(90,26347.13)
(91,22066.19)
(92,17452.01)
(93,12317.58)
(94,7953.38)
(95,5817.21)
(96,7433.81)
(97,12577.03)
(98,18788.26)
(99,24676.55)
(100,27414.18)
(101,26077.86)
(102,22458.31)
(103,18643.2)
(104,15060.02)
(105,11002.32)
(106,6799.31)
(107,4632.81)
(108,6034.57)
(109,11042.45)
(110,17481.59)
(111,23639.47)
(112,27157.34)
(113,26742.33)
(114,23632.37)
(115,19714.5)
(116,15125.92)
(117,10288.84)
(118,5781.53)
(119,3009.33)
(120,4160.47)
###################
(1,21113.17)
(2,21355.49)
(3,22398.44)
(4,21654.89)
(5,18875.16)
(6,15015.3)
(7,11618.33)
(8,9344.55)
(9,5245.88)
(10,166.18)
(11,0.0)
(12,0.0)
(13,364.25)
(14,3393.55)
(15,7277.75)
(16,9851.55)
(17,9668.44)
(18,7627.45)
(19,4682.18)
(20,2718.6)
(21,702.29)
(22,0.0)
(23,0.0)
(24,0.0)
(25,69.52)
(26,1056.14)
(27,3408.29)
(28,4082.94)
(29,2267.57)
(30,1114.47)
(31,748.63)
(32,211.1)
(33,0.0)
(34,0.0)
(35,0.0)
(36,0.0)
(37,1174.02)
(38,3659.31)
(39,5931.1)
(40,7015.9)
(41,5618.37)
(42,3550.65)
(43,2296.61)
(44,290.91)
(45,0.0)
(46,0.0)
(47,0.0)
(48,0.0)
(49,749.76)
(50,1876.0)
(51,3599.59)
(52,5592.69)
(53,3730.97)
(54,444.97)
(55,0.0)
(56,506.02)
(57,0.0)
(58,0.0)
(59,0.0)
(60,0.0)
(61,0.0)
(62,1571.48)
(63,3293.26)
(64,3585.13)
(65,1266.13)
(66,0.0)
(67,0.0)
(68,0.0)
(69,0.0)
(70,0.0)
(71,0.0)
(72,0.0)
(73,0.0)
(74,1728.2)
(75,4153.81)
(76,7142.65)
(77,6259.25)
(78,3208.03)
(79,831.7)
(80,0.0)
(81,0.0)
(82,0.0)
(83,0.0)
(84,0.0)
(85,3.2)
(86,2831.18)
(87,6443.42)
(88,8021.41)
(89,7193.57)
(90,5442.46)
(91,3087.59)
(92,703.79)
(93,0.0)
(94,0.0)
(95,0.0)
(96,0.0)
(97,0.0)
(98,1900.48)
(99,4515.04)
(100,4750.11)
(101,3519.15)
(102,311.51)
(103,0.0)
(104,0.0)
(105,0.0)
(106,0.0)
(107,0.0)
(108,0.0)
(109,22.18)
(110,1742.94)
(111,4078.17)
(112,5111.63)
(113,4573.07)
(114,3449.54)
(115,2938.4)
(116,971.56)
(117,0.0)
(118,0.0)
(119,0.0)
(120,0.0)
###################
(1,21113.17)
(2,43065.94)
(3,51806.1)
(4,51806.1)
(5,51806.1)
(6,49236.12)
(7,44918.76)
(8,39425.11)
(9,33131.87)
(10,27440.07)
(11,24298.92)
(12,27734.58)
(13,35158.3)
(14,46791.32)
(15,51806.1)
(16,51806.1)
(17,51806.1)
(18,51806.1)
(19,50404.44)
(20,45855.55)
(21,39684.04)
(22,33657.7)
(23,31365.6)
(24,36297.68)
(25,46328.82)
(26,51806.1)
(27,51806.1)
(28,51806.1)
(29,51806.1)
(30,51806.1)
(31,49080.45)
(32,46563.36)
(33,43023.67)
(34,39631.86)
(35,38385.75)
(36,43155.27)
(37,51806.1)
(38,51806.1)
(39,51806.1)
(40,51806.1)
(41,51806.1)
(42,50346.73)
(43,45980.31)
(44,40839.9)
(45,34513.86)
(46,29695.79)
(47,27067.53)
(48,29723.5)
(49,38150.11)
(50,49919.61)
(51,51806.1)
(52,51806.1)
(53,51806.1)
(54,48954.97)
(55,44505.62)
(56,38930.15)
(57,32744.44)
(58,26880.61)
(59,24415.97)
(60,28313.44)
(61,37746.18)
(62,47693.38)
(63,51806.1)
(64,51806.1)
(65,51806.1)
(66,50137.44)
(67,45519.91)
(68,41449.63)
(69,36822.73)
(70,32373.85)
(71,29370.96)
(72,32123.0)
(73,38593.75)
(74,49447.6)
(75,51806.1)
(76,51806.1)
(77,51806.1)
(78,48607.74)
(79,44319.02)
(80,38369.49)
(81,31802.22)
(82,25637.54)
(83,22660.53)
(84,26496.11)
(85,35716.1)
(86,46720.08)
(87,51806.1)
(88,51806.1)
(89,51806.1)
(90,48503.09)
(91,43708.42)
(92,38762.36)
(93,33166.35)
(94,27366.14)
(95,24350.51)
(96,26203.9)
(97,33470.26)
(98,43163.05)
(99,51806.1)
(100,51806.1)
(101,51806.1)
(102,47696.19)
(103,42528.02)
(104,36652.64)
(105,30314.84)
(106,24462.2)
(107,20276.88)
(108,22621.54)
(109,30288.46)
(110,40334.43)
(111,51806.1)
(112,51806.1)
(113,51568.48)
(114,47396.66)
(115,42072.48)
(116,35849.27)
(117,29245.02)
(118,23210.07)
(119,17392.07)
(120,19072.46)
###################
