(1,86070.29)
(2,106557.85)
(3,125454.26)
(4,130948.01)
(5,126295.54)
(6,116071.24)
(7,102095.68)
(8,84423.72)
(9,67558.87)
(10,53443.62)
(11,44525.13)
(12,50000.2)
(13,70172.1)
(14,92349.08)
(15,112394.05)
(16,118523.33)
(17,115178.68)
(18,106943.94)
(19,94391.15)
(20,77608.2)
(21,61990.92)
(22,48757.9)
(23,41336.6)
(24,45898.42)
(25,65831.78)
(26,89329.01)
(27,107542.67)
(28,113132.35)
(29,110185.33)
(30,102776.07)
(31,91113.41)
(32,75374.72)
(33,59597.3)
(34,45861.26)
(35,38177.94)
(36,46541.44)
(37,68799.52)
(38,93621.15)
(39,114274.56)
(40,121587.63)
(41,117952.58)
(42,109893.3)
(43,97192.18)
(44,80058.17)
(45,63733.76)
(46,52194.63)
(47,44543.97)
(48,51153.42)
(49,72746.14)
(50,97056.28)
(51,117810.36)
(52,124588.94)
(53,121263.93)
(54,113235.74)
(55,100435.75)
(56,83633.58)
(57,67962.7)
(58,54963.5)
(59,46313.91)
(60,51906.19)
(61,74582.74)
(62,98094.4)
(63,117377.15)
(64,123124.03)
(65,118984.6)
(66,110277.78)
(67,97243.4)
(68,81271.03)
(69,65651.0)
(70,53312.59)
(71,46563.25)
(72,53918.72)
(73,74673.1)
(74,96675.11)
(75,114766.7)
(76,120761.36)
(77,117580.37)
(78,109777.19)
(79,97921.43)
(80,81249.76)
(81,66022.37)
(82,53043.34)
(83,45438.45)
(84,52457.47)
(85,75136.32)
(86,98975.85)
(87,118741.5)
(88,125391.35)
(89,121790.82)
(90,113804.75)
(91,100856.93)
(92,84263.01)
(93,68483.77)
(94,56651.91)
(95,48968.3)
(96,52876.63)
(97,71578.12)
(98,93036.83)
(99,111129.16)
(100,117207.1)
(101,113027.2)
(102,104362.42)
(103,91453.13)
(104,73635.74)
(105,57156.12)
(106,44396.29)
(107,37084.18)
(108,44065.85)
(109,65685.0)
(110,87501.54)
(111,106186.6)
(112,110060.61)
(113,104010.44)
(114,92958.43)
(115,77603.74)
(116,58015.77)
(117,39026.8)
(118,22907.97)
(119,9129.99)
(120,9264.11)
###################
(1,86070.29)
(2,89605.14)
(3,92789.64)
(4,88781.31)
(5,79088.37)
(6,64004.73)
(7,46939.61)
(8,29805.34)
(9,13445.32)
(10,1891.49)
(11,0.0)
(12,0.0)
(13,8922.22)
(14,23783.11)
(15,34413.14)
(16,38023.77)
(17,35220.53)
(18,27403.44)
(19,16850.53)
(20,5751.57)
(21,0.0)
(22,0.0)
(23,0.0)
(24,0.0)
(25,7466.71)
(26,20880.74)
(27,33387.57)
(28,36573.58)
(29,33361.05)
(30,28785.52)
(31,20793.59)
(32,9937.12)
(33,0.0)
(34,0.0)
(35,0.0)
(36,0.0)
(37,13748.46)
(38,27313.5)
(39,38467.27)
(40,44213.11)
(41,43253.7)
(42,37761.5)
(43,27180.2)
(44,15918.45)
(45,3708.29)
(46,0.0)
(47,0.0)
(48,0.0)
(49,9010.35)
(50,24563.48)
(51,37219.98)
(52,39946.36)
(53,36463.41)
(54,29804.33)
(55,20072.03)
(56,9549.48)
(57,0.0)
(58,0.0)
(59,0.0)
(60,0.0)
(61,11213.37)
(62,22990.04)
(63,32938.7)
(64,35509.71)
(65,32504.01)
(66,24454.95)
(67,15293.05)
(68,6406.46)
(69,0.0)
(70,0.0)
(71,0.0)
(72,0.0)
(73,11521.39)
(74,24588.04)
(75,35312.16)
(76,39337.65)
(77,37832.54)
(78,30590.15)
(79,21722.2)
(80,9931.65)
(81,0.0)
(82,0.0)
(83,0.0)
(84,0.0)
(85,11981.45)
(86,25038.32)
(87,37430.09)
(88,41854.76)
(89,38781.39)
(90,32766.12)
(91,22606.98)
(92,11792.36)
(93,1934.69)
(94,0.0)
(95,0.0)
(96,0.0)
(97,8985.19)
(98,20665.61)
(99,33764.98)
(100,35801.47)
(101,33155.84)
(102,27511.82)
(103,20745.94)
(104,9067.64)
(105,1071.56)
(106,0.0)
(107,0.0)
(108,0.0)
(109,13338.01)
(110,26382.61)
(111,41269.82)
(112,45021.7)
(113,41936.21)
(114,35133.74)
(115,26773.5)
(116,15549.71)
(117,4211.13)
(118,0.0)
(119,0.0)
(120,0.0)
###################
(1,86070.29)
(2,126990.58)
(3,164154.16)
(4,180099.13)
(5,182136.2)
(6,176603.05)
(7,165704.27)
(8,149671.82)
(9,134564.73)
(10,120431.61)
(11,111175.82)
(12,118846.01)
(13,145614.7)
(14,170071.61)
(15,197768.09)
(16,200717.6)
(17,200598.46)
(18,190494.37)
(19,178879.82)
(20,157610.03)
(21,140510.81)
(22,124775.41)
(23,114465.29)
(24,117929.57)
(25,142337.41)
(26,171816.13)
(27,192467.77)
(28,200717.6)
(29,200681.47)
(30,192992.66)
(31,181227.19)
(32,161666.65)
(33,142555.55)
(34,126861.74)
(35,116709.01)
(36,123116.31)
(37,149041.96)
(38,175454.21)
(39,199750.16)
(40,200717.6)
(41,198743.66)
(42,190469.56)
(43,177406.25)
(44,159165.46)
(45,139447.33)
(46,128088.99)
(47,116726.84)
(48,123372.01)
(49,150509.84)
(50,182808.72)
(51,200717.6)
(52,200717.6)
(53,200717.6)
(54,195036.55)
(55,184321.58)
(56,165262.58)
(57,148039.6)
(58,133937.8)
(59,123733.46)
(60,125968.34)
(61,151762.75)
(62,180711.6)
(63,200717.6)
(64,200717.6)
(65,200717.6)
(66,194221.05)
(67,182145.48)
(68,163646.89)
(69,146721.02)
(70,129018.18)
(71,120560.05)
(72,130128.24)
(73,152719.32)
(74,175881.74)
(75,198904.78)
(76,200717.6)
(77,200717.6)
(78,195782.76)
(79,184089.17)
(80,163424.28)
(81,145765.24)
(82,130211.67)
(83,121067.79)
(84,128878.74)
(85,155090.67)
(86,183444.7)
(87,200717.6)
(88,200717.6)
(89,200717.6)
(90,195215.75)
(91,182972.45)
(92,164360.12)
(93,147183.94)
(94,132593.72)
(95,122019.13)
(96,125615.54)
(97,150683.34)
(98,178054.48)
(99,199918.85)
(100,200717.6)
(101,197931.1)
(102,188642.26)
(103,172401.09)
(104,150672.22)
(105,130128.9)
(106,112460.26)
(107,102261.0)
(108,111144.55)
(109,140149.68)
(110,170255.51)
(111,199400.05)
(112,200717.6)
(113,190156.18)
(114,175611.66)
(115,154667.68)
(116,131625.81)
(117,107399.78)
(118,83838.79)
(119,48952.34)
(120,48985.48)
###################
