(1,5514.41)
(2,9337.21)
(3,11755.06)
(4,12412.59)
(5,8193.69)
(6,3962.07)
(7,2361.23)
(8,1665.66)
(9,1334.65)
(10,1526.25)
(11,2599.95)
(12,5214.83)
(13,9229.47)
(14,11842.53)
(15,14020.76)
(16,14109.32)
(17,9145.0)
(18,4267.86)
(19,2466.68)
(20,1749.47)
(21,1379.1)
(22,1543.96)
(23,2578.65)
(24,5102.5)
(25,8627.53)
(26,12208.71)
(27,14347.69)
(28,14357.71)
(29,9272.31)
(30,4400.72)
(31,2568.41)
(32,1800.38)
(33,1454.87)
(34,1625.21)
(35,2586.86)
(36,5024.74)
(37,9264.68)
(38,11985.97)
(39,14491.3)
(40,14635.66)
(41,9442.34)
(42,4507.57)
(43,2601.9)
(44,1840.82)
(45,1451.71)
(46,1626.19)
(47,2811.67)
(48,5374.04)
(49,9429.67)
(50,12680.51)
(51,14973.3)
(52,14613.68)
(53,9373.94)
(54,4416.66)
(55,2534.28)
(56,1778.05)
(57,1388.97)
(58,1494.94)
(59,2629.54)
(60,5505.09)
(61,9691.25)
(62,13419.95)
(63,15753.07)
(64,15442.46)
(65,9932.34)
(66,4650.23)
(67,2647.08)
(68,1876.57)
(69,1474.71)
(70,1648.87)
(71,2654.49)
(72,5144.59)
(73,8829.72)
(74,12167.25)
(75,14476.87)
(76,14724.0)
(77,9729.86)
(78,4628.36)
(79,2636.33)
(80,1851.45)
(81,1444.66)
(82,1675.45)
(83,2760.19)
(84,5165.3)
(85,9457.37)
(86,12027.63)
(87,14638.78)
(88,14895.77)
(89,9559.46)
(90,4508.52)
(91,2629.16)
(92,1836.13)
(93,1467.63)
(94,1678.57)
(95,2784.5)
(96,5346.44)
(97,9978.29)
(98,12816.23)
(99,15215.93)
(100,15045.83)
(101,9729.45)
(102,4638.85)
(103,2677.24)
(104,1891.17)
(105,1502.13)
(106,1707.31)
(107,2756.96)
(108,5287.55)
(109,9264.87)
(110,12940.61)
(111,15172.39)
(112,14477.2)
(113,9273.6)
(114,4387.54)
(115,2537.59)
(116,1815.87)
(117,1419.59)
(118,1608.18)
(119,2592.28)
(120,5073.01)
###################
(1,5514.41)
(2,5629.8)
(3,7143.77)
(4,8287.81)
(5,5311.28)
(6,2521.59)
(7,1599.56)
(8,1112.0)
(9,886.32)
(10,920.01)
(11,1377.59)
(12,2424.79)
(13,4594.33)
(14,5590.25)
(15,8066.43)
(16,9161.06)
(17,5839.78)
(18,2657.22)
(19,1683.89)
(20,1165.72)
(21,906.54)
(22,874.15)
(23,1260.28)
(24,2113.42)
(25,3830.53)
(26,6132.86)
(27,8227.93)
(28,9248.3)
(29,5802.9)
(30,2675.81)
(31,1712.86)
(32,1167.9)
(33,919.7)
(34,895.46)
(35,1329.04)
(36,2303.5)
(37,4591.7)
(38,6067.05)
(39,8515.42)
(40,9233.22)
(41,5932.93)
(42,2738.4)
(43,1715.39)
(44,1197.96)
(45,948.24)
(46,939.51)
(47,1414.55)
(48,2404.47)
(49,4364.3)
(50,6414.03)
(51,8668.71)
(52,9352.09)
(53,6007.98)
(54,2766.4)
(55,1734.42)
(56,1183.05)
(57,895.85)
(58,878.53)
(59,1320.97)
(60,2301.77)
(61,4706.3)
(62,6842.92)
(63,9100.86)
(64,9305.48)
(65,5885.75)
(66,2743.46)
(67,1759.88)
(68,1204.8)
(69,935.66)
(70,933.56)
(71,1351.85)
(72,2306.92)
(73,4219.32)
(74,6151.22)
(75,8528.43)
(76,9186.09)
(77,6011.4)
(78,2835.7)
(79,1736.64)
(80,1196.56)
(81,917.82)
(82,905.41)
(83,1395.57)
(84,2421.85)
(85,4590.38)
(86,6699.64)
(87,9096.55)
(88,9578.83)
(89,6076.81)
(90,2789.59)
(91,1745.97)
(92,1201.07)
(93,951.79)
(94,994.66)
(95,1434.35)
(96,2425.74)
(97,5058.71)
(98,6369.35)
(99,8527.12)
(100,9369.82)
(101,6031.27)
(102,2893.53)
(103,1744.37)
(104,1198.67)
(105,958.04)
(106,948.09)
(107,1410.39)
(108,2263.36)
(109,4193.78)
(110,6534.8)
(111,8930.85)
(112,9129.99)
(113,5633.31)
(114,2683.32)
(115,1689.07)
(116,1178.77)
(117,916.84)
(118,901.47)
(119,1306.21)
(120,2295.66)
###################
(1,5514.41)
(2,14364.67)
(3,17397.8)
(4,18017.69)
(5,12203.23)
(6,5972.4)
(7,3372.71)
(8,2402.65)
(9,1945.98)
(10,2363.83)
(11,4374.27)
(12,9605.04)
(13,16392.55)
(14,21202.67)
(15,22580.49)
(16,21199.15)
(17,13906.86)
(18,6526.01)
(19,3578.97)
(20,2557.93)
(21,2075.72)
(22,2508.99)
(23,4454.63)
(24,10147.88)
(25,16244.44)
(26,22868.55)
(27,24234.97)
(28,22389.33)
(29,14422.97)
(30,6964.15)
(31,3800.51)
(32,2679.62)
(33,2211.26)
(34,2676.51)
(35,4455.3)
(36,9440.55)
(37,17136.19)
(38,20579.92)
(39,22658.97)
(40,22037.77)
(41,14282.71)
(42,6899.58)
(43,3794.66)
(44,2739.32)
(45,2170.85)
(46,2608.74)
(47,5055.37)
(48,10108.68)
(49,17941.11)
(50,22703.46)
(51,24279.91)
(52,22028.94)
(53,14194.54)
(54,6749.7)
(55,3710.0)
(56,2609.74)
(57,2054.06)
(58,2377.66)
(59,4479.56)
(60,10247.09)
(61,17463.36)
(62,23299.87)
(63,25226.15)
(64,24138.74)
(65,15518.98)
(66,7505.12)
(67,3946.61)
(68,2848.94)
(69,2231.59)
(70,2691.42)
(71,4671.04)
(72,10047.94)
(73,16295.08)
(74,22169.15)
(75,24883.66)
(76,23452.16)
(77,15432.73)
(78,7288.66)
(79,3962.74)
(80,2806.67)
(81,2214.61)
(82,2835.05)
(83,4817.77)
(84,9390.43)
(85,17406.79)
(86,20250.46)
(87,22846.55)
(88,21620.68)
(89,14046.96)
(90,6951.25)
(91,3853.68)
(92,2747.39)
(93,2197.9)
(94,2633.9)
(95,4827.31)
(96,10251.4)
(97,18177.44)
(98,22428.06)
(99,25151.62)
(100,23737.23)
(101,15225.68)
(102,7282.61)
(103,4000.59)
(104,2872.34)
(105,2299.67)
(106,2866.59)
(107,4978.44)
(108,10319.44)
(109,17547.16)
(110,23521.55)
(111,24907.06)
(112,22656.83)
(113,14470.1)
(114,6825.7)
(115,3781.67)
(116,2701.2)
(117,2122.37)
(118,2635.21)
(119,4613.33)
(120,9800.5)
###################
(1,5514.41)
(2,3636.58)
(3,4543.98)
(4,6320.0)
(5,3261.12)
(6,1693.02)
(7,1122.42)
(8,809.87)
(9,673.68)
(10,640.36)
(11,900.97)
(12,1089.52)
(13,2035.09)
(14,3830.36)
(15,5065.07)
(16,6572.02)
(17,3948.48)
(18,1878.35)
(19,1291.91)
(20,904.75)
(21,662.72)
(22,548.49)
(23,800.99)
(24,822.02)
(25,2077.35)
(26,3860.3)
(27,6073.2)
(28,6359.49)
(29,3650.74)
(30,1597.83)
(31,1153.65)
(32,853.5)
(33,671.63)
(34,491.79)
(35,657.3)
(36,1337.85)
(37,2373.24)
(38,3511.9)
(39,4749.79)
(40,6419.31)
(41,3476.3)
(42,1560.62)
(43,1265.74)
(44,785.88)
(45,664.04)
(46,548.74)
(47,777.83)
(48,1438.75)
(49,2517.39)
(50,4205.29)
(51,5980.28)
(52,6110.44)
(53,4040.32)
(54,1850.55)
(55,1284.14)
(56,819.71)
(57,653.32)
(58,567.15)
(59,774.61)
(60,755.41)
(61,2645.77)
(62,4096.93)
(63,5740.52)
(64,6238.65)
(65,4177.59)
(66,1805.1)
(67,1185.99)
(68,809.29)
(69,594.84)
(70,551.76)
(71,764.26)
(72,1372.51)
(73,2757.36)
(74,3349.12)
(75,5867.72)
(76,6547.55)
(77,3812.62)
(78,1915.65)
(79,1287.64)
(80,789.72)
(81,593.41)
(82,525.19)
(83,845.0)
(84,1473.26)
(85,2634.42)
(86,4875.67)
(87,5821.24)
(88,6213.92)
(89,4354.74)
(90,1982.94)
(91,1233.36)
(92,791.29)
(93,568.64)
(94,536.0)
(95,732.86)
(96,1429.8)
(97,3124.54)
(98,4458.16)
(99,5794.45)
(100,6865.92)
(101,4573.11)
(102,2034.38)
(103,1235.04)
(104,892.98)
(105,662.51)
(106,608.97)
(107,717.39)
(108,1215.76)
(109,2129.85)
(110,4172.71)
(111,6092.23)
(112,6494.31)
(113,3390.89)
(114,1806.54)
(115,1235.55)
(116,901.0)
(117,632.63)
(118,550.65)
(119,717.53)
(120,1028.03)
###################
