(1,0.0)
(2,1087.84)
(3,1000.39)
(4,1515.11)
(5,2731.8)
(6,3923.17)
(7,4917.2)
(8,5313.21)
(9,7108.56)
(10,10362.36)
(11,11210.28)
(12,11115.34)
(13,11356.89)
(14,11528.56)
(15,8708.49)
(16,7248.45)
(17,6494.95)
(18,5824.02)
(19,5631.21)
(20,5650.8)
(21,6339.29)
(22,9755.1)
(23,11436.58)
(24,11826.37)
(25,11650.81)
(26,10108.43)
(27,7362.21)
(28,5702.29)
(29,4792.29)
(30,4452.01)
(31,4897.45)
(32,4764.47)
(33,5542.34)
(34,9253.81)
(35,10599.45)
(36,9360.48)
(37,9009.25)
(38,8618.36)
(39,6724.7)
(40,5046.6)
(41,3887.18)
(42,3424.18)
(43,3659.12)
(44,4620.45)
(45,7806.75)
(46,10616.94)
(47,12016.71)
(48,11560.83)
(49,10152.31)
(50,10446.24)
(51,8334.8)
(52,6094.64)
(53,5359.13)
(54,4887.09)
(55,4949.39)
(56,5177.09)
(57,6130.18)
(58,9064.97)
(59,10140.57)
(60,10549.21)
(61,10428.25)
(62,9048.56)
(63,7584.25)
(64,5688.92)
(65,5474.47)
(66,5596.41)
(67,5768.18)
(68,5881.93)
(69,6787.23)
(70,11224.13)
(71,12248.01)
(72,11744.14)
(73,11769.05)
(74,11399.87)
(75,9095.4)
(76,6694.56)
(77,5850.9)
(78,6413.8)
(79,6993.9)
(80,7325.92)
(81,8007.0)
(82,10727.18)
(83,11857.42)
(84,11652.15)
(85,12109.56)
(86,11504.73)
(87,8828.76)
(88,6259.14)
(89,5026.0)
(90,5244.05)
(91,5325.72)
(92,5917.38)
(93,6539.09)
(94,8548.3)
(95,9772.61)
(96,10390.79)
(97,10353.14)
(98,9777.47)
(99,7873.11)
(100,5888.46)
(101,5687.53)
(102,5859.01)
(103,6487.42)
(104,6960.72)
(105,8823.86)
(106,11344.49)
(107,12440.82)
(108,12337.36)
(109,11945.45)
(110,11665.66)
(111,9023.84)
(112,6762.05)
(113,5931.05)
(114,5881.18)
(115,5877.04)
(116,5745.35)
(117,6650.04)
(118,8004.97)
(119,6184.92)
(120,3898.81)
###################
(1,0.0)
(2,0.0)
(3,0.0)
(4,0.0)
(5,0.0)
(6,0.0)
(7,0.0)
(8,0.0)
(9,0.0)
(10,0.0)
(11,0.0)
(12,0.0)
(13,0.0)
(14,0.0)
(15,0.0)
(16,0.0)
(17,0.0)
(18,0.0)
(19,0.0)
(20,0.0)
(21,0.0)
(22,0.0)
(23,0.0)
(24,0.0)
(25,0.0)
(26,0.0)
(27,0.0)
(28,0.0)
(29,0.0)
(30,0.0)
(31,0.0)
(32,0.0)
(33,0.0)
(34,0.0)
(35,0.0)
(36,0.0)
(37,0.0)
(38,0.0)
(39,0.0)
(40,0.0)
(41,0.0)
(42,0.0)
(43,0.0)
(44,0.0)
(45,0.0)
(46,0.0)
(47,0.0)
(48,0.0)
(49,0.0)
(50,0.0)
(51,0.0)
(52,0.0)
(53,0.0)
(54,0.0)
(55,0.0)
(56,0.0)
(57,0.0)
(58,0.0)
(59,0.0)
(60,0.0)
(61,0.0)
(62,0.0)
(63,0.0)
(64,0.0)
(65,0.0)
(66,0.0)
(67,0.0)
(68,0.0)
(69,0.0)
(70,0.0)
(71,0.0)
(72,0.0)
(73,0.0)
(74,0.0)
(75,0.0)
(76,0.0)
(77,0.0)
(78,0.0)
(79,0.0)
(80,0.0)
(81,0.0)
(82,0.0)
(83,0.0)
(84,0.0)
(85,0.0)
(86,0.0)
(87,0.0)
(88,0.0)
(89,0.0)
(90,0.0)
(91,0.0)
(92,0.0)
(93,0.0)
(94,0.0)
(95,0.0)
(96,0.0)
(97,0.0)
(98,0.0)
(99,0.0)
(100,0.0)
(101,0.0)
(102,0.0)
(103,0.0)
(104,0.0)
(105,0.0)
(106,0.0)
(107,0.0)
(108,0.0)
(109,0.0)
(110,0.0)
(111,0.0)
(112,0.0)
(113,0.0)
(114,0.0)
(115,0.0)
(116,0.0)
(117,0.0)
(118,0.0)
(119,0.0)
(120,0.0)
###################
(1,0.0)
(2,7027.04)
(3,8330.77)
(4,10495.89)
(5,19617.2)
(6,19617.2)
(7,19617.2)
(8,19617.2)
(9,19617.2)
(10,19617.2)
(11,19617.2)
(12,19617.2)
(13,19617.2)
(14,19617.2)
(15,19617.2)
(16,19617.2)
(17,19617.2)
(18,19617.2)
(19,19617.2)
(20,19617.2)
(21,19617.2)
(22,19617.2)
(23,19617.2)
(24,19617.2)
(25,19617.2)
(26,19617.2)
(27,19617.2)
(28,19617.2)
(29,19617.2)
(30,19617.2)
(31,19617.2)
(32,19617.2)
(33,19617.2)
(34,19617.2)
(35,19617.2)
(36,19617.2)
(37,19617.2)
(38,19617.2)
(39,19617.2)
(40,19617.2)
(41,19617.2)
(42,19617.2)
(43,19617.2)
(44,19617.2)
(45,19617.2)
(46,19617.2)
(47,19617.2)
(48,19617.2)
(49,19617.2)
(50,19617.2)
(51,19617.2)
(52,19617.2)
(53,19617.2)
(54,19617.2)
(55,19617.2)
(56,19617.2)
(57,19617.2)
(58,19617.2)
(59,19617.2)
(60,19617.2)
(61,19617.2)
(62,19617.2)
(63,19617.2)
(64,19617.2)
(65,19617.2)
(66,19617.2)
(67,19617.2)
(68,19617.2)
(69,19617.2)
(70,19617.2)
(71,19617.2)
(72,19617.2)
(73,19617.2)
(74,19617.2)
(75,19617.2)
(76,19617.2)
(77,19617.2)
(78,19617.2)
(79,19617.2)
(80,19617.2)
(81,19617.2)
(82,19617.2)
(83,19617.2)
(84,19617.2)
(85,19617.2)
(86,19617.2)
(87,19617.2)
(88,19617.2)
(89,19617.2)
(90,19617.2)
(91,19617.2)
(92,19617.2)
(93,19617.2)
(94,19617.2)
(95,19617.2)
(96,19617.2)
(97,19617.2)
(98,19617.2)
(99,19617.2)
(100,19617.2)
(101,19617.2)
(102,19617.2)
(103,19617.2)
(104,19617.2)
(105,19617.2)
(106,19617.2)
(107,19617.2)
(108,19617.2)
(109,19617.2)
(110,19617.2)
(111,19617.2)
(112,19293.91)
(113,19617.2)
(114,19617.2)
(115,19617.2)
(116,19617.2)
(117,19617.2)
(118,19617.2)
(119,19617.2)
(120,19100.1)
###################
