(1,21113.17)
(2,28974.65)
(3,36101.45)
(4,37967.88)
(5,35892.53)
(6,31875.33)
(7,26840.39)
(8,21299.25)
(9,15602.87)
(10,11222.82)
(11,9162.18)
(12,11343.89)
(13,17970.81)
(14,25232.53)
(15,30633.62)
(16,33705.6)
(17,32897.06)
(18,29782.24)
(19,25493.47)
(20,21212.99)
(21,16469.69)
(22,12039.8)
(23,10100.08)
(24,11951.41)
(25,17384.4)
(26,22722.97)
(27,27683.92)
(28,30202.83)
(29,28655.75)
(30,26471.98)
(31,23253.3)
(32,19882.2)
(33,16172.44)
(34,12736.9)
(35,10823.32)
(36,13123.03)
(37,19197.3)
(38,25405.0)
(39,30509.83)
(40,33362.54)
(41,32247.03)
(42,28962.37)
(43,24742.63)
(44,20040.9)
(45,15167.43)
(46,11462.81)
(47,9947.8)
(48,12711.91)
(49,19086.42)
(50,25371.48)
(51,30527.11)
(52,33615.83)
(53,32485.16)
(54,29565.47)
(55,25725.58)
(56,21592.87)
(57,17189.64)
(58,12772.8)
(59,10341.55)
(60,11531.37)
(61,16575.68)
(62,22589.14)
(63,28629.77)
(64,32205.46)
(65,31168.12)
(66,27950.86)
(67,23749.42)
(68,19263.46)
(69,14612.93)
(70,10709.15)
(71,8879.75)
(72,11109.61)
(73,17333.75)
(74,24575.14)
(75,30899.56)
(76,33957.29)
(77,33394.75)
(78,30313.59)
(79,26147.96)
(80,21440.96)
(81,16446.08)
(82,11972.69)
(83,9644.15)
(84,10918.36)
(85,16193.36)
(86,22105.71)
(87,28038.52)
(88,30615.25)
(89,29415.25)
(90,25973.28)
(91,21398.08)
(92,16724.53)
(93,12198.22)
(94,8380.53)
(95,6495.71)
(96,8052.31)
(97,13270.31)
(98,19310.04)
(99,25295.39)
(100,28732.83)
(101,28325.58)
(102,25278.9)
(103,21381.86)
(104,16920.37)
(105,12631.58)
(106,9008.15)
(107,7475.98)
(108,9658.8)
(109,15809.88)
(110,22164.47)
(111,28565.54)
(112,32193.05)
(113,31927.84)
(114,28962.72)
(115,24755.26)
(116,19948.49)
(117,14718.52)
(118,9839.62)
(119,6266.94)
(120,6474.32)
###################
(1,21113.17)
(2,21048.43)
(3,20574.76)
(4,18698.81)
(5,14010.31)
(6,10089.82)
(7,6039.33)
(8,969.69)
(9,0.0)
(10,0.0)
(11,0.0)
(12,0.0)
(13,1329.28)
(14,3905.7)
(15,3794.71)
(16,5890.13)
(17,5335.27)
(18,3920.49)
(19,1000.55)
(20,275.96)
(21,0.0)
(22,0.0)
(23,0.0)
(24,0.0)
(25,769.31)
(26,1507.94)
(27,2551.8)
(28,3590.35)
(29,736.55)
(30,409.98)
(31,0.0)
(32,0.0)
(33,0.0)
(34,0.0)
(35,0.0)
(36,0.0)
(37,904.46)
(38,2135.14)
(39,2253.56)
(40,5036.69)
(41,4411.05)
(42,3001.05)
(43,1035.07)
(44,0.0)
(45,0.0)
(46,0.0)
(47,0.0)
(48,0.0)
(49,950.09)
(50,3142.16)
(51,3500.31)
(52,5428.04)
(53,3275.01)
(54,1465.36)
(55,277.25)
(56,0.0)
(57,0.0)
(58,0.0)
(59,0.0)
(60,0.0)
(61,870.82)
(62,2462.2)
(63,3840.47)
(64,4832.1)
(65,2372.73)
(66,1442.66)
(67,93.46)
(68,0.0)
(69,0.0)
(70,0.0)
(71,0.0)
(72,0.0)
(73,447.79)
(74,2087.47)
(75,4130.72)
(76,6248.31)
(77,6187.7)
(78,4311.65)
(79,3256.23)
(80,1688.05)
(81,0.0)
(82,0.0)
(83,0.0)
(84,0.0)
(85,0.0)
(86,1141.28)
(87,3116.83)
(88,4195.53)
(89,3469.02)
(90,2475.5)
(91,337.4)
(92,0.0)
(93,0.0)
(94,0.0)
(95,0.0)
(96,0.0)
(97,0.0)
(98,1142.94)
(99,1382.61)
(100,3495.1)
(101,3781.39)
(102,2499.86)
(103,1248.32)
(104,0.0)
(105,0.0)
(106,0.0)
(107,0.0)
(108,0.0)
(109,1234.04)
(110,4204.21)
(111,7069.33)
(112,10154.68)
(113,10630.2)
(114,9846.92)
(115,7323.92)
(116,4823.07)
(117,2218.81)
(118,0.0)
(119,0.0)
(120,0.0)
###################
(1,21113.17)
(2,37391.31)
(3,51806.1)
(4,51806.1)
(5,51806.1)
(6,50228.91)
(7,46483.59)
(8,41948.69)
(9,36659.93)
(10,32159.83)
(11,31048.22)
(12,36034.43)
(13,45851.16)
(14,51806.1)
(15,51806.1)
(16,51806.1)
(17,51806.1)
(18,50844.17)
(19,47324.81)
(20,42981.2)
(21,37993.61)
(22,33552.46)
(23,33158.04)
(24,37034.35)
(25,44942.59)
(26,51806.1)
(27,51806.1)
(28,51806.1)
(29,51806.1)
(30,51515.43)
(31,49360.45)
(32,46430.82)
(33,42833.42)
(34,38900.85)
(35,36360.51)
(36,40171.61)
(37,47424.74)
(38,51806.1)
(39,51806.1)
(40,51806.1)
(41,51806.1)
(42,51248.65)
(43,47853.19)
(44,43662.17)
(45,38568.2)
(46,34062.57)
(47,33828.13)
(48,38570.42)
(49,48673.84)
(50,51806.1)
(51,51806.1)
(52,51806.1)
(53,51806.1)
(54,51115.36)
(55,47719.61)
(56,43128.79)
(57,38379.29)
(58,33938.42)
(59,32428.05)
(60,36057.56)
(61,43013.15)
(62,51806.1)
(63,51806.1)
(64,51806.1)
(65,51806.1)
(66,50194.09)
(67,46369.34)
(68,41627.19)
(69,36415.32)
(70,31643.19)
(71,30001.62)
(72,35150.75)
(73,45956.49)
(74,51806.1)
(75,51806.1)
(76,51806.1)
(77,51806.1)
(78,51675.1)
(79,48278.71)
(80,43923.95)
(81,39340.47)
(82,34753.63)
(83,33649.75)
(84,37538.8)
(85,46952.45)
(86,51806.1)
(87,51806.1)
(88,51806.1)
(89,51806.1)
(90,49596.67)
(91,45456.96)
(92,40528.67)
(93,35139.4)
(94,29733.08)
(95,27370.66)
(96,30171.89)
(97,38922.32)
(98,47453.72)
(99,51806.1)
(100,51806.1)
(101,51806.1)
(102,50185.14)
(103,46346.36)
(104,41697.16)
(105,36405.69)
(106,31464.11)
(107,30535.01)
(108,37055.04)
(109,46073.62)
(110,51806.1)
(111,51806.1)
(112,51806.1)
(113,51806.1)
(114,50760.15)
(115,47405.86)
(116,42994.69)
(117,38002.99)
(118,33279.52)
(119,30289.72)
(120,32109.48)
###################
