(1,1308.16)
(2,1870.78)
(3,1742.7)
(4,1788.16)
(5,2651.81)
(6,3241.17)
(7,3852.72)
(8,4072.12)
(9,4978.76)
(10,6899.06)
(11,6908.19)
(12,6471.28)
(13,6523.31)
(14,6021.04)
(15,4666.6)
(16,4186.46)
(17,3858.19)
(18,3803.92)
(19,4097.82)
(20,4027.24)
(21,4796.72)
(22,7354.21)
(23,7944.12)
(24,8056.35)
(25,8273.36)
(26,7259.8)
(27,5599.55)
(28,4806.16)
(29,4095.37)
(30,3910.53)
(31,4244.49)
(32,4483.78)
(33,5280.16)
(34,7975.95)
(35,8816.49)
(36,8653.94)
(37,8327.18)
(38,7387.0)
(39,5884.03)
(40,4714.04)
(41,3881.69)
(42,3811.54)
(43,4122.73)
(44,4234.42)
(45,4722.9)
(46,7088.53)
(47,7350.86)
(48,7966.82)
(49,8020.56)
(50,7661.41)
(51,6089.32)
(52,5058.17)
(53,4284.66)
(54,4015.21)
(55,4336.76)
(56,4303.96)
(57,4865.9)
(58,6901.06)
(59,7506.89)
(60,7298.29)
(61,7108.88)
(62,6344.66)
(63,5731.8)
(64,4958.19)
(65,4131.02)
(66,3903.96)
(67,4160.21)
(68,4269.06)
(69,4964.95)
(70,6751.75)
(71,6944.19)
(72,6746.43)
(73,6821.21)
(74,6508.11)
(75,5639.98)
(76,4871.1)
(77,4186.7)
(78,3803.46)
(79,4051.06)
(80,4106.06)
(81,5033.27)
(82,7643.13)
(83,8645.68)
(84,8409.11)
(85,8159.61)
(86,7696.92)
(87,6420.92)
(88,5170.79)
(89,4327.17)
(90,3791.92)
(91,4150.91)
(92,4087.23)
(93,5212.08)
(94,7754.9)
(95,9308.13)
(96,8964.85)
(97,8753.03)
(98,8314.15)
(99,6139.7)
(100,4388.48)
(101,3514.98)
(102,3327.67)
(103,3680.03)
(104,3785.66)
(105,4752.89)
(106,7078.61)
(107,8201.59)
(108,8020.67)
(109,8498.29)
(110,8489.84)
(111,6494.14)
(112,5047.58)
(113,5224.32)
(114,5455.79)
(115,6040.05)
(116,5823.29)
(117,6545.47)
(118,7922.31)
(119,5783.38)
(120,3255.13)
###################
(1,0.0)
(2,0.0)
(3,0.0)
(4,0.0)
(5,0.0)
(6,0.0)
(7,0.0)
(8,0.0)
(9,0.0)
(10,0.0)
(11,0.0)
(12,0.0)
(13,0.0)
(14,0.0)
(15,0.0)
(16,0.0)
(17,0.0)
(18,0.0)
(19,0.0)
(20,0.0)
(21,0.0)
(22,0.0)
(23,0.0)
(24,0.0)
(25,0.0)
(26,0.0)
(27,0.0)
(28,0.0)
(29,0.0)
(30,0.0)
(31,0.0)
(32,0.0)
(33,0.0)
(34,0.0)
(35,0.0)
(36,0.0)
(37,0.0)
(38,0.0)
(39,0.0)
(40,0.0)
(41,0.0)
(42,0.0)
(43,0.0)
(44,0.0)
(45,0.0)
(46,0.0)
(47,0.0)
(48,0.0)
(49,0.0)
(50,0.0)
(51,0.0)
(52,0.0)
(53,0.0)
(54,0.0)
(55,0.0)
(56,0.0)
(57,0.0)
(58,0.0)
(59,0.0)
(60,0.0)
(61,0.0)
(62,0.0)
(63,0.0)
(64,0.0)
(65,0.0)
(66,0.0)
(67,0.0)
(68,0.0)
(69,0.0)
(70,0.0)
(71,0.0)
(72,0.0)
(73,0.0)
(74,0.0)
(75,0.0)
(76,0.0)
(77,0.0)
(78,0.0)
(79,0.0)
(80,0.0)
(81,0.0)
(82,0.0)
(83,0.0)
(84,0.0)
(85,0.0)
(86,0.0)
(87,0.0)
(88,0.0)
(89,0.0)
(90,0.0)
(91,0.0)
(92,0.0)
(93,0.0)
(94,0.0)
(95,0.0)
(96,0.0)
(97,0.0)
(98,0.0)
(99,0.0)
(100,0.0)
(101,0.0)
(102,0.0)
(103,0.0)
(104,0.0)
(105,0.0)
(106,0.0)
(107,0.0)
(108,0.0)
(109,0.0)
(110,0.0)
(111,0.0)
(112,0.0)
(113,0.0)
(114,0.0)
(115,0.0)
(116,0.0)
(117,0.0)
(118,0.0)
(119,0.0)
(120,0.0)
###################
(1,6807.27)
(2,10986.39)
(3,11420.05)
(4,10956.84)
(5,15040.54)
(6,17252.91)
(7,18165.95)
(8,19617.2)
(9,19617.2)
(10,19617.2)
(11,19617.2)
(12,19617.2)
(13,19617.2)
(14,19617.2)
(15,19617.2)
(16,19617.2)
(17,19198.09)
(18,19617.2)
(19,19617.2)
(20,19617.2)
(21,19617.2)
(22,19617.2)
(23,19617.2)
(24,19427.03)
(25,19617.2)
(26,19617.2)
(27,19617.2)
(28,19617.2)
(29,19198.09)
(30,18595.22)
(31,19617.2)
(32,19617.2)
(33,19617.2)
(34,19617.2)
(35,19617.2)
(36,19617.2)
(37,19617.2)
(38,19617.2)
(39,19617.2)
(40,19617.2)
(41,18595.91)
(42,18811.09)
(43,19617.2)
(44,19617.2)
(45,19617.2)
(46,19617.2)
(47,19617.2)
(48,19617.2)
(49,19617.2)
(50,19617.2)
(51,19617.2)
(52,19617.2)
(53,19198.09)
(54,18566.6)
(55,19617.2)
(56,19617.2)
(57,19617.2)
(58,19617.2)
(59,19617.2)
(60,19617.2)
(61,19617.2)
(62,19617.2)
(63,19617.2)
(64,19617.2)
(65,18532.18)
(66,19617.2)
(67,19617.2)
(68,19617.2)
(69,19617.2)
(70,19617.2)
(71,19617.2)
(72,19617.2)
(73,19617.2)
(74,19617.2)
(75,19617.2)
(76,19617.2)
(77,19198.09)
(78,18609.26)
(79,19617.2)
(80,19617.2)
(81,19617.2)
(82,19617.2)
(83,19617.2)
(84,19617.2)
(85,19617.2)
(86,19617.2)
(87,19617.2)
(88,19617.2)
(89,18448.48)
(90,18471.73)
(91,19617.2)
(92,19617.2)
(93,19617.2)
(94,19617.2)
(95,19617.2)
(96,19617.2)
(97,19617.2)
(98,19617.2)
(99,19617.2)
(100,19617.2)
(101,17971.62)
(102,18471.73)
(103,19617.2)
(104,19617.2)
(105,19617.2)
(106,19617.2)
(107,19617.2)
(108,19030.79)
(109,19617.2)
(110,19617.2)
(111,19617.2)
(112,17592.78)
(113,18764.74)
(114,19617.2)
(115,19617.2)
(116,19617.2)
(117,19617.2)
(118,19617.2)
(119,19617.2)
(120,16003.54)
###################
