(1,18297.7,56227.3,0.0,0.0,8950.79,0.0)
(2,17391.06,58399.94,0.0,0.0,9161.22,15.71)
(3,17220.42,59148.29,3.28,3750.96,8277.85,3816.91)
(4,16967.03,58066.74,18.23,21272.0,8733.31,5337.03)
(5,16905.89,56863.83,31.28,36626.63,8792.58,2626.36)
(6,16998.87,56231.12,80.01,102128.59,8674.99,991.06)
(7,17051.95,56172.68,91.37,131176.32,10137.44,1260.65)
(8,17069.38,57141.93,132.7,193672.14,9997.5,1176.83)
(9,17187.28,57358.82,224.91,382095.99,10476.39,1566.95)
(10,17083.4,57916.78,314.82,646192.53,10581.3,1576.9)
(11,17140.83,57417.58,507.59,1.35543091e6,10472.99,777.79)
(12,16902.02,57065.93,178.05,411302.09,9517.21,785.41)
(13,16517.26,57876.43,131.3,152363.71,10221.15,1839.15)
(14,16272.89,59336.87,181.24,239902.92,9975.66,7096.59)
(15,16421.71,59631.2,319.09,460995.01,9348.69,10715.0)
(16,16463.47,58292.2,296.33,441993.62,9228.21,7436.77)
(17,16626.18,56797.51,377.32,563711.61,9299.17,3615.31)
(18,16853.92,55983.52,472.55,785474.14,9528.44,1403.07)
(19,16992.18,55894.7,429.12,744866.5,10643.9,1863.97)
(20,17058.95,56792.05,493.0,918345.44,10895.44,1550.75)
(21,17135.68,57065.43,569.89,1.2422372e6,10949.38,1582.37)
(22,17237.62,57259.51,817.88,2.17583371e6,11196.8,1761.61)
(23,17150.8,56985.46,929.74,2.62873731e6,10458.31,822.03)
(24,16933.24,56993.72,219.03,453845.53,10121.27,656.2)
(25,16686.52,57677.31,161.17,219336.8,9848.24,1554.65)
(26,16487.91,58951.49,351.6,439421.77,9684.27,7147.09)
(27,16340.61,59580.21,451.19,637191.76,9417.14,9615.12)
(28,16490.63,58115.34,446.03,665437.62,9780.3,6498.84)
(29,16631.59,56631.29,538.12,848193.25,9783.59,3141.73)
(30,16716.87,56006.31,586.82,1.03235065e6,10164.24,1846.88)
(31,16838.08,55821.39,656.53,1.19404626e6,11003.96,2159.22)
(32,17000.07,56629.08,714.85,1.39914804e6,11010.52,1357.09)
(33,16976.4,57021.87,772.73,1.76778769e6,10927.51,1673.62)
(34,17061.14,57298.38,955.48,2.61978467e6,11202.51,1712.01)
(35,16871.12,57241.07,953.8,2.65593266e6,10215.43,1211.0)
(36,16547.53,57351.12,247.35,534843.15,9642.95,800.32)
(37,16321.85,58099.06,104.08,124059.12,10031.04,1688.26)
(38,16228.48,59347.85,214.67,263352.42,9193.25,7301.21)
(39,16353.43,59678.03,340.54,472744.43,9042.78,9760.46)
(40,16363.1,58308.15,380.75,572900.18,9323.87,7627.93)
(41,16544.41,56905.16,351.42,532265.13,9425.34,3682.29)
(42,16829.13,56050.01,430.86,669125.12,9419.31,2159.68)
(43,16950.0,55785.52,580.49,1.02710885e6,10454.6,3345.38)
(44,16987.76,56794.29,561.94,1.1072593e6,10858.78,2365.94)
(45,17052.96,56934.34,783.71,1.76161586e6,10945.7,2214.27)
(46,17036.39,57411.52,867.1,2.38114899e6,11251.17,1780.11)
(47,17054.8,56966.04,1045.16,3.09303917e6,10467.54,1051.79)
(48,16747.64,57094.6,303.77,723471.61,10485.27,699.49)
(49,16421.25,57956.8,146.95,185772.65,10157.09,2253.47)
(50,16291.14,59261.31,238.55,284405.25,9137.47,7325.03)
(51,16176.9,59863.35,331.75,435936.48,9046.96,10942.35)
(52,16195.87,58505.3,350.83,526437.78,9357.27,6569.68)
(53,16345.22,57031.93,423.84,641482.59,9660.46,3267.84)
(54,16617.76,56177.69,514.55,931044.44,9829.43,1689.6)
(55,16783.88,55986.18,545.94,1.09038232e6,10698.62,2265.72)
(56,16807.25,56882.1,654.66,1.47450391e6,10602.56,1332.11)
(57,17040.08,56891.11,839.8,2.26559986e6,10842.41,1584.56)
(58,16989.34,57395.53,930.13,2.77352827e6,10972.57,1965.61)
(59,16926.72,57255.5,883.78,2.4957987e6,10402.92,984.57)
(60,16709.48,57198.27,238.25,551735.36,9865.7,936.04)
(61,16429.15,57997.04,98.81,113219.68,9424.01,1915.3)
(62,16263.5,59265.44,262.06,299482.67,9203.91,7151.55)
(63,16501.27,59582.62,288.11,363340.86,9286.04,9714.91)
(64,16616.92,58071.94,363.14,514560.72,9366.25,6911.25)
(65,16995.78,56437.48,367.74,514857.43,9274.93,2304.26)
(66,17020.35,55878.31,411.34,687582.79,9306.75,1415.96)
(67,17116.04,55732.31,467.65,781518.88,10465.92,1918.72)
(68,17231.43,56612.59,499.98,1.04777356e6,10702.86,1855.55)
(69,17226.59,56872.24,672.17,1.54285896e6,10750.02,1623.34)
(70,17214.68,57290.99,809.33,1.99193709e6,10897.31,1535.05)
(71,17278.42,56932.49,855.09,2.3595778e6,9914.37,956.76)
(72,17014.73,56848.72,282.55,642239.02,9407.67,652.32)
(73,16714.78,57590.41,219.81,257718.06,9934.07,1936.09)
(74,16574.22,58951.47,265.31,323949.76,9507.07,7067.24)
(75,16686.54,59364.07,321.39,465943.68,9495.52,9086.45)
(76,16677.6,58065.38,309.02,436533.42,9235.35,6671.41)
(77,16993.92,56375.46,431.61,654137.25,9526.09,3123.86)
(78,17106.56,55748.32,455.12,745025.25,9360.94,1584.23)
(79,17120.45,55627.99,567.55,941491.31,10715.25,1663.1)
(80,17194.21,56555.15,594.64,1.27368322e6,10457.55,910.86)
(81,17260.58,56801.59,708.82,1.6635293e6,10533.57,765.01)
(82,17329.57,57199.82,785.61,2.15037647e6,10753.81,1189.44)
(83,17297.19,56940.12,828.69,2.40100318e6,10047.85,664.91)
(84,16997.83,56891.67,256.5,600141.62,9715.27,557.61)
(85,16525.31,57804.42,195.27,225545.13,9803.77,1545.15)
(86,16428.91,59050.95,311.13,368819.41,9336.14,5801.46)
(87,16236.76,59811.01,324.23,453691.03,9070.67,9151.35)
(88,16341.63,58252.03,458.34,644977.84,9381.02,6933.91)
(89,16437.03,56941.21,422.76,641614.13,9490.0,3563.49)
(90,16559.95,56170.51,579.54,1.04680568e6,9862.9,2228.57)
(91,16702.79,56094.82,518.39,957205.7,10810.48,2496.59)
(92,16720.34,56971.35,652.31,1.30275279e6,10858.65,2016.29)
(93,16750.42,57313.01,707.57,1.74542551e6,10878.47,2287.18)
(94,16776.27,57685.04,853.69,2.29802467e6,10572.25,2253.32)
(95,16789.47,57461.19,815.34,2.17720016e6,10053.4,1415.69)
(96,16338.64,57533.9,273.46,646264.17,9072.58,1336.45)
(97,15951.44,58376.58,196.98,227541.57,9198.5,1794.57)
(98,15821.9,59725.46,243.64,291462.17,9101.39,4777.26)
(99,15769.67,60325.6,276.73,371149.14,8572.13,8815.79)
(100,15707.26,59019.41,325.33,452732.21,8948.05,6977.23)
(101,15659.55,57681.28,460.18,714323.13,9296.82,3328.39)
(102,15796.11,57062.65,451.25,736441.27,9766.71,1682.67)
(103,15738.14,57124.09,453.77,760786.95,10470.72,2189.45)
(104,15779.93,58023.69,540.38,1.11090852e6,10388.27,1324.44)
(105,15805.92,58387.63,577.45,1.34873529e6,10477.22,1850.49)
(106,15772.41,58782.16,760.43,2.16219755e6,10291.79,1515.54)
(107,15766.62,58501.74,797.64,2.32173451e6,9488.54,873.98)
(108,15226.64,58696.29,223.06,474027.1,8916.03,545.99)
(109,14650.58,59695.79,178.64,204585.71,9370.89,1769.99)
(110,13977.26,61520.75,292.99,373288.97,9210.4,6249.24)
(111,13844.67,62171.73,355.6,469373.04,8796.03,8703.17)
(112,13602.19,61010.72,439.09,605889.63,9061.33,6328.32)
(113,13574.24,59757.23,469.52,725847.04,9034.34,3271.7)
(114,13371.49,59364.9,573.61,950174.81,9166.61,1571.03)
(115,13268.87,59456.22,590.91,1.01029732e6,9961.34,1922.2)
(116,13089.52,60605.92,648.55,1.23277374e6,9862.0,1337.52)
(117,12901.01,61147.73,722.25,1.58281174e6,9766.46,1627.04)
(118,12331.08,62118.13,865.79,2.33890947e6,9594.84,2936.94)
(119,11987.37,62149.36,929.26,2.58958054e6,8290.9,7126.48)
(120,9772.24,63992.12,381.64,764733.99,6358.86,2798.68)
###################
(1,18297.7,56227.3,0.0,0.0,8950.79,0.0)
(2,14501.7,55770.3,0.0,0.0,4986.58,0.0)
(3,13578.7,56149.3,0.0,0.0,4495.48,0.0)
(4,11974.4,54515.3,0.0,0.0,4449.72,0.0)
(5,13177.7,53264.3,0.0,0.0,4551.83,0.0)
(6,10945.2,52406.3,0.0,0.0,4883.91,0.0)
(7,10553.2,52133.3,0.0,0.0,6733.41,0.0)
(8,9809.63,52902.3,0.0,0.0,6370.5,0.0)
(9,9923.5,52519.7,0.0,0.0,6387.71,0.0)
(10,10251.5,53150.25,0.0,0.0,5755.69,0.0)
(11,10031.5,52157.06,0.0,0.0,5333.14,0.0)
(12,9699.5,52322.0,0.0,0.0,4436.24,0.0)
(13,8686.5,52701.0,0.0,0.0,5221.69,0.0)
(14,6239.9,53966.5,0.0,0.0,5301.96,0.0)
(15,6399.48,50763.08,0.0,0.0,5557.74,0.0)
(16,8067.83,49465.4,0.0,0.0,5076.41,0.0)
(17,9153.5,48276.95,0.0,0.0,4790.57,0.0)
(18,9703.5,47810.5,0.0,0.0,4861.54,0.0)
(19,10553.2,47816.2,0.0,0.0,6818.53,0.0)
(20,10389.5,48792.8,0.0,0.0,6736.1,0.0)
(21,10057.5,49198.45,0.0,0.0,6382.29,0.0)
(22,10243.5,48385.42,0.0,0.0,6415.76,0.0)
(23,10283.06,47682.77,0.0,0.0,5317.63,0.0)
(24,9812.5,52312.0,0.0,0.0,4804.65,0.0)
(25,9610.8,52691.0,0.0,0.0,5061.97,0.0)
(26,9699.5,50167.45,0.0,0.0,5531.57,0.0)
(27,9486.1,50719.4,0.0,0.0,5388.39,0.0)
(28,8479.19,49465.4,0.0,0.0,5068.43,0.0)
(29,9547.0,48276.95,0.0,0.0,4531.49,0.0)
(30,10057.5,47810.5,0.0,0.0,5253.92,0.0)
(31,10548.5,46172.0,0.0,0.0,6625.35,0.0)
(32,9703.3,46837.1,0.0,0.0,6779.25,0.0)
(33,9699.5,47015.3,0.0,0.0,6515.05,0.0)
(34,10030.37,47264.34,0.0,0.0,6185.4,0.0)
(35,9488.22,46790.35,0.0,0.0,5422.1,0.0)
(36,9313.5,52357.27,0.0,0.0,4853.49,0.0)
(37,9313.5,52701.0,0.0,0.0,5238.09,0.0)
(38,8782.5,51384.85,0.0,0.0,4906.92,0.0)
(39,9480.04,50719.4,0.0,0.0,4671.65,0.0)
(40,8841.62,49465.4,0.0,0.0,4542.32,0.0)
(41,9923.5,48276.95,0.0,0.0,4756.24,0.0)
(42,10018.85,47810.5,0.0,0.0,4928.5,0.0)
(43,10548.5,47816.2,0.0,0.0,6706.52,0.0)
(44,10759.2,48792.8,0.0,0.0,6892.18,0.0)
(45,10243.5,47738.06,0.0,0.0,6580.99,0.0)
(46,10243.5,47271.8,0.0,0.0,6561.08,0.0)
(47,10057.5,46589.61,0.0,0.0,5072.0,0.0)
(48,9699.5,52107.99,0.0,0.0,5364.94,0.0)
(49,8849.54,52691.0,0.0,0.0,5083.92,0.0)
(50,8015.24,50688.05,0.0,0.0,4499.0,0.0)
(51,8782.5,50719.4,0.0,0.0,5187.07,0.0)
(52,8770.13,49465.4,0.0,0.0,4840.86,0.0)
(53,8633.14,48276.95,0.0,0.0,4921.86,0.0)
(54,10759.2,47810.5,0.0,0.0,5442.1,0.0)
(55,10362.5,46387.02,0.0,0.0,6820.21,0.0)
(56,10061.5,47029.44,0.0,0.0,6546.87,0.0)
(57,10056.4,46335.56,0.0,0.0,6530.41,0.0)
(58,10031.5,46841.16,0.0,0.0,6087.09,0.0)
(59,9923.5,47958.59,0.0,0.0,4999.67,0.0)
(60,9313.5,52144.08,0.0,0.0,4938.15,0.0)
(61,9313.5,52691.0,0.0,0.0,4999.39,0.0)
(62,8408.82,50167.45,0.0,0.0,5032.06,0.0)
(63,8960.29,50719.4,0.0,0.0,5184.43,0.0)
(64,9332.7,49465.4,0.0,0.0,4738.44,0.0)
(65,9699.5,48276.95,0.0,0.0,4384.48,0.0)
(66,9923.5,47810.5,0.0,0.0,5102.48,0.0)
(67,10925.34,47816.2,0.0,0.0,6554.97,0.0)
(68,10357.15,48792.8,0.0,0.0,6706.44,0.0)
(69,10057.5,47203.91,0.0,0.0,6276.75,0.0)
(70,9699.5,47410.92,0.0,0.0,6200.37,0.0)
(71,10031.5,47430.99,0.0,0.0,4746.83,0.0)
(72,9262.58,51937.08,0.0,0.0,4638.05,0.0)
(73,9571.5,49830.65,0.0,0.0,4848.81,0.0)
(74,8945.3,50167.45,0.0,0.0,5245.3,0.0)
(75,9344.88,51581.05,0.0,0.0,5593.58,0.0)
(76,9313.5,50336.03,0.0,0.0,4709.82,0.0)
(77,10362.5,48276.95,0.0,0.0,4744.52,0.0)
(78,10945.2,47810.5,0.0,0.0,4796.95,0.0)
(79,9703.5,47816.2,0.0,0.0,6751.37,0.0)
(80,10247.5,48792.8,0.0,0.0,6448.42,0.0)
(81,10362.5,48307.94,0.0,0.0,6118.6,0.0)
(82,9703.5,47434.41,0.0,0.0,6139.33,0.0)
(83,9699.5,47594.64,0.0,0.0,5264.76,0.0)
(84,9699.5,51977.03,0.0,0.0,4625.62,0.0)
(85,9571.5,49857.2,0.0,0.0,4974.6,0.0)
(86,8418.18,50167.45,0.0,0.0,5279.03,0.0)
(87,7687.5,50719.4,0.0,0.0,4972.88,0.0)
(88,8318.29,49465.4,0.0,0.0,4760.71,0.0)
(89,9153.5,48276.95,0.0,0.0,4924.64,0.0)
(90,9699.5,47810.5,0.0,0.0,5250.27,0.0)
(91,9699.5,47816.2,0.0,0.0,6704.52,0.0)
(92,9313.5,48088.84,0.0,0.0,6867.07,0.0)
(93,9313.5,48234.09,0.0,0.0,6559.01,0.0)
(94,9637.5,47986.42,0.0,0.0,6059.46,0.0)
(95,8949.5,47472.55,0.0,0.0,5529.09,0.0)
(96,7927.17,51859.6,0.0,0.0,4052.32,0.0)
(97,7687.5,50176.95,0.0,0.0,4703.88,0.0)
(98,6274.9,51181.5,0.0,0.0,4777.75,0.0)
(99,7687.5,51691.65,0.0,0.0,4641.24,0.0)
(100,6239.9,50568.75,0.0,0.0,4502.34,0.0)
(101,7687.5,48276.95,0.0,0.0,4421.29,0.0)
(102,7687.5,47810.5,0.0,0.0,5254.63,0.0)
(103,7687.5,47816.2,0.0,0.0,6740.05,0.0)
(104,7687.5,48792.8,0.0,0.0,6637.4,0.0)
(105,6571.9,49198.45,0.0,0.0,6106.42,0.0)
(106,6273.82,48727.79,0.0,0.0,5252.54,0.0)
(107,6239.9,48017.07,0.0,0.0,4533.02,0.0)
(108,6000.85,52203.8,0.0,0.0,4084.71,0.0)
(109,5657.9,51013.26,0.0,0.0,4520.38,0.0)
(110,5473.7,51029.8,0.0,0.0,4306.6,0.0)
(111,5473.7,50719.4,0.0,0.0,4390.8,0.0)
(112,5233.7,49465.4,0.0,0.0,4637.6,0.0)
(113,5233.7,48276.95,0.0,0.0,4488.75,0.0)
(114,5233.7,47810.5,0.0,0.0,4765.73,0.0)
(115,5096.7,47816.2,0.0,0.0,6572.41,0.0)
(116,4334.2,46903.7,0.0,0.0,6225.56,0.0)
(117,4329.2,48195.28,0.0,0.0,5480.24,0.0)
(118,4297.7,47271.8,0.0,0.0,4359.96,0.0)
(119,4198.5,46349.46,0.0,0.0,3095.16,0.0)
(120,4198.5,49820.35,0.0,0.0,440.6,0.0)
###################
(1,18297.7,56227.3,0.0,0.0,8950.79,0.0)
(2,20020.7,61289.3,0.0,0.0,13480.0,0.0)
(3,20222.7,62793.3,0.0,0.0,11612.36,20494.14)
(4,20536.7,63077.6,0.0,0.0,12162.88,20708.04)
(5,20536.7,60623.3,0.0,0.0,12491.51,10266.95)
(6,20795.7,62364.8,0.0,0.0,12247.5,3702.94)
(7,20927.7,62762.8,271.03,309732.56,14147.29,6232.87)
(8,21158.7,64534.37,387.27,506757.44,14394.5,6505.02)
(9,21346.1,64847.5,1226.13,1.85040086e6,14543.5,11194.66)
(10,21605.1,64722.75,1108.52,2.06071917e6,15015.3,10606.82)
(11,21675.1,65034.5,2175.02,5.65536442e6,14465.5,4976.05)
(12,21575.1,64446.5,924.66,2.17143142e6,14163.5,4730.59)
(13,21824.0,65838.5,0.0,0.0,15852.2,9699.82)
(14,21824.0,69551.1,0.0,0.0,13590.5,31675.2)
(15,21834.0,69972.52,3818.6,4.36389608e6,12951.86,41140.27)
(16,21824.0,66984.17,3752.6,4.28847128e6,12838.99,26299.05)
(17,21834.0,64647.5,3690.05,4.21698914e6,14202.5,14994.67)
(18,21834.0,63606.5,3665.5,4.1889334e6,13879.56,8659.69)
(19,21834.0,62762.8,3665.8,4.18927624e6,14405.5,12396.28)
(20,21834.0,63823.67,3717.2,4.24801616e6,14409.5,10146.71)
(21,21834.0,64713.5,3738.55,4.27241494e6,14543.5,10462.12)
(22,21834.0,65071.5,5141.27,1.02224254e7,14531.9,12154.65)
(23,21834.0,64674.05,5565.64,1.157543458e7,14555.5,5687.98)
(24,21824.0,64333.5,1061.92,2.52196641e6,14163.5,4098.04)
(25,21834.0,64914.2,0.0,0.0,14287.0,9183.11)
(26,21834.0,66091.5,3789.55,4.33069774e6,13429.5,33425.91)
(27,21834.0,66885.9,3818.6,4.36389608e6,13342.5,38769.23)
(28,21834.0,66572.81,3752.6,4.28847128e6,13884.5,24921.88)
(29,21834.0,64254.0,3690.05,4.21698914e6,14217.5,10373.37)
(30,21834.0,63252.5,3665.5,4.1889334e6,14314.5,10708.22)
(31,21834.0,62767.5,6226.1,1.064315485e7,14405.5,12815.11)
(32,21834.0,64640.7,6363.39,1.142481505e7,14409.5,8356.53)
(33,21834.0,65071.5,6385.52,1.15220831e7,14543.5,12189.75)
(34,21834.0,65257.5,6438.1,1.241895157e7,15146.37,12338.07)
(35,21834.0,65368.5,6441.65,1.253722038e7,14304.5,7691.87)
(36,21788.0,64832.5,1182.44,3.36311914e6,14124.2,4516.11)
(37,21824.0,65211.5,0.0,0.0,14287.0,10181.87)
(38,21834.0,67008.5,2927.2,3.34520416e6,13429.5,32232.12)
(39,21834.0,66891.96,3818.6,4.36389608e6,13102.67,36614.27)
(40,21834.0,66210.38,3752.6,4.28847128e6,13248.17,27181.98)
(41,21834.0,63877.5,3690.05,4.21698914e6,14217.5,13449.91)
(42,21834.0,63291.15,3665.5,4.1889334e6,13883.19,12909.13)
(43,21834.0,62767.5,3665.8,4.18927624e6,14390.5,21483.2)
(44,21834.0,63584.8,3717.2,4.71098243e6,14409.5,14715.74)
(45,21834.0,64527.5,5351.63,9.59563279e6,14543.5,12286.36)
(46,21834.0,65071.5,6438.1,1.161497621e7,14445.5,12210.49)
(47,21834.0,65008.5,6642.39,1.275327842e7,14698.3,6080.09)
(48,21585.1,64446.5,1102.57,3.07751078e6,14163.5,3595.29)
(49,21834.0,65664.45,170.82,195213.37,14287.0,12372.81)
(50,21834.0,67775.76,3340.83,3.81790428e6,12729.1,37202.21)
(51,21834.0,67589.5,3818.6,4.36389608e6,12393.71,39748.86)
(52,21834.0,66281.87,3752.6,4.28847128e6,13869.5,23999.41)
(53,21834.0,65158.62,3690.05,4.21698914e6,14217.5,11511.4)
(54,21834.0,62550.8,3665.5,4.1889334e6,14299.5,9695.82)
(55,21834.0,62953.5,5094.98,7.92176632e6,14405.5,14402.44)
(56,21834.0,64282.5,5849.43,1.015124194e7,14409.5,7769.64)
(57,21834.0,64713.5,6871.12,1.217352886e7,14543.5,11374.79)
(58,21834.0,65257.5,6766.52,1.223974497e7,14445.5,13577.16)
(59,21834.0,65142.5,5325.59,1.127343462e7,14468.8,6194.61)
(60,21824.0,64832.5,1063.13,2.61486215e6,14801.3,5029.15)
(61,21834.0,65211.5,0.0,0.0,13670.5,11017.89)
(62,21834.0,67382.18,3789.55,4.33069774e6,13429.5,32512.09)
(63,21834.0,67411.71,3818.6,4.36389608e6,13357.5,36263.41)
(64,21834.0,65719.3,3752.6,4.28847128e6,13461.48,23693.79)
(65,21834.0,64101.5,3690.05,4.21698914e6,14217.5,9355.1)
(66,21834.0,63386.5,3665.5,4.1889334e6,14314.5,8439.47)
(67,21834.0,62390.66,3665.8,4.18927624e6,14405.5,14706.35)
(68,21834.0,63981.5,3717.2,4.34457136e6,14409.5,11337.23)
(69,21834.0,64713.5,5867.28,1.0218187e7,14543.5,10527.87)
(70,21834.0,65615.5,6269.58,1.112318018e7,14445.5,10571.44)
(71,21834.0,65008.5,5828.37,1.157940776e7,14304.5,6722.34)
(72,21824.0,64883.42,1115.76,2.64146564e6,14148.5,3554.42)
(73,21834.0,64953.5,3123.36,3.56937828e6,14520.3,9832.77)
(74,21834.0,66845.7,3789.55,4.33069774e6,14441.2,31759.39)
(75,21834.0,67027.12,3282.25,3.7509553e6,13357.5,35171.12)
(76,21834.0,65738.5,3223.15,3.68341582e6,13884.5,23702.36)
(77,21834.0,63438.5,3690.05,4.21698914e6,14315.5,12352.64)
(78,21834.0,62364.8,3665.5,4.1889334e6,14314.5,9894.97)
(79,21834.0,63612.5,3665.8,4.18927624e6,14405.5,10285.48)
(80,21834.0,64096.5,3717.2,4.49014452e6,14409.5,5607.29)
(81,21834.0,64408.5,4815.57,8.03181043e6,14625.0,4991.66)
(82,21834.0,65611.5,6098.88,1.161497621e7,14508.5,8225.26)
(83,21834.0,65366.5,5685.32,1.146862096e7,14304.5,3495.28)
(84,21824.0,64446.5,1229.95,3.23126143e6,14065.5,1646.65)
(85,21834.0,64953.5,2860.35,3.26880798e6,14287.0,9406.0)
(86,21834.0,67372.82,3789.55,4.33069774e6,13432.61,28313.9)
(87,21834.0,68684.5,3818.6,4.36389608e6,13357.5,38686.19)
(88,21834.0,66733.71,3752.6,4.28847128e6,13884.5,25976.66)
(89,21834.0,64647.5,3690.05,4.21698914e6,14217.5,13711.05)
(90,21834.0,63610.5,3665.5,4.63932986e6,14314.5,13615.39)
(91,21834.0,63616.5,3665.8,4.18927624e6,14405.5,16533.31)
(92,21834.0,65030.5,4426.6,6.36135704e6,14409.5,11856.81)
(93,21834.0,65457.5,5317.9,9.59402339e6,14543.5,14848.17)
(94,21834.0,65615.5,5523.01,1.099337492e7,14445.5,14597.48)
(95,21834.0,66116.5,5767.4,1.207788012e7,14304.5,10419.38)
(96,21824.0,66154.94,1183.66,3.23018134e6,13485.0,9951.04)
(97,21824.0,66837.5,2860.35,3.26880798e6,13566.41,11652.35)
(98,21834.0,69516.1,2927.2,3.34520416e6,13429.5,26029.62)
(99,21834.0,68684.5,2956.95,3.37920246e6,12512.42,34338.68)
(100,21834.0,68812.1,3223.15,3.68341582e6,13884.5,25470.65)
(101,21834.0,66113.5,3690.05,4.21698914e6,14217.5,12091.07)
(102,21834.0,65622.5,3665.5,4.1889334e6,14314.5,9126.12)
(103,21834.0,65628.5,3665.8,4.18927624e6,14405.5,13356.48)
(104,21834.0,66656.5,3717.2,4.24801616e6,14409.5,8071.87)
(105,21834.0,68199.1,3738.55,4.76037401e6,14543.5,12566.56)
(106,21834.0,69040.1,4753.21,8.49706328e6,14445.5,10401.12)
(107,21834.0,68826.1,5214.93,9.79038858e6,14304.5,6357.99)
(108,21788.0,68089.33,1068.04,2.59590543e6,13609.65,1985.12)
(109,21834.0,68867.1,1677.74,1.91732406e6,14287.0,10901.41)
(110,21834.0,70317.3,3255.4,3.72027112e6,14287.0,27423.25)
(111,21834.0,70898.3,3818.6,4.36389608e6,13357.5,32632.24)
(112,21834.0,69818.3,3752.6,4.28847128e6,13884.5,22138.03)
(113,21834.0,68567.3,3690.05,4.21698914e6,13928.56,10948.0)
(114,21834.0,68076.3,3665.5,4.1889334e6,14299.5,10624.1)
(115,21834.0,68219.3,3665.8,4.18927624e6,14390.5,11855.89)
(116,21834.0,70009.8,5906.58,1.033061953e7,14027.07,9572.05)
(117,21834.0,70441.8,5025.85,7.88996488e6,14528.5,11885.47)
(118,21834.0,71017.3,6430.0,1.14369442e7,14202.72,15943.92)
(119,21834.0,70867.5,6918.27,1.378265937e7,12859.07,38334.16)
(120,21585.1,69947.5,2653.32,3.77361428e6,11632.82,16002.91)
###################
