(1,0.0)
(2,2183.95)
(3,1215.06)
(4,935.21)
(5,2172.69)
(6,3762.36)
(7,5226.55)
(8,5279.58)
(9,5611.47)
(10,9349.01)
(11,9113.56)
(12,8829.62)
(13,9073.03)
(14,8886.89)
(15,5972.02)
(16,4022.2)
(17,3920.72)
(18,5084.63)
(19,5773.81)
(20,5938.8)
(21,7012.83)
(22,10595.26)
(23,10948.86)
(24,11506.8)
(25,11187.52)
(26,9831.8)
(27,6974.07)
(28,4970.41)
(29,4832.62)
(30,5225.76)
(31,6374.31)
(32,6327.78)
(33,6715.37)
(34,9158.16)
(35,9542.87)
(36,8342.19)
(37,7709.38)
(38,5858.62)
(39,3936.59)
(40,2833.41)
(41,3159.54)
(42,4441.72)
(43,5597.94)
(44,5977.69)
(45,7436.3)
(46,8823.09)
(47,10431.36)
(48,11389.02)
(49,11484.54)
(50,10082.82)
(51,6744.8)
(52,4226.61)
(53,4022.25)
(54,4167.51)
(55,4867.43)
(56,4863.98)
(57,6016.02)
(58,8356.06)
(59,9179.64)
(60,9461.03)
(61,7489.96)
(62,6595.59)
(63,4897.69)
(64,3563.38)
(65,3756.46)
(66,4476.27)
(67,5524.27)
(68,5713.87)
(69,6867.14)
(70,8736.5)
(71,8836.27)
(72,7358.52)
(73,7137.86)
(74,6895.69)
(75,4889.17)
(76,3698.02)
(77,3754.56)
(78,5007.38)
(79,5770.62)
(80,5470.17)
(81,6837.31)
(82,10029.2)
(83,10271.84)
(84,10171.95)
(85,9151.95)
(86,7911.05)
(87,5579.09)
(88,3236.58)
(89,2980.27)
(90,3712.52)
(91,4402.74)
(92,4247.2)
(93,4959.9)
(94,6096.97)
(95,7269.6)
(96,8336.75)
(97,8039.04)
(98,7188.0)
(99,4896.09)
(100,3609.02)
(101,3936.99)
(102,4984.03)
(103,5734.05)
(104,6011.55)
(105,7365.9)
(106,9353.23)
(107,9710.29)
(108,9463.55)
(109,9291.49)
(110,9631.05)
(111,7080.4)
(112,4861.11)
(113,4453.53)
(114,5070.3)
(115,6031.38)
(116,5521.62)
(117,6584.24)
(118,7738.04)
(119,5479.18)
(120,3748.76)
###################
(1,0.0)
(2,0.0)
(3,0.0)
(4,0.0)
(5,0.0)
(6,0.0)
(7,0.0)
(8,0.0)
(9,0.0)
(10,0.0)
(11,0.0)
(12,0.0)
(13,0.0)
(14,0.0)
(15,0.0)
(16,0.0)
(17,0.0)
(18,0.0)
(19,0.0)
(20,0.0)
(21,0.0)
(22,0.0)
(23,0.0)
(24,0.0)
(25,0.0)
(26,0.0)
(27,0.0)
(28,0.0)
(29,0.0)
(30,0.0)
(31,0.0)
(32,0.0)
(33,0.0)
(34,0.0)
(35,0.0)
(36,0.0)
(37,0.0)
(38,0.0)
(39,0.0)
(40,0.0)
(41,0.0)
(42,0.0)
(43,0.0)
(44,0.0)
(45,0.0)
(46,0.0)
(47,0.0)
(48,0.0)
(49,0.0)
(50,0.0)
(51,0.0)
(52,0.0)
(53,0.0)
(54,0.0)
(55,0.0)
(56,0.0)
(57,0.0)
(58,0.0)
(59,0.0)
(60,0.0)
(61,0.0)
(62,0.0)
(63,0.0)
(64,0.0)
(65,0.0)
(66,0.0)
(67,0.0)
(68,0.0)
(69,0.0)
(70,0.0)
(71,0.0)
(72,0.0)
(73,0.0)
(74,0.0)
(75,0.0)
(76,0.0)
(77,0.0)
(78,0.0)
(79,0.0)
(80,0.0)
(81,0.0)
(82,0.0)
(83,0.0)
(84,0.0)
(85,0.0)
(86,0.0)
(87,0.0)
(88,0.0)
(89,0.0)
(90,0.0)
(91,0.0)
(92,0.0)
(93,0.0)
(94,0.0)
(95,0.0)
(96,0.0)
(97,0.0)
(98,0.0)
(99,0.0)
(100,0.0)
(101,0.0)
(102,0.0)
(103,0.0)
(104,0.0)
(105,0.0)
(106,0.0)
(107,0.0)
(108,0.0)
(109,0.0)
(110,0.0)
(111,0.0)
(112,0.0)
(113,0.0)
(114,0.0)
(115,0.0)
(116,0.0)
(117,0.0)
(118,0.0)
(119,0.0)
(120,0.0)
###################
(1,0.0)
(2,10221.7)
(3,8904.72)
(4,7739.48)
(5,15588.16)
(6,19617.2)
(7,19617.2)
(8,19617.2)
(9,19617.2)
(10,19617.2)
(11,19617.2)
(12,19617.2)
(13,19617.2)
(14,19617.2)
(15,19617.2)
(16,19138.29)
(17,19617.2)
(18,19617.2)
(19,19617.2)
(20,19617.2)
(21,19617.2)
(22,19617.2)
(23,19617.2)
(24,19617.2)
(25,19617.2)
(26,19617.2)
(27,19617.2)
(28,19617.2)
(29,19617.2)
(30,19617.2)
(31,19617.2)
(32,19617.2)
(33,19617.2)
(34,19617.2)
(35,19617.2)
(36,19617.2)
(37,19617.2)
(38,19617.2)
(39,19146.09)
(40,17260.72)
(41,19617.2)
(42,19617.2)
(43,19617.2)
(44,19617.2)
(45,19617.2)
(46,19617.2)
(47,19617.2)
(48,19617.2)
(49,19617.2)
(50,19617.2)
(51,19617.2)
(52,18208.33)
(53,19617.2)
(54,19617.2)
(55,19617.2)
(56,19617.2)
(57,19617.2)
(58,19617.2)
(59,19617.2)
(60,19617.2)
(61,19617.2)
(62,19617.2)
(63,19460.55)
(64,17663.49)
(65,19617.2)
(66,19617.2)
(67,19617.2)
(68,19617.2)
(69,19617.2)
(70,19617.2)
(71,19617.2)
(72,19617.2)
(73,19617.2)
(74,19617.2)
(75,19617.2)
(76,18178.72)
(77,19617.2)
(78,19617.2)
(79,19617.2)
(80,19617.2)
(81,19617.2)
(82,19617.2)
(83,19617.2)
(84,19617.2)
(85,19617.2)
(86,19617.2)
(87,19617.2)
(88,16391.13)
(89,19617.2)
(90,19617.2)
(91,19617.2)
(92,19617.2)
(93,19617.2)
(94,19617.2)
(95,19617.2)
(96,19617.2)
(97,19617.2)
(98,19617.2)
(99,18788.72)
(100,18975.65)
(101,19617.2)
(102,19617.2)
(103,19617.2)
(104,19617.2)
(105,19617.2)
(106,19617.2)
(107,19617.2)
(108,19617.2)
(109,19617.2)
(110,19617.2)
(111,19617.2)
(112,17544.77)
(113,19617.2)
(114,19617.2)
(115,19617.2)
(116,19617.2)
(117,19617.2)
(118,19617.2)
(119,19617.2)
(120,18996.35)
###################
