(1,86551.29)
(2,112223.92)
(3,134385.11)
(4,141381.54)
(5,138903.65)
(6,132021.61)
(7,120989.74)
(8,105490.86)
(9,90002.91)
(10,76614.25)
(11,67716.79)
(12,75263.7)
(13,100301.37)
(14,128307.98)
(15,148296.31)
(16,155214.29)
(17,152809.42)
(18,145503.45)
(19,133956.2)
(20,117694.49)
(21,100084.74)
(22,85402.97)
(23,77482.21)
(24,84115.6)
(25,107730.09)
(26,131959.52)
(27,150428.18)
(28,156514.24)
(29,154221.96)
(30,147674.12)
(31,136468.12)
(32,121220.94)
(33,105727.74)
(34,91647.9)
(35,83311.79)
(36,90361.05)
(37,113231.02)
(38,134202.85)
(39,148823.08)
(40,152848.11)
(41,149624.82)
(42,142380.35)
(43,130841.32)
(44,115092.68)
(45,100374.13)
(46,88392.14)
(47,81593.49)
(48,88829.08)
(49,110322.77)
(50,134630.99)
(51,152520.11)
(52,158515.51)
(53,156187.74)
(54,149303.09)
(55,137131.76)
(56,120658.22)
(57,105247.07)
(58,91905.03)
(59,83748.04)
(60,91237.48)
(61,114138.34)
(62,137924.93)
(63,155123.61)
(64,160391.93)
(65,158479.51)
(66,152086.46)
(67,140793.06)
(68,124225.42)
(69,107778.28)
(70,93932.1)
(71,85774.17)
(72,93360.59)
(73,116599.86)
(74,139973.66)
(75,156377.24)
(76,161905.47)
(77,159524.33)
(78,152615.32)
(79,140772.81)
(80,124357.91)
(81,108660.83)
(82,95044.56)
(83,86053.14)
(84,90631.04)
(85,109838.14)
(86,131314.83)
(87,149074.41)
(88,154595.58)
(89,151502.3)
(90,144212.65)
(91,132381.03)
(92,115917.1)
(93,99957.61)
(94,86200.49)
(95,78382.31)
(96,86243.03)
(97,108212.45)
(98,133110.5)
(99,152001.32)
(100,157885.38)
(101,155192.41)
(102,147628.64)
(103,134425.76)
(104,116459.96)
(105,98811.96)
(106,84198.84)
(107,74260.35)
(108,78892.07)
(109,98909.51)
(110,118571.94)
(111,132990.25)
(112,134775.96)
(113,127072.71)
(114,114819.02)
(115,97539.84)
(116,75639.79)
(117,53790.03)
(118,35691.85)
(119,21875.18)
(120,22652.75)
###################
(1,86551.29)
(2,94576.76)
(3,102526.27)
(4,102078.8)
(5,92272.35)
(6,79033.69)
(7,65507.87)
(8,47633.0)
(9,29874.62)
(10,14540.7)
(11,4210.39)
(12,11212.57)
(13,31055.26)
(14,56041.35)
(15,72342.76)
(16,77092.23)
(17,74745.65)
(18,65448.27)
(19,54618.83)
(20,39580.04)
(21,23488.18)
(22,9177.7)
(23,0.0)
(24,5980.4)
(25,25819.11)
(26,46964.66)
(27,65659.83)
(28,67781.8)
(29,63108.7)
(30,55334.74)
(31,43396.79)
(32,28357.38)
(33,13910.38)
(34,4638.04)
(35,0.0)
(36,8467.41)
(37,28793.47)
(38,47402.84)
(39,63106.47)
(40,69889.96)
(41,65397.88)
(42,56480.48)
(43,44599.13)
(44,29734.3)
(45,14737.78)
(46,4864.14)
(47,0.0)
(48,6818.04)
(49,25718.57)
(50,48609.78)
(51,66571.72)
(52,72854.12)
(53,69170.04)
(54,61416.53)
(55,50027.23)
(56,36856.14)
(57,21813.27)
(58,10148.69)
(59,1623.76)
(60,10546.25)
(61,29624.07)
(62,53022.79)
(63,69500.18)
(64,74904.9)
(65,69709.64)
(66,61696.27)
(67,51221.2)
(68,35510.36)
(69,19073.39)
(70,7640.34)
(71,0.0)
(72,8453.98)
(73,30677.22)
(74,52850.33)
(75,67645.97)
(76,72267.81)
(77,70022.76)
(78,62376.77)
(79,51088.44)
(80,36390.71)
(81,21726.01)
(82,9658.82)
(83,1510.96)
(84,8513.78)
(85,27119.02)
(86,48796.74)
(87,64170.4)
(88,67337.07)
(89,65850.95)
(90,56963.5)
(91,44898.02)
(92,30644.98)
(93,17034.69)
(94,6604.22)
(95,0.0)
(96,8409.48)
(97,28145.02)
(98,51209.83)
(99,70603.81)
(100,75277.57)
(101,70487.57)
(102,61938.56)
(103,47867.81)
(104,33133.33)
(105,18655.46)
(106,7837.64)
(107,810.79)
(108,8520.41)
(109,28963.29)
(110,48126.26)
(111,65477.6)
(112,70541.68)
(113,67386.25)
(114,60086.02)
(115,48373.21)
(116,34070.7)
(117,18616.19)
(118,5707.89)
(119,0.0)
(120,0.0)
###################
(1,86551.29)
(2,130978.71)
(3,173435.75)
(4,194589.9)
(5,198920.96)
(6,197457.6)
(7,187681.1)
(8,172892.86)
(9,160346.16)
(10,146707.03)
(11,141915.32)
(12,151266.27)
(13,181779.14)
(14,200717.6)
(15,200717.6)
(16,200717.6)
(17,200717.6)
(18,200717.6)
(19,194274.35)
(20,180473.18)
(21,164967.94)
(22,152246.26)
(23,146490.95)
(24,156901.76)
(25,185156.73)
(26,200717.6)
(27,200717.6)
(28,200717.6)
(29,200717.6)
(30,200717.6)
(31,194793.1)
(32,181454.44)
(33,167473.97)
(34,155765.88)
(35,146777.79)
(36,156340.49)
(37,188829.93)
(38,200717.6)
(39,200717.6)
(40,200717.6)
(41,200717.6)
(42,200717.6)
(43,193740.94)
(44,180677.55)
(45,169253.11)
(46,158066.27)
(47,151814.61)
(48,161436.29)
(49,188398.85)
(50,200717.6)
(51,200717.6)
(52,200717.6)
(53,200717.6)
(54,200717.6)
(55,196027.81)
(56,184552.69)
(57,172869.75)
(58,161920.02)
(59,154668.58)
(60,165727.75)
(61,196797.4)
(62,200717.6)
(63,200717.6)
(64,200717.6)
(65,200717.6)
(66,200717.6)
(67,193836.37)
(68,178697.38)
(69,164786.56)
(70,152446.74)
(71,147143.6)
(72,159760.13)
(73,189882.55)
(74,200717.6)
(75,200717.6)
(76,200717.6)
(77,200717.6)
(78,200717.6)
(79,195504.77)
(80,181906.43)
(81,167397.25)
(82,153897.91)
(83,145669.83)
(84,153871.96)
(85,179978.86)
(86,200717.6)
(87,200717.6)
(88,200717.6)
(89,200717.6)
(90,200717.6)
(91,195341.4)
(92,182034.34)
(93,168167.32)
(94,155057.26)
(95,148195.89)
(96,157910.59)
(97,188603.91)
(98,200717.6)
(99,200717.6)
(100,200717.6)
(101,200717.6)
(102,200717.6)
(103,192951.72)
(104,177671.6)
(105,163525.8)
(106,150186.71)
(107,140365.13)
(108,146182.05)
(109,180047.55)
(110,200717.6)
(111,200717.6)
(112,200717.6)
(113,196218.4)
(114,187523.23)
(115,170578.25)
(116,149590.65)
(117,128234.0)
(118,109450.94)
(119,97489.18)
(120,103534.53)
###################
