2.551057300194097e8, 2.96241732868534e8
3.305796067772731e8, 3.891504392913228e8
2.038563398975313e8, 2.4761852267668322e8
1.232382003581097e8, 1.5653844063156947e8
1.3036305675649232e8, 2.0767771737715632e8
1.747535365882191e8, 2.675897802124139e8
2.236428451794397e8, 2.861140799261764e8
3.339792740948609e8, 3.9788786111299914e8
3.5164669205934197e8, 4.230228267766417e8
1.647425695167553e8, 2.379707512999442e8
1.2903640783807638e8, 1.820144740421816e8
5.636736666587791e8, 6.524115840196755e8
1.8990942652082157e8, 2.525112466032489e8
1.7175457931032142e8, 2.370396201028486e8
1.2458538387995233e8, 2.0529920793569535e8
1.1570685190139936e8, 1.484063798942728e8
1.7914847475413206e8, 2.4203951507842124e8
2.994779601261351e8, 4.490084496476938e8
1.2225431452877328e8, 1.953321691713021e8
1.5506892561282128e8, 2.1119051397336414e8
1.7200062914740348e8, 2.8558959082403183e8
1.7222753251978734e8, 2.37667573643731e8
1.534783376339311e8, 2.53751229811284e8
3.21317916190627e8, 3.727368244058612e8
1.4188727707473138e8, 2.1261255375928208e8
3.207148683201403e8, 4.303828498141132e8
1.493480868395678e8, 2.187550504141383e8
9.550876987952939e7, 1.8282800083573145e8
3.8534976042618537e8, 4.565750487609292e8
1.3102348458849294e8, 1.7793296431139112e8
1.013644488512564e8, 1.7561971503721404e8
3.6215335525298333e8, 4.050938101399214e8
1.598313632131285e8, 2.5578139489286083e8
1.4041519707733813e8, 2.2540740373630226e8
1.929717975485216e8, 2.4265076272283733e8
1.964869719906268e8, 2.7159104922125304e8
4.527991545965287e8, 5.528148563402497e8
1.5020486895322165e8, 2.104322028068002e8
1.650255704536605e8, 2.4504599176881856e8
1.474545068770943e8, 2.6914723846635455e8
3.195226969388395e8, 4.163341919523507e8
1.831369542235581e8, 2.3195086723236796e8
9.129175618374753e7, 1.4470445572936815e8
3.06537000966011e8, 3.991621623301629e8
1.729061318582302e8, 2.5482696336685184e8
2.287206765662137e8, 3.953048267039873e8
1.4118245270164517e8, 1.942252991135276e8
1.8219720971687672e8, 2.8063949454791665e8
1.1819334670903985e8, 1.7871261663429824e8
1.635162233641956e8, 2.3634452302204958e8
1.3605692332620054e8, 3.069129601220449e8
1.2578388566339426e8, 1.8844526463203964e8
1.3795237129283333e8, 2.565853380062836e8
1.8460997361371323e8, 2.3348563575104794e8
1.539910055907223e8, 2.1590456247963458e8
3.441200575762077e8, 4.6986244469265753e8
2.8893093382432985e8, 4.900298131356281e8
1.4376718892143556e8, 2.1236124260744998e8
1.4860844565794677e8, 3.690987285207271e8
1.1359856609451786e8, 2.646939065284172e8
1.214464087319281e8, 1.6508008545684612e8
1.1894670783770387e8, 1.4968196030708507e8
2.1033100083854195e8, 2.776287738237925e8
3.310372304185863e8, 4.691727475588072e8
1.237512531182764e8, 1.8819891397970012e8
2.828463760162682e8, 3.4925794900817645e8
1.5847204647939005e8, 2.1819524987501973e8
1.477713080373198e8, 2.0348767056151146e8
5.0941123833529913e8, 5.939656732398802e8
2.5453683109087828e8, 3.1158596715846e8
4.1596510616980076e8, 4.617907081628938e8
1.1179618177338104e8, 1.63800857108855e8
1.4511130069820854e8, 2.0787534494631517e8
1.4786289906635803e8, 2.1093666550041428e8
1.7207608610007635e8, 2.0619223312113795e8
1.6942431734355503e8, 2.563299828280304e8
1.3994965414862072e8, 2.1773340579627892e8
1.244229464049626e8, 1.8996055906218362e8
1.928020691597631e8, 2.5857924038713297e8
3.08213121007724e8, 3.444504160315115e8
1.6734624941586688e8, 2.8927699034916544e8
2.5985746082020932e8, 3.251887874775585e8
1.683316821612829e8, 2.0614949425121894e8
2.3230194008894178e8, 3.851761042717985e8
1.2532413511363402e8, 2.0303960118694615e8
1.325650219328938e8, 2.1194608248926443e8
1.7096136189291608e8, 2.441755874029946e8
1.029852516642041e8, 1.7151143094888192e8
1.987805525022152e8, 2.4682970227771315e8
1.5226452744384348e8, 2.0912680333887076e8
1.8945125503271478e8, 2.620405655902521e8
1.9286773615982354e8, 2.630382519627691e8
1.5241861853438708e8, 2.2141107248471072e8
1.3913010540010527e8, 2.2103965794398344e8
1.5648481925211596e8, 2.0791154782501674e8
2.014149488024197e8, 2.6803268621613497e8
1.991975911938644e8, 2.4629072428750935e8
7.672511372571215e7, 1.1474674433209142e8
1.2062409047793968e8, 1.9226519859546465e8
1.7715678990526065e8, 2.830558249865593e8
1.6442436688353208e8, 2.2725853386667874e8
1.2602880765983054e8, 2.3727983534950373e8
1.9243618480188516e8, 2.751934545029201e8
1.9036686818893063e8, 2.2830424586081013e8
1.6561119848375958e8, 3.007498320556468e8
1.5508003705212632e8, 2.4426654207043505e8
1.5629960357008335e8, 2.784187698087473e8
1.3799850020409587e8, 1.8436116212155998e8
9.759195830942076e7, 1.7775515759832352e8
1.404380376921095e8, 2.21089835645522e8
1.134967348098796e8, 1.8841376736547872e8
1.6407705202725548e8, 2.1281275826426542e8
1.5744280145050642e8, 2.4993878850385964e8
1.0171285750479221e8, 2.0950412188405177e8
1.9070307534032735e8, 3.198211538114965e8
3.1743866321532303e8, 4.2758727840547985e8
2.1865089630420962e8, 3.313653416569893e8
1.5222492802377278e8, 2.0732179127108505e8
4.156425268793291e8, 5.875594178616092e8
1.4874859131529933e8, 1.9992392556961906e8
1.6731880177559018e8, 2.3757995843757647e8
1.555844899803941e8, 2.0006738309299934e8
1.4625161232621342e8, 1.9111103259378585e8
2.241242393820055e8, 2.8760343165748584e8
1.8592654368620425e8, 2.4072886205898032e8
1.351631127790773e8, 2.0693894905425298e8
1.2960615131953186e8, 1.8201934904589513e8
2.187503677189523e8, 2.9657150022160006e8
1.4428339539698815e8, 1.760828752499178e8
1.8651804527518862e8, 2.3748175529231498e8
2.2955062259047157e8, 3.6640802457982427e8
1.5285868468509296e8, 2.3935921452914438e8
1.5333977748951152e8, 2.2204469645922443e8
1.8634304818169942e8, 2.2659853775674707e8
1.8526834854570803e8, 2.6398801380275783e8
1.2791271857198378e8, 1.8610974806493184e8
1.388658210362022e8, 2.319086723124275e8
1.403447008593254e8, 2.0609794414208665e8
3.0224892865535593e8, 4.5252658077006215e8
1.457387941863098e8, 2.3839662028977728e8
2.655423743474989e8, 3.3908693640637016e8
4.6653029934475e8, 5.029970100113604e8
1.5902987518957284e8, 2.5100333301347715e8
3.062102391617216e8, 6.654562041526438e8
2.5175836021000117e8, 3.700836550952845e8
1.9543807592796344e8, 3.167550696301619e8
1.6103195526304892e8, 2.4169403147954595e8
1.396288423611882e8, 2.3535475310364366e8
1.2462074663071163e8, 2.1453790270264336e8
1.2961165022147745e8, 2.235276837994022e8
1.8324444809406722e8, 2.4597183826584846e8
1.22046043853375e8, 1.8594844492739338e8
3.128076613604086e8, 3.757125852227519e8
1.369932083229944e8, 2.6707572977876195e8
1.4733561301569062e8, 2.1716720892222834e8
1.0853860015738787e8, 1.6683271331990236e8
2.0880920331674373e8, 2.943849031240668e8
1.547353118183817e8, 2.5720469602283308e8
1.7208267253786296e8, 1.9694248114061588e8
2.9024401024116206e8, 3.7995039788876766e8
2.7577666966791886e8, 3.586629857846598e8
3.255562596559605e8, 5.664598371857502e8
1.3650126886870122e8, 1.8605737966900206e8
1.601590729599131e8, 1.9476168743425977e8
1.0810047524317901e8, 2.3691767769613603e8
3.087018957862193e8, 3.5064598277032435e8
1.390908312958708e8, 2.1735074082360986e8
1.779321054573753e8, 2.3029789325973275e8
1.7126000171967927e8, 2.2414357072218117e8
1.8826275018123466e8, 2.721253292836937e8
2.1081029364096916e8, 2.788923239391254e8
1.3044438846637383e8, 1.9857258673026237e8
1.477644254797005e8, 1.9159788612594184e8
1.2757549447157288e8, 1.657478836410934e8
1.3255328585917573e8, 1.9656580867650092e8
1.8880367305024648e8, 2.514370354708899e8
1.8235324530602095e8, 2.3166245410119593e8
1.4072085779105926e8, 1.9047799853156173e8
1.40956659964396e8, 2.0415873154588404e8
2.3624690021235868e8, 3.113369750197382e8
1.5024207722944325e8, 2.1691778996521962e8
5.093013830155723e8, 5.919885138239324e8
2.5392535974942628e8, 3.454085344515437e8
1.093305278527733e8, 2.015427917271382e8
2.2743950140372893e8, 2.8100381520053244e8
2.2832365733261317e8, 3.1991231139898866e8
1.3563286828026935e8, 1.851764426923753e8
1.313400564035559e8, 1.9887820093513542e8
1.3295000445132734e8, 2.0212089620788226e8
5.2929048521837384e8, 5.931300306873592e8
2.1521174385577717e8, 2.8057276220916873e8
1.6862168176742417e8, 2.9832119120610726e8
1.3256834405364628e8, 2.109181890742799e8
1.4421836501887387e8, 1.904863684044894e8
1.9077479977782688e8, 2.8918093101153576e8
1.6529424986865363e8, 2.4358038978588587e8
1.5589693880216622e8, 2.3693842041598114e8
1.4726519030438492e8, 1.910652097322688e8
1.8357406536923635e8, 2.6396873142812908e8
1.3130451493577409e8, 1.8906297807946458e8
2.1568248987968862e8, 2.92452197895224e8
1.2695456998674698e8, 2.2705248948241228e8
1.5749082833328167e8, 2.1505866283388102e8
1.0989751878755917e8, 1.5255153858312407e8
1.6444508873632407e8, 3.055273298183652e8
1.843260928146511e8, 2.696669345476961e8
1.186505291450324e8, 2.0071402892037645e8
1.9714988895812157e8, 2.5556651360310853e8
1.8559444576189378e8, 2.6622967547547024e8
1.8090189987451604e8, 2.619199242714702e8
2.5639844695049056e8, 3.401879168267847e8
1.4264672891975808e8, 2.288990342687009e8
1.2020343982207716e8, 2.279275619345985e8
1.409539555936482e8, 2.4571513454920202e8
1.1401960047599119e8, 2.2793033382452682e8
2.14745306433463e8, 2.709129806119145e8
1.5597504272322735e8, 2.3014458259770566e8
5.1544873350374526e8, 6.349203048828702e8
2.9429198676130885e8, 3.822950128248974e8
1.3264269522649682e8, 1.9387603168514234e8
1.2217435228426649e8, 1.754136235159879e8
2.0533504601489002e8, 2.740379310913359e8
1.4994271935407662e8, 2.5255796519228083e8
1.2398059759496698e8, 2.2651493582883212e8
1.3018724829358837e8, 1.956762452900467e8
1.4056631478240994e8, 2.2382716159433925e8
1.2356884840055062e8, 1.7990379925374502e8
2.9859669633825004e8, 4.3008959582951087e8
3.9748357535179996e8, 4.8200466083014e8
1.7176410540808475e8, 2.276093697670734e8
1.1222527606872463e8, 1.896205099070415e8
1.383800829142903e8, 2.141284522156223e8
1.441132577212291e8, 2.231793099733933e8
1.0329132347477503e8, 1.8382095490036097e8
1.3441255501573905e8, 2.0012635042037195e8
1.489239868784947e8, 2.1089838507444355e8
1.3106737571334448e8, 2.101501022815469e8
1.5103039138753024e8, 1.992056593125695e8
1.246330838134368e8, 1.9933998285520193e8
1.4581624901793823e8, 2.089897957290233e8
1.176755913853239e8, 1.7352260166549242e8
1.588517635672174e8, 2.161282941711903e8
1.4391750912265188e8, 2.490615201854262e8
9.471521646964441e7, 1.539479555842295e8
1.3630088864267248e8, 1.9335832177504024e8
1.2794567126727314e8, 1.8302002820259994e8
1.5816225571782857e8, 2.2915508803348848e8
1.4794744821625018e8, 2.769920051862857e8
1.465771319620907e8, 2.2965174275066257e8
1.4789018128434393e8, 2.1895670628988364e8
1.632682143031332e8, 2.5047136107152957e8
1.358087456479144e8, 2.1512785934332597e8
1.7156716210376126e8, 2.1252911883922747e8
2.5487269729261133e8, 2.925909674111598e8
1.2534144484099513e8, 1.7688204750894678e8
1.2265814689461774e8, 2.5372956561935416e8
1.58545726969738e8, 2.284763084133226e8
1.600556891403498e8, 2.1264285458926636e8
1.4369733831166384e8, 2.1251305535665596e8
2.80934483390387e8, 3.263589978552417e8
1.3138649321376143e8, 1.9206672205057156e8
1.674656516785689e8, 2.229397286505667e8
2.984610974663381e8, 3.8893713450421065e8
3.407242220794831e8, 4.60817332652704e8
1.2988419762817085e8, 1.7773697958847055e8
1.2972759101313995e8, 4.459358818201654e8
1.4763186434882787e8, 2.3024888735814705e8
1.3075911404706556e8, 1.9723786890829137e8
4.3273923151307243e8, 5.0228436695912457e8
1.961911153911838e8, 2.59769705061491e8
2.6358559336179733e8, 3.384345414030743e8
1.7510468414941558e8, 2.6254092781131193e8
2.0750750829840183e8, 2.3803184631947914e8
1.0279527328443576e8, 1.7743749329033777e8
1.869132798414592e8, 2.3484316254891598e8
1.2886675748208909e8, 2.049225948532097e8
1.5835690525499228e8, 2.5054157456603926e8
1.5010874713473383e8, 2.1450165855000323e8
2.1155066395643803e8, 3.274705981560481e8
1.337619767106853e8, 2.0278975458579096e8
2.063227951144598e8, 2.6145107190208623e8
1.6451569843963805e8, 2.448819220726867e8
1.539782036276637e8, 2.3879840762634596e8
1.7528717965789962e8, 2.4818051788562158e8
1.9143718593101642e8, 3.1101397452258146e8
1.9435562181510833e8, 4.232940108404784e8
2.674087476950117e8, 3.1409844758979595e8
4.3357857530312574e8, 4.772876604157752e8
3.4575939911754e8, 3.881170069722565e8
1.2483717222113922e8, 1.6791513410920304e8
2.0307836753711292e8, 3.0656191392688286e8
1.5779232485555476e8, 1.9454297811079478e8
1.5052080353789005e8, 2.264029500363652e8
1.3369858089138265e8, 2.1531054717857206e8
1.5765355849861184e8, 3.802685547360352e8
1.0270415284270157e8, 1.6780181196026346e8
3.5004257936324465e8, 4.2980457222209233e8
1.8154207760581213e8, 2.710459356746658e8
1.2869973442906353e8, 2.4779325308588722e8
1.9832019546989664e8, 2.6585919105805266e8
1.363938077882123e8, 1.6326376397069597e8
6.208528342538201e8, 6.677136867861937e8
1.219022920693123e8, 1.929454585662359e8
1.3369659545160575e8, 2.3128531518525666e8
1.0231234159600337e8, 2.0377514915238234e8
1.53870330087088e8, 2.2238275817274863e8
3.9352251142836946e8, 4.9614385581406e8
1.4005657089106736e8, 2.271449543696853e8
1.4321929065377104e8, 1.7677172330525723e8
1.435877554336783e8, 4.2586607478939587e8
1.1263207265977556e8, 1.935232481354864e8
1.5669400869077775e8, 2.1306866927007613e8
1.2650910815676983e8, 2.2876328391897702e8
3.456180302204147e8, 4.088900324011147e8
1.5017591809443146e8, 2.2756218722872558e8
2.0308940020821097e8, 2.6023493251108298e8
4.940807218536874e8, 5.710356010245701e8
1.458969359925978e8, 2.0048843298115477e8
1.5365764811414048e8, 1.9981017737346947e8
1.0159658147809307e8, 1.8344324318243933e8
2.870322290109644e8, 3.231774874365607e8
2.2782201872189423e8, 2.8066570867801845e8
1.11572366561074e8, 1.5007885663212135e8
1.6369110234192827e8, 3.135687774444584e8
1.6781574636123043e8, 2.1246119858557123e8
1.3833370224840948e8, 1.9640511007172534e8
1.1849442840425703e8, 2.2468249693273723e8
1.7406721771817768e8, 2.8765137461705494e8
1.5488146931322294e8, 2.1643207855498824e8
1.6768483847389957e8, 2.043854831474726e8
1.6478230818259758e8, 2.1226901613743582e8
1.7839395531440666e8, 2.552589878108091e8
1.9296004827172396e8, 2.5562491574198213e8
1.62109821956728e8, 2.1311691399200952e8
2.10891052633921e8, 3.3657284003002864e8
1.5842985538102764e8, 2.3189024220919922e8
1.1296484930874409e8, 1.796406289785181e8
2.5831323522274053e8, 3.969021302816249e8
1.4347190914241296e8, 1.8234284009430948e8
8.775354461305758e7, 1.3658833871579775e8
1.180313877699254e8, 1.8176783044763985e8
1.3409067559790134e8, 1.834492932975818e8
1.4879184915935996e8, 2.0856072553849488e8
1.273146148646549e8, 2.027992981605337e8
1.631162988586746e8, 2.0351676469808626e8
3.5071427642817545e8, 4.690719375417843e8
1.6889049622649974e8, 2.267426510048235e8
1.811730355666306e8, 2.356008376047205e8
1.8195006868902224e8, 2.3455194421171507e8
2.98063552702431e8, 3.65683400316992e8
1.9907960199456364e8, 2.7367312102722037e8
1.2489853107684585e8, 1.9413613078248307e8
3.798716787292411e8, 4.365424890930521e8
1.189263630562946e8, 1.5067084635934955e8
4.0769911528183746e8, 5.0957556430010116e8
1.3081424184516053e8, 1.7723387430658904e8
1.768982445156393e8, 2.375823092832672e8
1.2925521226735575e8, 1.7417935656543392e8
1.2316098344451958e8, 1.878555364457255e8
1.4825864858044317e8, 3.3727989265409523e8
7.847254170210095e7, 1.2718525356917611e8
1.089706818663209e8, 2.5763527985731176e8
1.383242493595036e8, 1.8849819418680122e8
1.6559753194118503e8, 2.5319187458536318e8
2.2612891145814094e8, 2.9936882406593585e8
1.401618162852262e8, 2.2640952874965173e8
1.416680419210473e8, 3.135415511452674e8
1.678768598587685e8, 2.797362137308999e8
1.2232712029429778e8, 2.5603900293920675e8
2.9073491776161456e8, 3.671678440351045e8
1.4243978738245127e8, 2.5934553199499124e8
1.0226653847198008e8, 3.327792494218429e8
2.634285040141282e8, 3.641744716249981e8
1.6970464677461478e8, 2.2650516197549376e8
1.688809838023416e8, 2.4209977060108855e8
1.3362016196958582e8, 1.9746698330857906e8
1.704579211917234e8, 2.5127163644565985e8
1.3722822347915137e8, 1.7802460104536623e8
1.1260375523059833e8, 1.9518897222084945e8
1.8869025375389022e8, 4.043570068827457e8
1.6787168543271342e8, 2.1442188051457852e8
1.257248859210593e8, 1.7313472730148226e8
1.5054514445544708e8, 2.3194861190220135e8
2.2194683542098042e8, 2.9785688376479644e8
3.4789139261238146e8, 4.041092540812702e8
1.9313061361777273e8, 2.8777169464398676e8
1.1703305611625868e8, 1.6988125425770667e8
1.3331992280327569e8, 2.061072652729077e8
2.5249393849984643e8, 3.137023936665477e8
1.4804803671160287e8, 1.952516744102696e8
1.839594337801433e8, 2.586915976741469e8
1.0576763836523765e8, 1.6559560378517473e8
3.4939673955682445e8, 4.0285398051875836e8
1.3377811430620323e8, 1.9643902472327656e8
1.0754955774224883e8, 2.5235341943604484e8
7.142954883368002e8, 8.005925213380475e8
1.3525018348178014e8, 2.1442847928267658e8
1.7590646808494657e8, 2.6853391504266894e8
3.891564655333015e8, 4.8775639309041554e8
1.3962673110362992e8, 1.9097450147970954e8
1.4073436461908412e8, 2.111609021847677e8
1.3967084127207303e8, 2.065053200778432e8
1.3534183766300374e8, 3.981401693839012e8
1.9318242204504228e8, 2.541458644070888e8
2.6117831064379638e8, 3.71631442009831e8
2.717329704613935e8, 3.377029026450299e8
1.662388652281381e8, 2.1966212244955012e8
2.502468093627909e8, 3.0170427210347426e8
1.2374575791862018e8, 1.7090943296475646e8
2.3652269180320713e8, 2.9681308284677e8
1.443521523320023e8, 1.99819930547543e8
1.5186322631633508e8, 2.7777397730556804e8
1.542426500330117e8, 2.327918981882089e8
1.2986937382107985e8, 2.020443088632021e8
1.4440494882211968e8, 2.231000396142275e8
1.7625514986224824e8, 2.28513267579837e8
2.2328721996326572e8, 3.754588043424169e8
1.792811132098409e8, 2.6175880965420973e8
1.2332018629436596e8, 2.198929641944116e8
1.1465341409675966e8, 1.6084928765970477e8
1.6755244107992238e8, 2.4870763952237025e8
9.814413489876592e7, 1.7833389231928468e8
2.5155747911812934e8, 4.3979021540651566e8
1.282665915178764e8, 1.7748284172057906e8
2.502429127153717e8, 3.330654730102242e8
1.6973539980580407e8, 2.6414052987537712e8
1.5369580870020896e8, 2.054688552718921e8
1.4523139476310262e8, 2.1085512831299597e8
1.2223569414558205e8, 1.9404785742031628e8
8.157044852328078e7, 1.928623546454525e8
2.0285309837652692e8, 2.7918225713363284e8
1.856608254118073e8, 3.4776982796617854e8
2.5327575367303136e8, 3.099292000104877e8
1.973408104226959e8, 2.279004928202356e8
1.4896891711481097e8, 2.1455253115443614e8
1.4224403492671037e8, 1.9106040510119563e8
1.326966934081443e8, 2.183494936159732e8
1.7826188336612922e8, 2.4439854833658952e8
2.5778840254081845e8, 3.513236947520575e8
1.3493285054054514e8, 1.9722011462171346e8
1.208526410432065e8, 1.6433937738287145e8
2.8335580309999883e8, 3.747016175170831e8
1.346803610118819e8, 2.1549877322689468e8
4.0632193721619505e8, 4.5601053222936374e8
1.705023546313475e8, 2.1127085858142728e8
4.544622225195231e8, 5.968279487666467e8
1.423481108517827e8, 2.4463686892550755e8
2.2769602002599475e8, 2.8116402142512685e8
2.4126585098455894e8, 3.366271081466593e8
1.748527981839583e8, 3.140691503829128e8
1.3158403594773975e8, 1.9500381118552318e8
1.8662717073875245e8, 2.823901644769999e8
1.2307976035036737e8, 2.0285932267799753e8
1.7453121421059364e8, 2.3385792090283915e8
2.1633065500765002e8, 2.508483844566623e8
1.4418747875373963e8, 1.8871865381745282e8
1.3117430231874527e8, 2.1598635636373487e8
1.069356859234135e8, 1.758524992442161e8
1.2747238765975115e8, 1.835774660453663e8
2.863322139864257e8, 3.695970208973238e8
2.8392528483355314e8, 3.638463189413226e8
1.9676337133742264e8, 2.6883862183818626e8
3.2551704785195386e8, 4.790236438119048e8
1.358282416678607e8, 2.6121036968594694e8
1.5522957350297037e8, 2.054272225330621e8
2.1114214379647228e8, 3.005177629710399e8
1.384461116715504e8, 1.811033449871348e8
1.8494096891975754e8, 2.4632177832699805e8
1.4402811119822398e8, 2.4438178591184714e8
1.2928066914972667e8, 1.7472464162073126e8
1.3910544018725634e8, 1.8459319389314052e8
3.07141301841657e8, 3.923069609445399e8
2.773645609064906e8, 3.62655378677936e8
2.5014535833615986e8, 3.4039345478812504e8
1.5315279682549328e8, 2.0986005030492553e8
3.383928549533932e8, 4.6744345926942444e8
1.2548519892386425e8, 2.091818506121455e8
1.5387353417631087e8, 3.0193990697113585e8
2.809104664406843e8, 3.183068199511545e8
1.6795825128969902e8, 2.2518150522923788e8
1.416129531010134e8, 1.9888915763722125e8
1.921125618543347e8, 2.4802852433525994e8
1.3667494808489653e8, 1.9444588553422022e8
1.6614905622121137e8, 2.386959864404256e8
2.1830308084006906e8, 3.270767640157891e8
1.1458994532824811e8, 1.6148604209386173e8
1.7661243393069974e8, 2.5228551164290988e8
1.397634527274353e8, 2.6426131170272487e8
1.1921023219940089e8, 1.7838886543401024e8
2.0575230670918134e8, 2.993132205419688e8
1.1672865330952463e8, 1.6180878933642656e8
1.2329933566770218e8, 2.0813216929472524e8
2.748287605325233e8, 3.4729604000465405e8
1.1367825389887246e8, 1.9314976753260735e8
1.2992113103191431e8, 1.7986794700105545e8
1.3764680474090096e8, 2.117882101504882e8
1.3525465706124106e8, 1.813416193458435e8
1.4354835010354793e8, 2.0335776545518738e8
2.053978365703882e8, 2.6105309244899866e8
7.364500801718047e7, 1.3143440930604678e8
1.5375105415421155e8, 2.1197102775280586e8
1.4764527500123513e8, 2.4712875671712473e8
1.4119712356231776e8, 2.108328534225277e8
1.2667709969406532e8, 1.8091103697518733e8
1.229184975674525e8, 1.9681197670955616e8
1.961003201543792e8, 2.8024344319375145e8
1.2103869798509331e8, 1.7297772223469523e8
1.7304176883099028e8, 2.1430039147161552e8
1.5104530187689787e8, 2.1014582598514828e8
1.5903453886841783e8, 1.979613998534071e8
1.4972054546905702e8, 2.404675490834559e8
2.0464308096103227e8, 3.172075626353993e8
1.553133841604863e8, 2.2114758997900224e8
1.4499092938699597e8, 1.8268460784406793e8
1.2714449523741981e8, 1.9152994188110337e8
1.0682036486809964e8, 1.7909391484928736e8
2.1529905783559027e8, 2.661423967548177e8
1.9767384518556574e8, 2.979126134917236e8
1.2723467209748755e8, 1.9823896271662965e8
2.4163109752946022e8, 3.406447390668659e8
1.2506475313753584e8, 1.851768066823677e8
2.2178649393553615e8, 3.418707102739712e8
2.0180664347734496e8, 2.4832790255340573e8
1.1314521644264768e8, 1.882294858818184e8
1.4490937256849867e8, 2.4093768451235944e8
1.2100103489138934e8, 2.1580344470055512e8
1.2004780284986225e8, 1.8358956868469533e8
2.802873694592569e8, 4.084373988207037e8
2.03586597197059e8, 2.6431207426450017e8
1.824653498808945e8, 2.1751774864744213e8
4.928552030100295e8, 5.736907434365314e8
1.6055080232349527e8, 2.2896158291098118e8
4.1051190531643534e8, 4.714160888847649e8
1.929138665412324e8, 2.6379634881915152e8
2.731576016697468e8, 3.5386929865733105e8
1.163036768527687e8, 2.0293710188930246e8
2.2246116630544403e8, 3.229393540839194e8
2.4671256262834302e8, 3.265764659052962e8
1.828412140207966e8, 3.072836140725532e8
1.7780916494845414e8, 2.3784880633011404e8
2.2771949500741965e8, 3.9218898616803473e8
1.583620209044419e8, 2.371156637191448e8
1.1477819262841858e8, 2.0452967042969766e8
1.3598404007947108e8, 1.9342314594206718e8
1.5508356179308838e8, 2.1253002429370144e8
2.686876777536728e8, 3.365995508946881e8
4.2164589993180346e8, 5.879845560594149e8
1.444368704880704e8, 1.9450348830986318e8
1.7687841818447924e8, 2.9533787812803805e8
1.5405437134911972e8, 2.202039450671362e8
3.3111820561564595e8, 3.976054261970256e8
1.517842784214782e8, 2.279967063828468e8
1.2766810708365889e8, 2.515618259911599e8
1.303907546476684e8, 1.9752966078989354e8
2.0416877776537487e8, 2.5286539725582922e8
1.6369017348995626e8, 2.3217606638472912e8
1.495223280667286e8, 2.1743300889314964e8
1.5956194614274675e8, 2.1002629545977843e8
1.6956147090158534e8, 2.2781937753227723e8
1.8809298031087276e8, 2.663437945389436e8
1.2210042207986481e8, 2.0159118507506552e8
2.3130093476396534e8, 3.1012447503848094e8
1.6471454147605383e8, 2.2458113082908216e8
2.9023886311826986e8, 3.825927993460675e8
1.9805681975976503e8, 2.93346177463705e8
1.634028549620938e8, 2.4902025934964016e8
2.4815030308960176e8, 3.4616668953464e8
1.498002343438211e8, 2.2836493921083033e8
1.8978003383101663e8, 2.6838083109685043e8
2.0820768366287568e8, 2.750583332813139e8
1.2229798725282615e8, 1.7724013090368196e8
1.8872288454842037e8, 2.462139431924964e8
4.9634938671136576e8, 5.834904214587216e8
2.0112827462938452e8, 2.5466803992535487e8
1.3806621237165326e8, 1.9921031562780613e8
1.5188406518574616e8, 3.243831400865254e8
1.0250343438833424e8, 2.926249569744551e8
2.047609082005158e8, 3.325254704824681e8
1.369111451347631e8, 1.8724267493764168e8
2.0876583069967148e8, 2.9039057941332877e8
1.4889992393728307e8, 2.1623289950280583e8
2.6956313629512054e8, 3.395657925562112e8
4.019445965711743e8, 6.51804986362378e8
1.3061637184305364e8, 1.8992880334192824e8
2.2808129615001935e8, 2.987506820603002e8
1.4703202851212347e8, 2.443797943994993e8
1.6585795267740837e8, 4.218947168867596e8
1.660342005939439e8, 2.4286235815010208e8
1.7706669430514297e8, 2.755141718742468e8
1.3430823288186315e8, 2.1207264182912722e8
1.645607812675572e8, 2.0743936169478515e8
1.3730542465808302e8, 1.8944910318387985e8
2.3928105138762015e8, 2.754415980586979e8
1.0640810537739374e8, 2.4740395715759248e8
1.9697146280753222e8, 2.35394853369578e8
1.6174415847912067e8, 2.441300295576226e8
1.413289134859441e8, 2.692995755160252e8
2.1094779481329346e8, 2.517719317643737e8
2.485555887711118e8, 3.044448053153307e8
1.422593848963833e8, 1.8372854781824157e8
2.3120963964055583e8, 3.1631315171037865e8
1.2673566578442173e8, 1.991030561600273e8
1.859592276334133e8, 2.3953809893680468e8
1.4077871958772376e8, 3.180643288299436e8
1.427121339929298e8, 2.903721756576375e8
4.3135962622643846e8, 6.801792646766567e8
2.4999070318840754e8, 3.2834372403922015e8
2.482728206896428e8, 3.467401127449566e8
1.8468912344094482e8, 2.5712062697773272e8
1.8967594506194103e8, 2.5690503105154145e8
1.317458025306685e8, 1.6438165909514168e8
1.179583625458947e8, 3.067102985934117e8
2.0182576909323442e8, 3.755448265658981e8
1.847395766654185e8, 2.2208858538697755e8
1.9574659373608905e8, 2.516431832774996e8
1.615112329420005e8, 2.3059353115367562e8
1.8651687973744386e8, 3.152097276119241e8
1.8931992646252298e8, 2.583232193374405e8
2.403865418210552e8, 3.2323619234873927e8
4.150496865160304e8, 4.644358655308773e8
2.4695847982760036e8, 3.0950749932881176e8
1.361378477164181e8, 1.864028627084426e8
2.858518204775323e8, 4.390908847908436e8
2.1203342960318124e8, 2.600073806698793e8
1.1795269747560287e8, 1.593202944703266e8
1.2595274133953492e8, 1.942356292663009e8
1.9241711939208916e8, 2.985761596442674e8
2.69324411131626e8, 4.099100885706606e8
4.4625119847016215e8, 5.1978439140138286e8
1.618204843613813e8, 2.610532848998949e8
4.38121549539505e8, 6.279655497318432e8
1.7878454574227798e8, 2.467426180507786e8
1.3953457157631603e8, 2.2557302452144873e8
1.6131806874297795e8, 3.7114759480958915e8
1.2625666029537043e8, 1.6736619573378316e8
1.5440050063016307e8, 2.5272050745217323e8
1.61343511023772e8, 2.300332658938209e8
1.4739701646185204e8, 1.902058641560899e8
1.3379155751174095e8, 1.999225872773502e8
2.1921843106412756e8, 2.975949776575474e8
1.7830041318940514e8, 2.5978370921167016e8
5.131673593349977e8, 5.518909919326799e8
1.7100542119012323e8, 2.3484664122863936e8
2.502723734045388e8, 3.00629391291668e8
1.511666530279226e8, 2.2688713374431917e8
1.2002725975161867e8, 1.7929681738656676e8
1.9249532524763677e8, 2.4837704542882076e8
1.1927778440082286e8, 1.946395475118462e8
1.0792294126080318e8, 2.2862068743272188e8
2.598235954563118e8, 4.2341706229710394e8
2.167860064748425e8, 2.7569050589020073e8
1.7640202948902404e8, 2.6478087703186688e8
1.2041917561199641e8, 2.3739854422925776e8
1.2117607552565816e8, 1.6612444544136477e8
3.685758264509645e8, 4.232850105770982e8
1.2055291870392923e8, 1.8393840609285894e8
1.3268932991468562e8, 2.004765622858058e8
1.2044465238047448e8, 1.796747815923891e8
1.6134990356224498e8, 2.465699713300943e8
8.414616124099009e7, 1.5870244158708057e8
1.288801456799196e8, 2.1613253508266616e8
5.474732142720695e8, 6.348121467758081e8
1.5120279654002252e8, 2.3973824052488893e8
1.3173011271417429e8, 1.9553807110210496e8
1.268114855389332e8, 1.641610788312832e8
2.0247637067361784e8, 3.289481148169559e8
2.2320765797594917e8, 2.5229191271043667e8
2.5722894513215658e8, 3.582976970497958e8
2.194573218940326e8, 2.963765513811321e8
1.577733133677451e8, 2.1931458186906493e8
1.0761075689955685e8, 1.7338218486101633e8
1.3301293493430652e8, 1.7733831938767287e8
2.5493322699342617e8, 3.254525843264134e8
1.883209223850631e8, 2.693163068728229e8
1.6228878862148112e8, 2.447639517876799e8
1.623301781172784e8, 4.299064660795846e8
2.3280315893144444e8, 3.0033297505522645e8
3.663021443289061e8, 4.0949557239193887e8
1.1139253868648235e8, 1.746968197031845e8
1.5290505170197082e8, 2.2615175959247875e8
1.3621376726243535e8, 1.7290411207126617e8
4.179286318196878e8, 4.754955446884568e8
2.3537658118620968e8, 2.740117106718921e8
1.2291684029291865e8, 1.9946065941186756e8
1.4979396635192376e8, 2.4419219477634445e8
1.7216428934688386e8, 2.1355050504208893e8
3.3667279150775903e8, 3.861602107935899e8
1.3862610116823363e8, 1.961211631734989e8
1.1698255821306227e8, 2.141123142896077e8
1.5809628755905646e8, 2.2516104341641602e8
1.997727238815255e8, 3.165367619499071e8
2.3227624548765132e8, 3.3103342835222805e8
1.630424144291451e8, 2.134361405778858e8
2.1199336869535193e8, 3.0510515039260226e8
2.0128978562964293e8, 2.5314439562225232e8
1.6177133667943007e8, 2.1522536833387423e8
3.3157802575573e8, 3.943423168828995e8
1.9130886940702453e8, 2.684289554193074e8
2.794815841065916e8, 3.9391993992434496e8
1.5053970937001207e8, 1.9678864104331467e8
2.5420864155634436e8, 3.820010137673644e8
1.7631148322593153e8, 2.281997391599704e8
1.2310196369864239e8, 1.875452359494217e8
1.6900863783461007e8, 2.724765929816137e8
2.2784391626497835e8, 2.8506002798002577e8
1.3359921095902741e8, 2.1049606570579526e8
1.3323971220043258e8, 1.6991142253057697e8
1.5122086296417072e8, 2.1984925780940944e8
2.2222326053886703e8, 2.6463544863311008e8
1.2749474182016763e8, 2.1773342530945095e8
2.357153469288566e8, 2.9047165795743525e8
3.7534326186924994e8, 4.421172124461962e8
2.5997426513954967e8, 3.7753434461191565e8
1.5458931788036597e8, 2.2564592756398213e8
1.3851849646689415e8, 1.9289026704366452e8
1.3090213878860903e8, 1.8520365050775063e8
2.3657639615179038e8, 2.854319920621057e8
2.2309257675605196e8, 4.8133897159415376e8
1.5273601521631628e8, 2.8728123879778874e8
1.6586084905053976e8, 2.2497046407936335e8
2.3762906872054753e8, 3.960233847400844e8
1.7245921524807876e8, 2.8490323937756807e8
1.4477794986101636e8, 2.4053021784424263e8
1.1236787316448607e8, 1.7883748016851038e8
1.7814597206983194e8, 2.8826471019710886e8
1.1417399173654473e8, 2.0140468113747105e8
1.1190728191005272e8, 1.8896698985641316e8
1.9443988515773025e8, 2.8394927459610385e8
1.5355722848177573e8, 2.26285452596433e8
1.5631555026153946e8, 2.146642352293004e8
2.2155839792197365e8, 2.904172029603365e8
2.3550030610275477e8, 2.97490907503063e8
1.5943171167190665e8, 2.0084791015570733e8
1.9330411669425154e8, 3.0881165180297023e8
5.559213901633165e8, 7.341493801536564e8
2.202063527327997e8, 2.7700490669211066e8
2.838503941077171e8, 3.854146478173083e8
1.9850090641868293e8, 2.4245138184628066e8
1.806866029957746e8, 3.1207412046841604e8
2.746547407174634e8, 3.750727215780446e8
1.5251908100525853e8, 2.3251279253845963e8
1.6084844100851196e8, 2.1411272443152332e8
1.6117383178625184e8, 2.6487263771610993e8
1.4780575635313648e8, 2.4232999631869087e8
1.0367421410394198e8, 1.5561396396351153e8
2.1200510390594056e8, 3.05709988623949e8
1.72915197735328e8, 2.0966792263554415e8
2.1130956219554666e8, 2.808914230047174e8
1.7290068503945452e8, 2.6453091394339994e8
1.5225784501301312e8, 2.3465707445438147e8
1.1631902214890397e8, 1.8039179688163882e8
1.202440460740664e8, 1.786643906250414e8
1.232442028020619e8, 1.825452262523926e8
1.0409576511227162e8, 1.4286989846512944e8
1.4871092909911713e8, 2.0554220622791266e8
1.1477001569049637e8, 2.154501017836998e8
1.3235316072704948e8, 2.2808364724307325e8
1.6385681446756983e8, 2.5377897028326142e8
1.552675945851138e8, 2.1252006420545623e8
1.6589111574125442e8, 3.084909181073079e8
2.4901180977773783e8, 3.676916897929786e8
1.7358639695146227e8, 2.1304626035611516e8
1.2388690919383651e8, 2.0353168125948596e8
1.3400583123386694e8, 2.1530436093285385e8
2.6274668528908145e8, 3.0354887092664814e8
1.5764354711416978e8, 2.2543636666427168e8
1.7780921689338535e8, 2.7649793664730144e8
1.2378995402977741e8, 2.1021417037631458e8
1.584044548262022e8, 2.2628937191195083e8
2.2079505710117573e8, 4.634899922962428e8
1.686776209444659e8, 2.5661567009892714e8
1.2336500923047824e8, 1.8042174636991248e8
1.9692063304728895e8, 2.5729227487079734e8
1.8789952053958255e8, 2.617728624793827e8
2.533453400070934e8, 3.363786750448761e8
2.1363754687738717e8, 3.065189848990863e8
1.3368589508076115e8, 1.8701777604698494e8
1.375266183394406e8, 2.0300882650524125e8
5.348535992163846e8, 6.269740755390341e8
1.6552908909227028e8, 4.439447823520016e8
1.107539440421307e8, 3.084416622670837e8
1.730926734013417e8, 2.0986952357703882e8
2.24778197761909e8, 2.700637861365597e8
2.927839463067916e8, 3.6349437422989076e8
2.0733375936556014e8, 2.5596310647784287e8
1.5882308107946277e8, 2.1982015928106454e8
1.555328835830212e8, 2.5728357184150437e8
1.678642122926236e8, 2.6794707425488004e8
2.7374213620518345e8, 3.257001558889101e8
1.525800682310252e8, 2.2345725960374296e8
1.6467958661630502e8, 2.3719993414646754e8
1.1482549460395555e8, 1.639801659364539e8
1.655708435023729e8, 2.558858348013051e8
2.735975185488081e8, 3.4694101388296175e8
1.637911961457211e8, 2.0380167786351764e8
1.4663549848342198e8, 3.06238177051205e8
1.3771662348115692e8, 1.8816696841855416e8
1.6878395275920907e8, 2.414959106643138e8
1.964690760635862e8, 2.4335830360868508e8
3.0897547759453785e8, 3.783032287934675e8
1.087343865633704e8, 1.7526140900545102e8
1.9079719071467307e8, 2.861799442272868e8
1.619236978398704e8, 2.0205653401906824e8
1.6646448453973973e8, 2.1024491379468256e8
3.66820192469327e8, 4.67470516778433e8
1.4424280545523503e8, 2.026586218802617e8
1.4527402830973104e8, 2.9814581593280786e8
1.8007653405557957e8, 2.736895267826674e8
1.1836890774661593e8, 1.7015185362328684e8
1.3406285742979428e8, 2.5549174456376752e8
1.408223735534024e8, 3.958557178344197e8
3.2719074500683194e8, 4.120395647197495e8
1.2267678324154374e8, 1.638621478355554e8
1.0467383629016837e8, 1.984980957690785e8
1.1410235104530542e8, 1.5254290636589384e8
2.718731939100133e8, 3.2325255988569707e8
1.989344356006224e8, 4.6488969181727785e8
4.763930128775521e8, 8.353518992885473e8
7.595217200873129e7, 1.375313243846286e8
1.2685560691615662e8, 1.6330996771123454e8
1.9317724238017225e8, 2.5067882166144627e8
2.2876759086118686e8, 3.159187920707806e8
1.4002313447606197e8, 1.9659073336887515e8
1.9819202719372737e8, 3.1799553876058936e8
2.159290739386126e8, 2.753256917481688e8
1.5175445938712344e8, 2.4716772309831002e8
1.0150375372178484e8, 1.9861613089688584e8
2.3471713704504526e8, 3.21975069346438e8
1.4720962027437648e8, 2.2735529100150916e8
3.1288354624278444e8, 3.6744687224601215e8
2.338249620242798e8, 3.4082403636503613e8
1.2525277951008734e8, 1.850480671702325e8
2.920807810153911e8, 4.3014782243985015e8
9.051769006541201e7, 1.4350546524545184e8
8.590100716426735e7, 1.9277866697829294e8
1.2120989237429945e8, 1.7311817756624845e8
1.5903019739450026e8, 1.9425238527435714e8
2.804902966095505e8, 3.9127874605273724e8
1.4696694086157587e8, 2.1698827297308508e8
1.7540375367250198e8, 2.1791630342544308e8
2.0038071571098426e8, 2.8267841697392976e8
2.517275260892906e8, 3.178752110635446e8
1.4561455963452703e8, 1.840143466507711e8
2.6996629736932844e8, 3.35933103351704e8
2.937152783444967e8, 3.782673034025423e8
1.489536479452415e8, 1.9125986678269857e8
4.6866445872251e8, 5.3547022948531663e8
2.4844252450152272e8, 3.1767493399515814e8
1.3933679886640027e8, 2.0527945671388254e8
2.1315943382739672e8, 2.9633581845324767e8
1.1710764119148277e8, 1.733297439160524e8
1.4290680739413214e8, 2.0815871179128522e8
1.4843448905286133e8, 2.1344856451206902e8
1.9383082385680184e8, 2.6108173369209197e8
1.8728930027978274e8, 2.7426727364116776e8
1.0649823324051571e8, 1.501090394479032e8
1.4539282679794592e8, 1.971046576900696e8
2.359057797462494e8, 3.654175192645876e8
2.4117558978691718e8, 4.062648798897172e8
1.808496547404119e8, 2.3483893022008082e8
4.1447373415008473e8, 5.121337193598766e8
3.620414992771237e8, 3.9435638837207395e8
1.2338372781374618e8, 1.9979091704498115e8
2.2608918937780282e8, 2.7398471319992155e8
3.956887876181032e8, 5.0890547680348325e8
3.272994177060883e8, 3.805209670214989e8
1.2098753062533858e8, 1.7549615050773087e8
1.482967288498071e8, 2.0871775720036614e8
1.9133820271579784e8, 2.706203346889191e8
1.8214566894370547e8, 4.1215571942677146e8
2.5282266885041842e8, 3.0816517297658163e8
1.009584199805279e8, 1.845248723805114e8
1.970122105990934e8, 2.3498427482282463e8
1.3327239630114987e8, 1.931063912847165e8
2.145057466839576e8, 3.465968515717769e8
3.304227249122294e8, 4.460954427174592e8
1.2724030245357792e8, 2.5043840826128784e8
1.474244013167293e8, 2.5087151191768086e8
1.6934717290432072e8, 2.1625400277938557e8
2.064599776488651e8, 2.9145903306172955e8
1.6632664787740248e8, 2.0230804470385486e8
1.1047451580609289e8, 1.4691470309055808e8
1.4427164046084857e8, 1.9914644721747425e8
3.4786923114381534e8, 4.350089533087687e8
1.798803205004655e8, 2.588328025464791e8
1.3052354196207939e8, 2.2955106085371974e8
2.6503740101829958e8, 3.322456002751376e8
1.4313105121623796e8, 2.6238711801598445e8
1.3058297254404685e8, 1.7907645991978708e8
1.7377880150997478e8, 2.6356395481014875e8
1.4765761878345767e8, 1.8582628791181275e8
1.4432277522467938e8, 1.9781352175351012e8
1.3877928254103878e8, 2.2640307913707682e8
1.476787537295201e8, 2.159874244657857e8
1.9154403622471923e8, 2.620007858816662e8
2.0436576692622384e8, 3.9649376921175784e8
1.4275340381632322e8, 2.5566434873031598e8
1.3509515464945352e8, 1.8328952542539716e8
1.0135663807152453e8, 1.8596862664824453e8
1.9383409590286908e8, 2.7792676540182704e8
1.2340768635656866e8, 1.894158609716454e8
1.888599501540684e8, 2.850856909191955e8
1.4822958452495524e8, 2.1207955881825665e8
1.60476598906193e8, 2.500785812828581e8
1.093283853731773e8, 1.5639651491860276e8
1.945850753098746e8, 2.874576102934579e8
1.847074422203084e8, 2.4889966448614833e8
1.6868182229656366e8, 2.3673958097931418e8
1.3869677567254832e8, 1.9187193707268423e8
1.8226173027272695e8, 2.544072224638568e8
1.4316950425704625e8, 2.0698308353680286e8
1.6003914138359025e8, 2.163993568095064e8
1.8154118755670223e8, 2.923057145420179e8
1.1228936666255778e8, 1.669951764488542e8
2.4785014939127237e8, 3.035136789129831e8
1.3656088708386934e8, 2.3715129488585466e8
2.1511363443558028e8, 2.9973562363788015e8
1.2520634799628526e8, 1.8472952766496682e8
2.0806649833154193e8, 2.660039764730801e8
1.6935352328592053e8, 3.1356968572749525e8
2.166430540480744e8, 2.817752270945456e8
1.1166446675459227e8, 1.4343952771024823e8
2.3246779228248143e8, 2.8365257569648516e8
1.6675807907466558e8, 2.5670365801491868e8
1.5010710307979316e8, 2.3543721159196112e8
1.216997008399054e8, 1.6279972762190711e8
2.3324517064038333e8, 2.823529440343896e8
1.386731828989236e8, 2.1377245135934317e8
1.313562473323922e8, 2.030289730408493e8
1.392077094143039e8, 2.436327394232163e8
2.1191996632813108e8, 3.3488206628621465e8
2.7742545617792445e8, 4.188403456912624e8
1.7964801137830546e8, 2.4336634704966357e8
2.766707342706091e8, 3.1678735897097874e8
2.0258228919916332e8, 2.4870060654254296e8
1.4762238162177044e8, 2.4105849177363887e8
2.0936547502236852e8, 3.5129272942065483e8
1.6466276883602336e8, 2.2214413337688234e8
2.505628302469248e8, 3.086281473070655e8
2.3204024122303241e8, 3.861339596305409e8
1.894891983431577e8, 3.1460115854979247e8
2.5380853913027525e8, 3.2523779600870204e8
3.0254157391677415e8, 3.95766559258138e8
1.048778880429939e8, 1.5862187788736042e8
2.5653365886056075e8, 3.004958140649289e8
1.7622377025855428e8, 2.5963229453516427e8
1.6113377385423467e8, 2.407917856142097e8
1.5643432703469566e8, 2.3191532537926614e8
1.3762647831474403e8, 4.126109361797593e8
1.487420091797399e8, 2.799906367698443e8
1.3430330750030127e8, 2.4327051846268362e8
2.993539714084799e8, 4.240794273385665e8
2.416771732338973e8, 2.912008534401089e8
1.6155960688532758e8, 2.768627945019605e8
2.998110607933684e8, 4.0980608895321757e8
1.7553168140668997e8, 2.2865338665874395e8
1.3089889580872314e8, 1.8763559418243903e8
3.627998133208378e8, 4.460747362251845e8
1.9655171340263367e8, 2.53163106947444e8
1.598169144831947e8, 2.2334112239424333e8
1.8466406474325427e8, 2.730135435917396e8
1.3601999426288575e8, 1.9526825193576688e8
1.2474147182859795e8, 1.6930758916789657e8
3.3736932554888254e8, 5.263681301960151e8
1.3745981281125826e8, 1.954217862343829e8
1.3622238241990227e8, 1.9553286490088016e8
3.3563388635519636e8, 3.7961262786413705e8
1.3502643318130273e8, 2.1193829066677475e8
1.5009142281215298e8, 2.7722436554026717e8
2.470196193445566e8, 3.216980702482962e8
1.8263434777855414e8, 2.933494395084155e8
1.1721163936880122e8, 2.1398855402515438e8
1.3451141930054918e8, 2.6619142988840488e8
1.3361550432200496e8, 2.2795415829794353e8
1.064560320655106e8, 1.3911085311902046e8
2.394957745756509e8, 3.975135366733797e8
1.6330029177152944e8, 2.4576393967278892e8
2.0602866227748048e8, 2.768563089594042e8
1.3713627591359589e8, 2.2216518282907233e8
1.7805732591917843e8, 2.3620076395615062e8
1.45091485062969e8, 1.873248095125658e8
1.5264852701677927e8, 1.8906820232737294e8
1.9827019927705792e8, 2.6401321600034237e8
1.089128457027977e8, 1.4879074952190456e8
1.3022991407293765e8, 2.080018038782951e8
1.6484856962523538e8, 3.0589754270972705e8
1.762118897615737e8, 2.1172878018232813e8
1.3971545460851765e8, 1.7906313918553334e8
1.6144053398545647e8, 2.3086672088957244e8
1.3945232735340458e8, 2.63967456204363e8
1.4173202357173234e8, 2.3092055569528887e8
2.0823130756782937e8, 2.545801326689506e8
1.3171292636178198e8, 1.8038376381242892e8
5.0848661084392315e8, 5.854795145451835e8
1.678721957343006e8, 2.5549151395512852e8
1.3507051929915816e8, 2.453616382164279e8
4.425914382137171e8, 5.860033524405735e8
2.5264090457258454e8, 3.685800883387179e8
1.2548875745553997e8, 1.6687755579569063e8
2.433971531121947e8, 4.515264018844109e8
1.869065473515362e8, 2.5286735595081228e8
1.7094401060759693e8, 2.290598217566905e8
1.8369076827317524e8, 3.1149529137684005e8
1.58706388832461e8, 5.435754397149924e8
1.442648859731295e8, 2.69806332609675e8
1.7823604528566313e8, 2.3546735751484916e8
1.8048896363497624e8, 2.4345144638233963e8
1.3743598264958304e8, 2.2172967404957438e8
1.6227689259154692e8, 2.13216778166892e8
3.1200654449390113e8, 4.181844558210571e8
1.562817078653664e8, 1.7770167307369837e8
1.343109863989024e8, 2.1707977421003723e8
1.2001353721515302e8, 1.623345413418449e8
1.8670422352569997e8, 2.690501378993071e8
1.2444642334239307e8, 2.4420632787521425e8
1.1085121775684933e8, 1.663473436537268e8
1.6695781235868266e8, 2.6150841417675418e8
1.1995935699095301e8, 1.708482744394421e8
1.658163602996586e8, 2.3174713005611393e8
2.4914745783897585e8, 3.831631808884919e8
1.5153385401224995e8, 2.6004787715440577e8
9.423133432543483e7, 1.625905241657226e8
3.0821083759384084e8, 4.266349240798671e8
1.0435153243966576e8, 1.6245716794024244e8
1.5255358938846543e8, 2.03240344094758e8
1.5463299541657388e8, 1.8940703608937955e8
1.4456966422278517e8, 2.3186525457052195e8
4.6086257499696726e8, 5.332239014736074e8
1.418219970186265e8, 2.0475442899868128e8
1.5263453464811888e8, 2.2204919701266164e8
1.6954293106336266e8, 2.5749910401443893e8
1.3446714447510722e8, 1.7863877401333058e8
1.4364401293824244e8, 2.3405983447867864e8
1.7188230211760584e8, 2.0501330068871647e8
1.8509621808941305e8, 2.6611018125246435e8
1.8901513508500376e8, 4.069678596279042e8
2.2096033079162264e8, 2.778206148737466e8
1.3142548935035394e8, 1.6564794349695268e8
1.6449727392557684e8, 2.3999430618580225e8
1.3101699772433162e8, 1.7976064596792218e8
1.1319849392979677e8, 1.9701649385140252e8
3.618555223171991e8, 5.788387863831763e8
1.2097019217174092e8, 1.8589971219786197e8
2.0094734075241345e8, 2.997614077142034e8
3.075459435925343e8, 4.028376047580917e8
2.208991437609732e8, 2.6683446416092446e8
1.1582845854259957e8, 1.522782624119322e8
1.0772443821117198e8, 2.3174607762047905e8
1.7758389928219303e8, 2.3983423534217873e8
1.4225424483678627e8, 2.1430578296844125e8
1.1792498667137907e8, 1.6916390153705215e8
1.80012945051607e8, 2.550594631995299e8
1.3787517434837824e8, 2.889752245431596e8
2.8151517791896045e8, 4.6489220859096634e8
3.6917457835956526e8, 4.565453273623437e8
2.0285679989779887e8, 2.7582771117535275e8
1.5398769307282346e8, 2.1505372181547028e8
1.6676677834131238e8, 2.8676927796203965e8
1.1169433889270422e8, 1.4516870595805764e8
1.4917174674231687e8, 2.157378836686211e8
1.1195331432687181e8, 1.6241048662531307e8
1.9925729487320247e8, 2.9352361443265635e8
4.214934445685893e8, 5.92560125889179e8
1.6688407202222514e8, 2.1484546885357684e8
1.443312720898242e8, 1.9242294182787687e8
1.6663371111515102e8, 2.327220192716634e8
1.3301822515258966e8, 2.0668571180501103e8
1.6269438054519704e8, 2.186501669921587e8
1.4577882141900626e8, 1.9360441948321667e8
1.3813348616376603e8, 2.1840643979812106e8
2.0048030406086755e8, 2.6810188336332518e8
1.0787450509674385e8, 1.5973132525148514e8
1.7191881145845506e8, 2.2265708041668034e8
1.3913383556038883e8, 2.0678511718551955e8
1.3527125120650297e8, 1.8771336000112072e8
1.3242313749708536e8, 1.7038375650178978e8
1.5169586167604735e8, 2.3745939123240763e8
1.3110728023665057e8, 1.7076468467329264e8
1.823615324524879e8, 2.271340465526039e8
3.651619536057227e8, 5.585660946075569e8
1.6428262910715e8, 2.1861050934036186e8
1.5208674226856458e8, 2.1730203684051245e8
2.792848455985217e8, 3.726827960453894e8
1.7134533938663533e8, 2.1284087032439736e8
4.333154934104874e8, 5.0123809702550507e8
2.0658843653684515e8, 2.4455664025506338e8
1.9477825169243416e8, 3.0500681412682486e8
1.2523730805991271e8, 1.8794107654894465e8
1.2419763633976181e8, 1.699452987218882e8
1.440891712562325e8, 1.9485305227856055e8
2.2113277327513453e8, 3.7379654366846615e8
1.3844974554640326e8, 1.894047809856129e8
1.3150004672155294e8, 2.0851150895896456e8
1.1855580455430712e8, 1.7956981959594643e8
1.3492347635533643e8, 1.6449772832421124e8
2.5559933675968727e8, 3.377438281076841e8
1.30568909291387e8, 2.121023836558871e8
2.829012444448928e8, 3.440854342005378e8
2.3325066872742018e8, 2.94797696714068e8
1.5512307220667565e8, 2.2798499163621974e8
2.0095504462910455e8, 3.15443800204024e8
1.9614499161103225e8, 2.5416344498571372e8
1.6416108949442577e8, 2.2178798138666436e8
2.0012817765223393e8, 2.853927384408814e8
1.1951309839862277e8, 2.114735770098604e8
1.862552720952806e8, 3.2339617018489337e8
1.5638057928005454e8, 2.1727017139714447e8
8.794434805370802e7, 1.412125316324063e8
3.193598473804931e8, 7.807668476010423e8
1.7195883060760617e8, 2.309609204809118e8
1.8403351990622923e8, 2.266374995660194e8
1.4026300855028653e8, 2.1064902335013673e8
1.6449533081689772e8, 2.0319301965276968e8
1.8605715216447428e8, 2.566228474943851e8
2.0961305963459712e8, 3.2132735397635627e8
7.128351418114743e7, 1.3555428686634067e8
1.7668123904428458e8, 2.5780239509771487e8
1.4596687631772214e8, 2.0906548763559937e8
2.2946476110949907e8, 2.9777156309129673e8
1.649238038220132e8, 2.1675320192250994e8
1.5438981451910374e8, 2.3629430731940308e8
1.51727799578609e8, 1.9870016943045405e8
1.1816564695686272e8, 1.8213007982658523e8
1.1691356485772984e8, 1.9012573479726285e8
1.1050765465625218e8, 1.5151236318113655e8
1.9148799954163638e8, 2.4332998074528074e8
1.9964718971804738e8, 5.94598474382187e8
2.511806692214057e8, 2.9962851367086196e8
1.6049957549561772e8, 2.3691703478964847e8
1.7042333360062158e8, 2.4991876181357557e8
1.369140228135507e8, 1.9938935332060525e8
1.7024651662650818e8, 2.4169426648545572e8
2.337461191047113e8, 3.3027009857942396e8
1.2784642891997597e8, 1.7050313508479387e8
1.7360737860924488e8, 2.3037851729401207e8
1.9458074446667424e8, 2.46703452436605e8
1.5200948930247715e8, 2.250102958740067e8
1.1330235740786201e8, 1.8988252707351133e8
1.436073430003624e8, 2.1944320403708544e8
2.2633599403387854e8, 3.1252645736762977e8
2.7154998402471125e8, 3.098688210514391e8
1.5140708402133542e8, 2.0690035206405872e8
1.1405671044974515e8, 2.3204862757205564e8
1.6489182185379523e8, 2.053529373532812e8
8.919349114706141e8, 9.552058851654094e8
2.508038332416798e8, 3.5479097279492e8
2.3538738860754383e8, 3.4015996107242256e8
1.697195051978644e8, 2.5246791992955124e8
1.488937252548686e8, 2.2890885403873837e8
4.539074071879173e8, 6.416645112553934e8
1.09005290442331e8, 2.0083549630205607e8
1.4534718483347285e8, 2.271315045172044e8
9.412748209663527e7, 1.6861142407349545e8
1.3872601218534973e8, 2.2473796190820995e8
3.1492497444966495e8, 3.606793430801998e8
1.3688858129345632e8, 2.5285673586992666e8
1.87874372388867e8, 2.1561332235079876e8
2.8812190718384033e8, 3.523882789829451e8
1.3310825426786414e8, 2.0571032813010648e8
2.736989279368541e8, 3.575351140093782e8
1.8804043118839887e8, 4.4162475391795945e8
1.455211917418387e8, 2.165174654958414e8
1.5924778179087928e8, 2.4848517183384573e8
2.3632858619383466e8, 2.867990806189471e8
2.5778234807064036e8, 5.0145396602039593e8
6.206560276761848e8, 7.605435108578882e8
2.289688196473599e8, 2.7322846308819795e8
1.2988313315412818e8, 1.8176155199378434e8
1.433024676864051e8, 2.0526049017976525e8
1.3369230827346925e8, 2.0245109580462238e8
1.318275361059033e8, 2.095162023553923e8
2.034868673193355e8, 2.501206766020192e8
1.5405033559211224e8, 1.9508982574893698e8
1.2445857548032174e8, 1.547648410132155e8
1.5308931665491647e8, 2.0512137285198903e8
1.413498298857118e8, 2.434573921418107e8
1.956033030065524e8, 2.724960233004945e8
1.4605505485551032e8, 1.974859053528692e8
1.367759658630153e8, 2.0985742558528623e8
1.3243213251268467e8, 1.9491530852312046e8
1.5821091942019984e8, 2.277952869699756e8
1.8176169952562737e8, 4.340485970858955e8
2.8356940916545284e8, 5.1383755348067504e8
1.513828622139997e8, 3.225799197624082e8
1.114718239875268e8, 1.6954959319009945e8
1.5318997653515756e8, 3.035609679524669e8
1.4554338881157032e8, 1.8308429678426668e8
5.3185325057556266e8, 6.113192540300226e8
1.6875617710566843e8, 2.4318018004059148e8
1.2554305425155139e8, 1.738322558262863e8
1.4938932609577206e8, 1.9477470972130617e8
1.5940629010034668e8, 2.401590286101551e8
1.6376877566007873e8, 2.130488740425002e8
2.000555980746916e8, 2.878779006109498e8
1.6961064576901245e8, 2.343734864058216e8
1.6744196652026272e8, 2.0765202127536207e8
1.402799170268481e8, 2.047791427259708e8
1.5391939374140877e8, 2.2322592417178178e8
1.5500933876553962e8, 2.0716110264841023e8
1.6936170425983876e8, 2.5288200198837e8
2.2700850213451758e8, 3.2964119264293283e8
1.2280755038672826e8, 1.9012776454414e8
1.642795056403781e8, 2.422400694445488e8
1.1809214487360789e8, 1.5255522888340172e8
1.3102955708290333e8, 2.220952192547595e8
1.187348712316257e8, 1.6899666578618312e8
1.9004854434691325e8, 2.8230293293008745e8
2.573480274523606e8, 3.421846583189641e8
1.3313119353768052e8, 1.858488921840325e8
9.753030300654201e7, 1.4076147681906113e8
1.4326683066747993e8, 2.1653758074824375e8
1.5930044059480253e8, 2.381914947331314e8
1.4738864359882596e8, 2.0018000410881892e8
1.4748055180162385e8, 2.4007134806623048e8
2.1156985224468365e8, 3.1521358247486955e8
1.6076677923670673e8, 2.3275130171711123e8
2.5093340237503517e8, 3.287337337130166e8
1.2927253620007811e8, 2.0931837681747916e8
1.1907966857031952e8, 1.6259272642913318e8
1.2434723437485328e8, 1.599265349252498e8
1.341916122165756e8, 2.1749095839941803e8
1.3311486035636753e8, 2.1874828575036135e8
2.652407049858415e8, 3.355438461316015e8
9.4126719830355e7, 1.329180675629089e8
1.8065516066446677e8, 2.3501870213860735e8
1.2567899868085843e8, 2.1156581367860505e8
2.2366772096513525e8, 3.0432337976501757e8
1.5068181993212658e8, 2.6162214204424956e8
1.3023226059764397e8, 1.853845660148149e8
1.6497297603430492e8, 2.4975648248582983e8
1.1396807110074621e8, 1.8298763719070888e8
1.1984236361508903e8, 1.714758786407927e8
2.5141630090307197e8, 3.123820432069352e8
2.0774085782672226e8, 2.8424655533537984e8
1.3939082466948017e8, 1.6817127475850248e8
1.6620611812841183e8, 2.5136333467429674e8
1.7503784118913862e8, 2.329358122613646e8
1.2968057848139444e8, 2.1126919148494923e8
1.2330552505035208e8, 1.7518496239884776e8
2.0281966555911288e8, 2.803950176017658e8
1.9698626867105946e8, 3.445679172765693e8
1.389639655894001e8, 3.103849333355738e8
2.2830893769151652e8, 3.3857534695506555e8
2.0993011455516928e8, 2.897967475984038e8
1.1934450706335415e8, 1.828901718962952e8
2.0915828938382563e8, 3.134774046211126e8
1.9485280933513805e8, 2.8083021648773843e8
2.6396002291176492e8, 3.2104570195849746e8
1.2434228850338316e8, 2.0600425589205027e8
1.5139470050003803e8, 1.9739599269709796e8
1.1800682933625706e8, 2.1514522058983743e8
3.486940417250778e8, 4.26155824624864e8
1.665677587180521e8, 2.2497554449461615e8
1.289478331463121e8, 3.0159115281663984e8
4.0737198194506395e8, 4.794419313981016e8
1.7184971004745394e8, 2.4765890417535442e8
1.1353426174745773e8, 1.7052970986317083e8
2.7002811984560305e8, 3.81209827096285e8
3.310287685848642e8, 4.225046967141474e8
3.573199458824891e8, 4.36439157355508e8
1.9610482138909385e8, 2.5251179171985736e8
1.9903682867219114e8, 2.4661024564759198e8
1.6735461507891652e8, 2.092565823924113e8
1.7161161520153162e8, 2.4314788033232677e8
1.4105801568141016e8, 2.3087306778502846e8
2.573057531712488e8, 3.6317071357299244e8
1.3834019175563037e8, 2.1516753478973702e8
2.6223236354230863e8, 3.9972997217112684e8
1.2896488722938539e8, 3.114692081705273e8
1.2125650120480444e8, 1.844200250905615e8
2.6416260211453903e8, 4.41730594771141e8
1.6753131484991315e8, 2.3552744649523714e8
1.649585147432881e8, 2.101794571421506e8
1.783203856544219e8, 3.024064234497346e8
1.8210174261851442e8, 2.6381751311797148e8
1.2749488072210947e8, 4.4068754923161745e8
8.867924644411016e7, 1.2963643819486149e8
1.493364046807096e8, 2.0257055741467056e8
2.860316251600855e8, 3.776510312897543e8
1.8382907567132342e8, 2.4472774173503515e8
1.1784825264476795e8, 1.982139813730568e8
8.473089288761874e7, 1.9898379662528563e8
1.1883276222041634e8, 2.55998241442637e8
1.6629888742987508e8, 2.9103458113418293e8
1.34680021775536e8, 1.956058337293589e8
2.708754591066355e8, 3.506450387914297e8
1.5836222109168902e8, 2.5649787761488402e8
1.4234821561053196e8, 1.9092705448539558e8
2.153421154789553e8, 3.2140262039500743e8
1.9331974356989816e8, 2.345333555818387e8
1.9713028609767357e8, 2.865863501856207e8
1.7389079687299126e8, 2.4758368886481664e8
5.753175013283827e8, 7.087477757785867e8
2.0095185711876816e8, 2.6292296799870098e8
1.848615322343235e8, 2.6542632513599318e8
1.323366661083435e8, 1.924827272704974e8
1.0462099785158099e8, 1.843065058042576e8
1.438612829684792e8, 4.029509036532168e8
1.7921269955984724e8, 2.4236484192163903e8
1.6495556867973074e8, 2.639270279516139e8
5.219410158934133e8, 5.917468335863446e8
2.2234759127261257e8, 2.794697443097125e8
8.043903432635911e7, 1.4471626084345037e8
1.821480455579896e8, 2.2634322299760422e8
8.83758830585206e7, 1.5083075257617182e8
1.1028170870302126e8, 1.4328770388762024e8
1.2239918189471036e8, 1.736349736200025e8
2.071754184713747e8, 2.7293381250044245e8
1.996993763770049e8, 2.723480329601003e8
1.6614913490134194e8, 1.9890323059205034e8
1.3489554539543986e8, 2.022850870844902e8
3.915523408383682e8, 6.046910079740572e8
1.3348331822420123e8, 2.2907564350536895e8
2.3919680492657024e8, 3.0937621270489895e8
2.1159249413642764e8, 3.0976136376234806e8
2.0679181983237505e8, 2.508583887622952e8
1.54244197311999e8, 2.4161832118305084e8
1.3740440827103716e8, 1.848799523547779e8
1.0707731210084781e8, 2.0562337344282174e8
1.5891368625295854e8, 2.1770973601013064e8
1.8991879131798545e8, 2.489123225153437e8
1.0822486957813787e8, 1.6853068063777485e8
2.2543182135742173e8, 2.7960107792288375e8
1.5349617226424518e8, 2.022987408408551e8
1.8477119657712874e8, 2.466294757920952e8
1.505342040986276e8, 2.349420951225209e8
1.2147012287057193e8, 1.7867539374297282e8
2.547863960646345e8, 3.408899974950484e8
1.4271943225232473e8, 2.187933936438033e8
1.4761468284249794e8, 2.307547727732983e8
1.1146008891969626e8, 1.894987447125264e8
1.52945136985668e8, 2.0437405332644567e8
1.5972838912514234e8, 2.3390968258957273e8
1.794885424262821e8, 2.707083923385031e8
1.2753483381110379e8, 1.9874043233081645e8
1.7174891156554008e8, 2.588577106892403e8
1.2358245120489901e8, 1.8351618123877347e8
1.7155249363377357e8, 2.375512190533989e8
1.8719556208353943e8, 4.649390805763568e8
1.1201222523102966e8, 1.6663032857830498e8
1.5919257417032537e8, 2.2046158399932402e8
1.7572161951987797e8, 2.249607212544606e8
1.2332134141663024e8, 1.6783471041719446e8
4.989938764870258e8, 6.271541450280168e8
2.048709013641366e8, 2.677388710569249e8
1.147580257350742e8, 2.1146837608370125e8
1.812236524587487e8, 2.5014261832226774e8
2.0074398330478504e8, 3.2424282622103375e8
1.1872421348934104e8, 1.7844486187152365e8
2.2939515825484118e8, 2.931346757412559e8
1.3965063967176118e8, 1.9026924788507438e8
1.6636901618620744e8, 2.214454631077796e8
1.6846727692992967e8, 2.351004033749247e8
1.5966722186023182e8, 3.274970588591791e8
1.290410808621801e8, 2.513899791436225e8
1.3902259410887885e8, 2.1964581351252472e8
1.506834891349296e8, 2.4822026451385427e8
1.6065345122974092e8, 2.319606778564147e8
2.00606593046848e8, 4.96913402774046e8
1.410096156243979e8, 2.2278620494725192e8
1.7913707071961534e8, 3.3867681569578356e8
1.4613855627988526e8, 2.4541331170719165e8
2.2412643968405014e8, 2.871630988450258e8
2.4726827289465308e8, 3.032049604264214e8
3.1425520894021046e8, 4.02609613095852e8
1.2199814340621074e8, 1.773236516714713e8
1.3287825128862908e8, 1.6364212708721918e8
2.3058244386509174e8, 3.5127098312909824e8
2.0962832552669275e8, 2.6782403081086698e8
1.5693198472422042e8, 2.1096653224033883e8
1.8743404402658424e8, 2.793105324360006e8
1.6320378523184884e8, 2.988106780729802e8
1.3647164392973813e8, 1.9487040182209057e8
4.087090053842062e8, 4.929294550132072e8
1.643848384138597e8, 2.1870813122065514e8
1.1990340425058001e8, 1.8689140834201178e8
1.367186303837142e8, 2.037024706843494e8
2.503506817608951e8, 4.219221809200835e8
1.517693774442922e8, 2.1164890565693027e8
2.294382310787881e8, 3.1688139354449564e8
2.1401827136260822e8, 2.6604518817968097e8
1.3107084017708239e8, 1.685620304684709e8
1.2483849078167771e8, 1.8079260386034706e8
1.367613681674272e8, 1.905955714670999e8
1.3286314852807137e8, 1.6878622843661126e8
1.366204986321981e8, 2.0564639021579716e8
1.5968646669037908e8, 2.1600247582009786e8
1.8371905565290248e8, 2.498341872494724e8
1.563170186123736e8, 2.4659609513245523e8
3.915118371186038e8, 4.2717362380895686e8
1.1308348634745532e8, 2.416827338187936e8
1.8096032805243868e8, 2.3760050891439745e8
2.9252644857181656e8, 3.6546699562265736e8
2.0875315986199668e8, 2.9610805491699535e8
1.8183333519603103e8, 2.6506916067363715e8
1.3749906962010127e8, 1.892406943608596e8
1.1819667566552894e8, 1.5210035719363412e8
9.54954541441901e7, 1.6360184038567176e8
1.4393551908361772e8, 2.5962500740518492e8
1.2821905064746311e8, 2.255164862777331e8
2.867200347509283e8, 3.7846058763693976e8
1.6606258869752064e8, 2.202710075107291e8
1.6389444275712645e8, 2.299829220595835e8
2.3335579763489604e8, 2.703678693052905e8
1.0642732111468291e8, 1.9477915891636732e8
1.120012829957663e8, 2.0475919237026677e8
1.0701415546938072e8, 1.858838655500687e8
2.4631889439142263e8, 3.4328816867689013e8
1.6487974285474032e8, 2.09879428337734e8
1.4424826904681504e8, 2.2422506590491453e8
1.7642553809653684e8, 2.460593204178283e8
2.143996267359349e8, 2.5091298197873852e8
1.695358609203746e8, 2.290508180283875e8
1.3417105302256618e8, 1.7078473762831932e8
1.49334981414185e8, 2.4231768035904285e8
1.292787042572099e8, 1.8060523556662965e8
1.8273020545747727e8, 2.527280458051591e8
2.020385331741022e8, 2.621182149522612e8
1.6049403105834967e8, 5.218216095470929e8
2.9094638999106956e8, 3.7716903216279536e8
1.2603560445353071e8, 2.0006467210806483e8
1.9374933456660777e8, 2.4500742365006202e8
1.6033810188005617e8, 2.4255301656488147e8
2.1309605893113554e8, 2.9357366330440325e8
1.563213507987535e8, 2.4563167488272563e8
1.5289652985699543e8, 2.1885988664769617e8
1.0525507649221033e8, 1.4148044531905577e8
1.493945511014921e8, 2.2906388815750623e8
1.3189851069472294e8, 1.735594444776115e8
5.9643904197173156e7, 9.661392017204215e7
1.5305167443677595e8, 1.984435177807058e8
1.1419634141686411e8, 1.7510442695894605e8
2.0675525775185308e8, 2.7286680602938384e8
2.5326695793140236e8, 3.0804518214127725e8
1.3678784339852217e8, 2.1961241135787398e8
1.823555533630973e8, 2.6209955811451483e8
1.7804680851414326e8, 2.646680328483933e8
2.7282701244160295e8, 3.950261525632626e8
1.2040207537775326e8, 2.069226653815828e8
1.7051568863267747e8, 2.3249973465883815e8
2.0956436075343466e8, 2.6225719647915614e8
1.6810929369252923e8, 2.498069198588033e8
4.7114279564920163e8, 6.027125126690483e8
2.1670693283594677e8, 3.095181501857271e8
1.9353089578585207e8, 2.777627593643127e8
1.9236316249984285e8, 2.5599129949806678e8
2.8318053711892897e8, 4.1110371267925054e8
1.476749197850115e8, 2.209026257483519e8
1.4892535751430428e8, 2.2006175227269316e8
1.1387613098941009e8, 1.7333357379987565e8
2.27089197428063e8, 3.2532589687265e8
4.119865421054917e8, 4.6581092216607213e8
1.7370452150958896e8, 2.301091113982685e8
1.438045437989619e8, 3.0566455463061327e8
1.88836458032527e8, 2.940637172736285e8
2.0967335141927588e8, 2.5870940586142907e8
2.4854782889649674e8, 3.620355185872288e8
1.6627814973754182e8, 2.296293560373306e8
2.039697649424867e8, 4.10531977139523e8
1.2989321022903201e8, 1.7089046312296322e8
1.0953552366370018e8, 3.3620581541318184e8
1.3081926322841938e8, 1.8154080387007636e8
2.5195991390194228e8, 3.054268833364283e8
1.5983751468006048e8, 2.4503632000260392e8
1.2336698644974613e8, 1.737302202116204e8
2.0960937966743034e8, 2.75817489089764e8
1.723950879780488e8, 2.334945140199931e8
3.8195164094796956e8, 4.264760593141436e8
7.147606075503451e8, 7.937748208396381e8
1.7481240299907437e8, 2.4549298562825653e8
1.3786172933507556e8, 2.4875757471037737e8
1.6140731843981814e8, 2.6128523232374948e8
1.2836094798496126e8, 4.732729382370722e8
1.1851476879726855e8, 1.881387081870064e8
1.697968357180662e8, 2.794104154616185e8
3.5070414021989363e8, 4.0144193399894947e8
1.940949108501392e8, 2.713372505362526e8
1.3001788951013577e8, 1.9913091112156263e8
1.4056121572095728e8, 1.9765180513235906e8
2.2030464044876257e8, 3.007348082268065e8
1.7458658454587442e8, 2.2214784895146015e8
4.302450656460977e8, 4.8217783312918526e8
9.762786586873697e7, 2.1654475751391998e8
1.2536418314053474e8, 1.670623913108963e8
1.598811064970482e8, 1.9721854246631795e8
1.3918203262386376e8, 2.045427247059469e8
2.972312511707185e8, 4.124196882495394e8
1.7971264791886717e8, 2.333259589421913e8
1.950881518298282e8, 2.5356684180890667e8
2.0590456971986693e8, 3.1060716936299133e8
3.3522875872575253e8, 3.92650035502096e8
1.5953815671448767e8, 2.3019768380797023e8
1.1561373661899826e8, 2.097545707001868e8
1.2152271864149295e8, 2.2456047567514652e8
9.62004859357248e7, 1.732003239424568e8
1.484495188812272e8, 2.210007851305041e8
1.512564919883245e8, 2.253053404082481e8
1.5155245676923347e8, 2.2649444914691794e8
1.9259469995935255e8, 2.8958088554597867e8
1.032954514695864e8, 3.0691330434430623e8
1.812753842916101e8, 2.699547481748825e8
1.815585384633338e8, 2.5921306774452245e8
1.70469270556255e8, 2.4312019598016208e8
1.7143949643749937e8, 2.9146070658315897e8
1.8837699305198765e8, 3.0788431464894027e8
1.5318588270656076e8, 2.1389995580935094e8
1.3318682277754104e8, 1.7049430688661775e8
1.9047046018954912e8, 2.5571145259298337e8
1.8694098649552652e8, 2.6742376671152785e8
1.2225366910526088e8, 2.334293834142079e8
2.055787868350823e8, 2.635867470794597e8
2.4718863963964427e8, 3.407222714014165e8
2.103435007552133e8, 2.6520735697043824e8
1.4672706957571262e8, 1.9170384489578924e8
1.3249281522618793e8, 2.8711681490386516e8
3.695949534231699e8, 4.5328550021487516e8
1.4494351856338376e8, 1.7888175030231723e8
2.885979506240666e8, 3.4316236443406403e8
1.2170557799496897e8, 1.903959740519287e8
1.485488914729914e8, 2.366475730070773e8
1.533862228682311e8, 2.5190356134814933e8
1.6259710880683136e8, 2.1209346733239052e8
1.4353070626749483e8, 2.060371996469215e8
1.571127134223675e8, 2.0819652750708413e8
1.7419968378349382e8, 2.5185136414660496e8
1.1453428554145813e8, 1.6312654191377673e8
1.8186433227384996e8, 2.1436414783131462e8
1.5776384272195315e8, 2.955409042747489e8
1.8634998288756135e8, 2.7925438642589587e8
1.483255420119756e8, 2.6261520535562184e8
1.4674512919755578e8, 1.9934088090711272e8
1.779279469368208e8, 2.705042841289931e8
2.4922755000120637e8, 2.8972330263756055e8
1.0164672422150542e8, 1.35348645960265e8
4.0803314947709537e8, 8.247401859612824e8
1.3481796178756684e8, 1.8706328727279305e8
2.3599759148575523e8, 3.086359540306553e8
1.6470434789599365e8, 1.9840295872767752e8
1.7427508915678477e8, 2.2127184925942278e8
1.6401848030556688e8, 2.885943330245884e8
1.3656106232402274e8, 2.1770989752510673e8
1.8700056946355814e8, 2.394948887192045e8
1.56741173626263e8, 2.5912697815086725e8
1.0024967628372821e8, 2.7425104137044865e8
1.5549712680075407e8, 2.100622044367123e8
3.403688223271585e8, 4.0735077128234637e8
2.4128681902645573e8, 3.041724822189418e8
1.6257716222024494e8, 2.2037656484295025e8
1.419959681883632e8, 1.9084669157926905e8
1.5518004355708817e8, 2.1543206743503746e8
2.9029477878461313e8, 4.39851313041434e8
1.3549617655195358e8, 2.3319857987415373e8
1.5772395877925292e8, 2.3122598303309017e8
1.2339379857611212e8, 2.2377931964011332e8
1.9031083339471093e8, 2.8124377404131556e8
2.0819425074747604e8, 3.037222767857627e8
1.6130552032240266e8, 2.2935154460867766e8
1.8557198917548084e8, 2.4414985731355107e8
1.1093800596726057e8, 1.5502399818909502e8
1.1051273897528654e8, 1.511499842034159e8
9.66160893201768e7, 1.4871396985928187e8
3.245547877228243e8, 4.456119030254623e8
1.523404648229633e8, 1.9776057923553637e8
2.1160957336896306e8, 2.583031567912512e8
1.4163226815746567e8, 2.002217651733051e8
1.7988419089415327e8, 2.1619335718497756e8
1.120216608606959e8, 1.7689084306792784e8
1.370505900246436e8, 2.002697917174418e8
1.0793810924012679e8, 1.9056028574986354e8
1.3210933719335365e8, 2.0117875563309416e8
1.979141816658454e8, 3.1338568784588873e8
3.5521612829332477e8, 4.279118768330812e8
1.2957042922312786e8, 1.9185730653400898e8
9.68145767038545e7, 1.7971479107163924e8
1.827802034629364e8, 2.321790412999773e8
1.4700507775753626e8, 2.1683119982531843e8
1.9111721492299387e8, 2.5000852889320606e8
1.2952165529488905e8, 2.3348448862423968e8
1.6811150040489164e8, 2.193751386623166e8
1.2472227552564473e8, 1.9409817264986452e8
1.2077766564583962e8, 1.7445926003871363e8
1.5516663045028532e8, 3.455817927019381e8
1.7238806141812405e8, 4.033675593515419e8
1.6579613096408358e8, 2.3233571218112385e8
1.1114001615469767e8, 1.804899446062696e8
1.0910627485955381e8, 1.7373730953222457e8
1.2364157319134285e8, 1.823249035475946e8
1.3168781841870414e8, 1.916743776932936e8
1.1758719997919029e8, 1.8348966821051413e8
1.8400497431287634e8, 2.8789091885578734e8
1.2264472884435956e8, 1.96990469241066e8
1.5339461178248107e8, 2.373545216256891e8
3.055395240955003e8, 3.728906826068727e8
4.567220849336951e8, 5.1735242797034514e8
1.462004679458549e8, 2.134606598750991e8
1.2976540213982746e8, 1.6671957973599103e8
1.8987609075984925e8, 2.5428963715493897e8
1.526201073393436e8, 2.5234337797693646e8
1.347496271392632e8, 2.1080261494655967e8
1.3919624206311998e8, 2.2023675206679165e8
2.631832632609794e8, 3.414925878348744e8
2.6733918627593842e8, 3.6059785765322137e8
9.960060593598346e7, 2.057748308424968e8
2.3371403410876498e8, 3.043244846612021e8
1.846572451938081e8, 2.7382907411315006e8
4.7748802463639265e8, 6.342151543896986e8
1.689438921342891e8, 2.2394429715237793e8
1.33663067177928e8, 1.9078323862071672e8
3.12780318772146e8, 3.7145870808236635e8
2.5998370807897505e8, 3.0507821074362624e8
2.2121167318064004e8, 2.961071399404128e8
1.1125231130586082e8, 1.6516309683055255e8
1.857787522853793e8, 2.3273289749919644e8
2.4764609469878942e8, 3.0786640440317595e8
1.0338259251369159e8, 1.6392849057145885e8
1.3565231470404255e8, 2.328221954836928e8
4.883664498289577e8, 5.878633549565635e8
1.6210674513209015e8, 2.201571285511376e8
1.3829573532249776e8, 1.9347200327717337e8
1.6178797124943724e8, 2.2394136472696924e8
1.573090353657414e8, 2.3469837347418302e8
1.6342409347544137e8, 2.377451650444566e8
1.2730819733280605e8, 2.0578068557337913e8
1.0612131990311399e8, 2.0639612432902744e8
2.8097844391832817e8, 3.4402280590435076e8
1.3968155300064862e8, 2.179531278953786e8
1.1011527885814832e8, 1.7768284046034902e8
1.2080892789174086e8, 2.0493433883127785e8
3.308990503930074e8, 4.4372788253066635e8
1.6808129986775872e8, 2.1877320763852426e8
1.4269728775415897e8, 2.4787606591870958e8
1.5279976429817596e8, 2.5940022134550273e8
1.432115121793755e8, 2.1145887522419384e8
1.1671387958008596e8, 1.8132282196729162e8
1.3486262763493398e8, 1.783329080413155e8
1.239397463207911e8, 2.220705643151769e8
1.253263849546667e8, 1.9660438943708405e8
2.450401320638735e8, 3.525679766450758e8
1.4580643196409696e8, 2.2990599228578418e8
1.2632709702297607e8, 2.2307249380095556e8
1.2987982381468977e8, 1.6459234291835424e8
1.244833134833569e8, 1.9621800021441418e8
1.3081065442476344e8, 1.806794047438853e8
2.0809400587727392e8, 3.0389320389557844e8
1.412824593061151e8, 1.8944133421857232e8
1.3370660395609437e8, 1.9849205194537264e8
1.267269649441724e8, 1.99402111687531e8
1.2512056182758018e8, 1.9098228862323603e8
1.5933181413774303e8, 2.017727674466636e8
1.9297570083612087e8, 3.1107317806757045e8
1.2038019327539805e8, 1.6611183975305378e8
1.3437424851623428e8, 1.9680700330530435e8
1.1169506665446001e8, 2.0777692500395775e8
1.861339861475702e8, 2.806384291455121e8
1.1715073244641507e8, 1.8401880903807405e8
1.2525133958707382e8, 4.186175711538218e8
1.1249697938076276e8, 1.8922354305326372e8
1.1610057672830488e8, 1.6474055031948447e8
1.4190238882165545e8, 1.938003908477153e8
1.3450710989748186e8, 1.8958670863337207e8
8.989098093742014e7, 1.6754505520754242e8
1.366052773279771e8, 3.149368064613833e8
2.0675361150117567e8, 2.611117293814993e8
2.089893624026942e8, 3.0762613248612136e8
1.2634982685926728e8, 2.155699760780637e8
1.73518176366139e8, 2.587429207885617e8
1.8360883909365928e8, 2.434045015342973e8
1.2751463085501018e8, 1.9363111529346064e8
2.7560933987043166e8, 3.604339042048787e8
1.1823513350724068e8, 2.2727462638078147e8
2.5785739865797675e8, 2.9115377701744914e8
2.1868705638994765e8, 2.771287642715238e8
1.2888339009820767e8, 1.8755815970558822e8
1.552799767744456e8, 1.8651737203488332e8
1.111475498353685e8, 2.5537600929631335e8
1.6787533266518041e8, 2.5749487577859738e8
1.7215392199143252e8, 2.3989061647856668e8
1.400264167160221e8, 2.1261742240196118e8
2.1862216370834836e8, 3.232358783098281e8
1.8786599708879897e8, 2.716911638014157e8
1.2909466020842648e8, 1.8810282406922388e8
2.941346371953679e8, 3.371756395194359e8
1.9075552527443913e8, 3.446106048572518e8
2.1667583916914237e8, 2.734984316648043e8
1.809815857412489e8, 2.487266605342693e8
1.2538814076967506e8, 1.7086000365309745e8
3.377997804967373e8, 4.1857951088622737e8
3.989520790690965e8, 4.9927391457460755e8
1.6529942786592606e8, 2.436693275444255e8
1.8261994752318302e8, 4.878711529554157e8
2.0424290006922367e8, 2.5851475682623768e8
1.2906298904676187e8, 2.0534163931844938e8
1.9839314600659215e8, 2.831464063470963e8
2.572325707055116e8, 3.0895803869168204e8
2.162651180208911e8, 3.6304903854037833e8
3.3073211574902195e8, 4.448570369234678e8
9.753754027751869e7, 1.3470293594928333e8
1.6444412090012679e8, 2.4206355555929562e8
2.4156576644342563e8, 2.8922364046167207e8
3.6708298316121644e8, 5.535408046138569e8
2.7112574770958406e8, 4.0212711738704294e8
1.0371983418621504e8, 1.6072562063721055e8
2.1428538983867612e8, 2.896924760464882e8
2.9205693632898885e8, 3.681168840945936e8
1.4014998674389642e8, 1.8630781460526314e8
1.23498329273133e8, 1.9788712321064538e8
1.677876296312077e8, 2.9653622119753236e8
1.513201341602702e8, 2.1857954825914305e8
1.5121118909309584e8, 2.2893546211517286e8
2.157655370048847e8, 3.793990774944888e8
2.0815389831964514e8, 3.5185396725570077e8
1.2800082602364011e8, 1.9693107832639512e8
2.4133472756551626e8, 3.0433279051101846e8
1.7964418963016668e8, 3.698986084561531e8
1.4938451140284336e8, 1.9481337594914696e8
2.1283101693163043e8, 2.9874045351369303e8
2.2336104361191428e8, 3.303430398576358e8
1.4063806447024825e8, 1.7917409206025854e8
2.3021773334149286e8, 3.1034470056926626e8
1.6446948165413907e8, 2.3847051024639866e8
1.7153271086146876e8, 2.3281310244314438e8
1.2589226949353287e8, 2.1112663605018142e8
2.0023465154776442e8, 2.9410352388531566e8
1.667480919383836e8, 2.1746672482314277e8
1.1338516240583964e8, 1.9467414449266762e8
1.6410542693972793e8, 1.9536717551618952e8
1.54988441398614e8, 2.1814540545905143e8
1.471340459321722e8, 1.9533151641022733e8
1.2828013280623038e8, 2.6471501500670087e8
1.3825747626789287e8, 1.902904754742978e8
2.1865422820695966e8, 2.741940426754028e8
6.301253479617265e8, 6.7807195828558e8
1.1264795006017524e8, 1.7232372762065378e8
1.4645795786665913e8, 2.2713677799883705e8
1.7345243220876127e8, 2.5724090218047407e8
3.266625903773139e8, 3.9679331189913595e8
1.3040226866948543e8, 1.8508934811426413e8
1.4857392946305346e8, 2.2888286332250172e8
4.6935973507185185e8, 5.16209252788058e8
1.817153397186204e8, 2.5408006034124544e8
1.561093780775793e8, 2.025568919954e8
1.1921510925356066e8, 1.791558593092681e8
1.3996937721979648e8, 2.2847621226508912e8
1.6251164061638063e8, 2.844895202056249e8
4.2134063840436053e8, 4.747153566793651e8
2.1452309445751724e8, 2.8787390165539694e8
1.5816498223774713e8, 2.205849285065714e8
1.0207908500959195e8, 1.5481339505823156e8
2.071072989995291e8, 3.170715243926399e8
2.117242212043951e8, 2.9635457326544553e8
1.3807486953350377e8, 1.8527847355619675e8
1.725893878336976e8, 2.2867261235961184e8
1.2983002975849134e8, 1.804891668705055e8
1.9758072764173794e8, 2.933433736461955e8
1.922895196485343e8, 2.3897561699482563e8
9.614962059685688e7, 1.5412109642128244e8
2.045136446079689e8, 2.814167284897044e8
1.7896245864443207e8, 2.516615655557272e8
1.7508442339727086e8, 2.3847070985826388e8
8.934101962256779e7, 1.565572239395038e8
1.4736171289675748e8, 2.082482386021134e8
1.6259012899659e8, 3.266415667465579e8
2.633276468974262e8, 3.308775335084e8
1.1710101309120567e8, 2.838755038478199e8
1.7515514774932867e8, 2.0793660748894653e8
1.706187716971386e8, 2.1707572389767084e8
1.1461252782824324e8, 1.7076440643217158e8
1.7003853399567646e8, 2.0546329460628942e8
1.439019697166003e8, 2.1355275781638756e8
1.3303265488306318e8, 2.4364886865101698e8
2.759021828661982e8, 3.44464019236999e8
2.6546794919401765e8, 3.4981939419375205e8
1.293308439053031e8, 1.7563398629855558e8
2.5742890746407846e8, 3.711782648643105e8
1.0837013857743426e8, 1.820458630775539e8
1.8825297539053187e8, 3.826659100784474e8
6.526665598715031e8, 7.321138108544031e8
1.860304317078869e8, 2.310963820306063e8
1.511976102559094e8, 1.7550245600897792e8
1.6020503645580134e8, 2.1536925161183062e8
1.4600800586324656e8, 2.2012000623225006e8
9.953447433811593e7, 1.612085991535467e8
1.336165782540155e8, 1.8464849389280427e8
1.469560869744465e8, 2.0732087958080637e8
1.6644071000051686e8, 2.2048068317707512e8
2.4490230246843693e8, 2.881257979814576e8
1.3138010748352635e8, 2.1619980307893068e8
1.4763859385438582e8, 2.4534032701353285e8
1.2127442590199634e8, 1.8074595168686968e8
2.0293377242716566e8, 2.488092413397584e8
1.579790787493546e8, 1.9842126035102862e8
2.1161987213942885e8, 2.831303499640406e8
1.8989970380419096e8, 2.4026674910421118e8
1.5248742617284474e8, 2.2642346453443003e8
2.6585526099295142e8, 3.0935927769192994e8
1.877443085074465e8, 2.2860432597672334e8
1.518615305627749e8, 2.6834759980564e8
1.273727618691254e8, 1.6549766553874856e8
1.5841967110211098e8, 2.177170223726268e8
1.2225759644775115e8, 2.0384302981516403e8
1.7905166638409775e8, 2.4593834360845488e8
1.7246572390693134e8, 2.5759555225032106e8
2.7184292599910563e8, 3.398668042296295e8
1.3255947232925294e8, 3.422720186925325e8
1.3575492200652745e8, 1.8146460263427737e8
2.218127517454908e8, 2.8725000565008914e8
4.369086752563675e8, 5.387937397851876e8
2.1863072113189444e8, 3.068429609568644e8
1.524031797964386e8, 2.2437904376205823e8
2.5469644508609545e8, 3.144655261094377e8
1.827025490235759e8, 3.0882558290996933e8
1.8356263559882128e8, 3.357342116956393e8
2.5071279848705164e8, 3.21866543002184e8
1.708390047319029e8, 2.562112026415692e8
4.0988601005352384e8, 4.929534070442782e8
1.526474803716932e8, 2.3433697291252154e8
1.7761571701280358e8, 2.1844275241546106e8
1.5338958296670222e8, 1.9403073517098504e8
1.2566693480975375e8, 1.8499460566383415e8
8.566541469473381e7, 2.4397228151408246e8
1.4611354325617808e8, 2.1949665206024852e8
9.414925286672896e7, 1.7876699609315217e8
1.5537273698878714e8, 1.9251078028792542e8
1.8850651741328847e8, 2.925180171136451e8
1.5967412759201032e8, 2.0005459012593225e8
1.4356208711098272e8, 2.10431713227701e8
1.4938614313009056e8, 2.2576243598725095e8
1.506006806545266e8, 2.024285932712292e8
3.164699258632685e8, 3.8174690447722805e8
1.0594083992557739e8, 2.6801058665701738e8
2.627405561792706e8, 3.093938616391096e8
1.9359755631081483e8, 2.2403708784847453e8
1.7069395071876082e8, 2.602882234771021e8
1.7318700835685372e8, 2.1485558080874145e8
2.164327906685715e8, 2.674438093703409e8
2.2369389034145403e8, 2.8411645180332017e8
1.2667153732026316e8, 1.92911954622229e8
1.0725838008964032e8, 1.708499753142698e8
2.0168168558251014e8, 2.4074439933655426e8
1.5416490368099645e8, 2.0987758203962472e8
1.0270429691199915e8, 1.8156168712124354e8
1.760691200300237e8, 2.3699736367220727e8
1.232233361361789e8, 1.9664892915740222e8
1.9514755691131732e8, 3.2779656160090584e8
2.2885996106986788e8, 2.9324867402461094e8
2.4076415290631622e8, 3.14126295955414e8
1.770401227846842e8, 3.6998014509856427e8
1.4478580990841237e8, 2.1838915480489504e8
2.2006009900072443e8, 2.6805676237649974e8
1.3718983347289997e8, 3.08018851930412e8
1.0009201455095562e8, 1.7937008877444378e8
1.0047392150016797e8, 1.3943105603482914e8
1.6200908005433425e8, 2.2658711696182644e8
1.5010375100191617e8, 2.4009694886834353e8
1.5033126504677537e8, 2.11941653340018e8
2.0303357260855496e8, 2.5010548980549183e8
2.774229168924059e8, 3.515112573054129e8
1.2440450406143618e8, 1.9437223484736583e8
3.050263722589842e8, 3.74063841525009e8
1.6649878225262073e8, 2.217474894783013e8
2.237535038422976e8, 2.916680718236139e8
1.4451438342275238e8, 1.941636311551737e8
1.5303740687773553e8, 2.4674059340377378e8
3.0840025978774416e8, 3.855304654951616e8
1.7654893835956037e8, 2.8740770812329984e8
5.1381684701655346e8, 6.029669062715212e8
2.967050060993533e8, 3.622822994466672e8
1.2218326729945172e8, 1.9475939413185367e8
1.8736278632532474e8, 3.131464035257549e8
1.5367666882874414e8, 2.4707523478380474e8
8.025468984983438e7, 1.4612067849002436e8
1.6997311927324885e8, 2.4123271800993642e8
1.4267317908374166e8, 1.758851958130943e8
1.625820364902224e8, 2.2063929773258495e8
1.5722790387390003e8, 2.5056231538120553e8
1.6349524627635065e8, 2.3648398317022207e8
1.6971188912717715e8, 2.2329392584204912e8
1.7714374544509998e8, 2.4220169187228787e8
1.8591340718612337e8, 2.289394363282182e8
1.7497712453653318e8, 2.4460712347333074e8
4.4757086101562625e8, 5.462922151741079e8
2.504716620269831e8, 2.857409708670465e8
1.9303290955537218e8, 2.4409414584793356e8
1.5792888389880332e8, 2.553786727579479e8
2.056463721884262e8, 2.659912959635127e8
1.8326187446980634e8, 2.6121734687205178e8
2.4351742728181216e8, 3.2335923879438424e8
1.1849572189548759e8, 1.576469036666025e8
1.507335179645971e8, 2.2750697442048323e8
1.5030523006132132e8, 2.0859870741869912e8
1.908741389845062e8, 2.4742787087636715e8
1.061879175356686e8, 1.54840189439835e8
1.3018923979168424e8, 1.6597303927080646e8
1.455798852603687e8, 2.946126575616248e8
1.7130241536156183e8, 2.2981722428559536e8
1.0952254954078e8, 2.0894522824338993e8
1.432083199564724e8, 2.505246368451742e8
2.1605535552067387e8, 2.9042765300472975e8
1.9010475178044996e8, 2.851468012308149e8
1.3764673673802269e8, 1.924596062372746e8
1.3559353125831765e8, 2.224624302703033e8
4.565729500347745e8, 5.3225855386852676e8
1.9256799261139596e8, 3.619614158448769e8
1.581246466157974e8, 2.52433499723162e8
1.593412800783844e8, 2.053614031038365e8
2.768283709006601e8, 3.39270563364535e8
1.2067385934636265e8, 1.936269082894316e8
7.43934865978226e7, 1.6321768551581886e8
1.3060733718422128e8, 1.7569447268953496e8
1.448976002991572e8, 1.887526586260115e8
8.778379048342726e8, 9.456048512094612e8
2.7982339552490395e8, 3.3688034057789254e8
1.3284177593944159e8, 1.867354723526387e8
1.575432341568666e8, 2.3365730727637732e8
2.5003883730356583e8, 4.1803848321958435e8
2.0553674658998078e8, 2.9208637768439007e8
1.7579780110324448e8, 2.5007293088869414e8
1.267732154495109e8, 1.7528909334340742e8
1.2466965211092718e8, 1.807602911831638e8
3.014312968632422e8, 3.551341593854049e8
1.2535318958640471e8, 1.8460207095236614e8
1.3594444604611143e8, 1.9279489383284593e8
1.4570434569179493e8, 3.8139440028535026e8
1.4137495743945444e8, 1.9431874598873833e8
1.247581088250232e8, 1.9069891209185883e8
1.5564782177425086e8, 2.1732693068435252e8
1.4402128514197078e8, 1.8768578821135634e8
1.7866545616478837e8, 3.494433023844188e8
1.3257030137613961e8, 2.857736066030501e8
1.5289413868825907e8, 2.5105740393000075e8
3.1772036474023235e8, 3.8676685366301835e8
1.6329315859701434e8, 2.5865978390255567e8
1.5261318165750262e8, 2.248187353954745e8
1.3476122621861026e8, 2.0840873648256075e8
1.718229201571932e8, 2.8161451158001e8
1.280718239463168e8, 1.8853423467676368e8
2.062056446925405e8, 2.6459177408585304e8
1.2527850400976638e8, 2.089761120313313e8
1.887391868666378e8, 2.3203773323089334e8
3.289876638439493e8, 4.861204527963829e8
3.143339265737148e8, 3.900029430390867e8
1.1462824901622997e8, 2.3323531961122218e8
1.2972698097057812e8, 1.957195187650655e8
2.5407535623896128e8, 3.4277041373040515e8
7.03165538395426e8, 7.869843638872206e8
1.1828399609588036e8, 1.8705019670605165e8
1.3290750956601296e8, 2.139845566808958e8
1.2172656175797383e8, 1.6172398319956642e8
3.1680228774818367e8, 3.6217269579765505e8
1.2810302210958274e8, 1.748052884809731e8
1.0259788177378109e8, 2.163429438827932e8
2.032521928045344e8, 3.175707055433374e8
1.4279472535584998e8, 2.0033963151291442e8
2.1784210157210943e8, 2.9026735100395286e8
1.6321295104034537e8, 1.948556212410622e8
1.4187870452237427e8, 2.2735740373060137e8
1.9123461503576788e8, 2.9208093686412257e8
1.134365280391947e8, 2.1617402354066813e8
1.1668346663749117e8, 2.080296444871456e8
2.1861270285388175e8, 2.60513234450065e8
1.9245897086260176e8, 2.6194501600258344e8
1.990329618587738e8, 2.5140734250223583e8
2.4166924902660528e8, 2.9103909935148877e8
2.822189689950158e8, 3.3007204308201486e8
2.355370905368552e8, 3.261072755135253e8
1.1225443728437348e8, 1.8247583080563983e8
1.7340045855473304e8, 2.2591149896282068e8
9.964447419652043e7, 1.6190038233703965e8
1.5362641382135525e8, 2.1855155442272115e8
1.7373958023589453e8, 2.4115806978633288e8
3.134940801096208e8, 3.566588660456565e8
2.168629981078248e8, 2.9718748478438693e8
1.7345999665424082e8, 3.15990506912832e8
1.1510012770979008e8, 1.840137379390178e8
1.880376936151683e8, 2.2673040031333485e8
2.0031334590678868e8, 2.3531516665278283e8
1.6290424576282358e8, 3.0938069668268496e8
1.5210960633183265e8, 2.552274979669078e8
3.075478718477409e8, 3.9235322754926205e8
1.5599388116617426e8, 2.4087396943954247e8
4.465854169663135e8, 6.212528594990185e8
1.3268833817750548e8, 1.8010786211249974e8
1.5471079506661704e8, 2.239842238763687e8
1.3663126775569224e8, 2.1677771030357015e8
1.3263296398553431e8, 2.0681955635006678e8
1.6593644085545444e8, 2.4915008098066938e8
5.3486522301876426e8, 5.984050630401559e8
1.4147465183104286e8, 2.2643047791736946e8
9.191146836656184e7, 1.5213163106299886e8
1.7760308873629072e8, 2.3948380623840046e8
1.6900069080540776e8, 2.613420783622708e8
1.655922226623855e8, 2.9255077293071413e8
1.6858419177495688e8, 2.2744133374755895e8
1.3821208204182103e8, 2.0387437672076318e8
1.8668561538475552e8, 2.5103090981200278e8
3.8862958061276996e8, 4.315635644980168e8
1.8592753003226668e8, 2.867108475367267e8
1.1791081652451102e8, 2.0268571278882387e8
2.3830626582393438e8, 3.2283783322667766e8
1.006929550122659e8, 1.3277928668720047e8
