3.1621566590286547e8, 4.257233014615594e8
1.618257260361481e8, 3.635888509539372e8
5.39269729525735e8, 7.63914100530856e8
1.2040808415278946e8, 3.03036024685964e8
1.3378202113427411e8, 3.045573165552238e8
4.9089622855586845e8, 6.142926547458918e8
2.1460997169068122e8, 4.63228321432167e8
4.2699199348346496e8, 5.76420429038251e8
4.071994097214338e8, 5.132298105948071e8
1.782812019460133e8, 2.2971021223689348e8
3.6669139021599746e8, 5.002365659175141e8
1.7151653826244757e8, 3.902125924479508e8
1.5748261894938365e8, 2.0786607067780563e8
2.1362331824248558e8, 2.9812050694396037e8
3.45074912104739e8, 9.516414242618586e8
1.416770550077545e8, 1.9630280619725847e8
1.3391438721743862e8, 3.248255215828979e8
2.704350636730791e8, 3.5430815229072547e8
1.4794121795391697e8, 3.440016462119322e8
3.512164827178842e8, 6.827851551800556e8
4.928990209102956e8, 5.812719349504777e8
2.1617947898138812e8, 2.845755836235559e8
3.782695373820426e8, 4.316598059326076e8
1.7803374857986695e8, 2.6096633126444086e8
1.691409171549124e8, 2.5826316165773872e8
3.1977779832094336e8, 3.969271745525965e8
1.4319476871237722e8, 2.6786366656087282e8
5.3214393877259e8, 7.426675268412411e8
1.6762127233993033e8, 4.6242534389006954e8
3.0728597211999863e8, 3.689296451485265e8
1.6324448106881028e8, 3.6282502452864796e8
1.3606075385020944e8, 2.0393639467890227e8
4.2515763638579786e8, 7.507750886034237e8
1.4417186057468474e8, 2.1632353870978993e8
3.155796824090467e8, 5.948048643045969e8
1.5469956075512782e8, 2.0076563937093505e8
2.464015253948011e8, 4.1737537829726714e8
2.5938756151131433e8, 3.311910696925954e8
5.045652616333105e8, 7.28160709108123e8
2.6182613614034516e8, 3.695244674664194e8
1.5670372046222642e8, 5.0601679451738435e8
3.073649723937985e8, 4.8069850402603835e8
1.2527918886966206e8, 1.942322510646313e8
1.0264163011336952e8, 1.9880322918952453e8
8.16460566334328e8, 8.927107345346822e8
1.0873635648439704e8, 3.1777732005087864e8
2.0795133044423965e8, 3.011565430321958e8
6.213821441592969e8, 1.2066975596870005e9
5.912537190326853e8, 6.51936430535762e8
1.8513807207898512e8, 3.0886363703603745e8
2.824069036109404e8, 4.203551684680495e8
9.162020139994762e8, 1.2035045566573083e9
1.774483094524339e8, 2.6199663510063922e8
1.725427289687465e8, 2.2385331438108888e8
1.3848251762235853e8, 2.332810145006573e8
3.147174440023898e8, 4.156179378260417e8
2.5325661559696475e8, 4.5212050209814745e8
1.501086194233843e8, 3.260819843602607e8
1.9528322316625178e8, 2.699936209551907e8
2.137430723835554e8, 3.0859397957022095e8
1.772820291134501e8, 3.4248861047084576e8
1.3856291199632865e8, 2.165823694224395e8
1.3683546051718873e8, 2.1090430166757134e8
3.540677427574218e8, 4.9672954097980183e8
2.0737938364566332e8, 3.4581135982950157e8
1.30238861975649e8, 2.5695972556733918e8
2.5578883275139746e8, 3.3055727887745684e8
2.2204411361644596e8, 3.1312108614913464e8
1.3111117304915589e8, 1.8357492752422002e8
4.242817500207775e8, 5.116317427820567e8
9.444206757473378e7, 2.212516600842246e8
2.5272754728683424e8, 3.713431655696564e8
1.0981643243929031e8, 3.85873136799938e8
3.2005826102222866e8, 6.402861755141057e8
1.592739735348566e8, 5.548034662576414e8
2.7343345698344356e8, 3.7075966007325137e8
1.5734312988268805e8, 2.2564925894890386e8
1.123271566995252e8, 2.817662891812693e8
5.326713703218021e8, 6.556110657848047e8
2.251839352392334e8, 2.830993060650141e8
3.2124319473258895e8, 4.060991829161783e8
1.948217274772699e8, 4.4075507097502154e8
3.576676005096103e8, 6.099323271439571e8
2.1131245375274935e8, 2.804934726415403e8
1.571511593236467e8, 2.6709987359579024e8
2.839977099666033e8, 4.7412816549666965e8
1.324727924719616e8, 1.8505615671707994e8
3.064519125270316e8, 3.6651475726100284e8
1.3421519155818261e8, 4.2192674119874156e8
6.633233864026166e8, 7.338513673580325e8
1.553584470964105e8, 2.080995114797181e8
1.6656648499516243e8, 2.795931224178908e8
1.474118835908328e8, 3.033590076165407e8
3.704778934603143e8, 4.3427182447638595e8
1.9166372882830757e8, 7.654547000977643e8
2.829651363295555e8, 3.5225253169140846e8
1.571256028879471e8, 2.3191830871686962e8
2.4658933806521365e8, 4.00819600996242e8
1.3382866259466876e8, 1.802072556709555e8
1.5960106701325983e8, 2.2089332732788798e8
3.694769857504486e8, 4.649665516448934e8
2.2708616619746974e8, 3.025899421533518e8
1.2926159391116361e8, 1.9619509118144122e8
1.6558532999625987e8, 2.383041404412494e8
1.712958399586885e8, 2.3319114534282053e8
1.646420301368367e8, 2.5845932153850996e8
3.185789917482141e8, 4.24471846896828e8
1.8426696158299407e8, 2.4329039773100257e8
3.163605965249341e8, 3.660052267835365e8
4.407160500567232e8, 5.713160768685122e8
1.2237346637125337e8, 1.7927730322685114e8
2.6469810037660503e8, 4.097761701830536e8
1.5637391775166672e8, 5.131473245691406e8
9.044832197327837e7, 1.5828593368513304e8
1.483916928627515e8, 2.018569907412221e8
2.9701570221843946e8, 3.561560085025131e8
4.065121258368096e8, 5.2839952101191974e8
1.396637030317214e8, 2.1567505636651358e8
6.144197476290085e8, 7.466586868358968e8
1.7500233471314695e8, 2.707733423575626e8
2.6515972548579672e8, 5.653665266566935e8
1.9874006562516338e8, 3.659852685267836e8
4.5080188374489117e8, 5.688112332280558e8
1.3841712446501356e8, 2.3518643019238117e8
1.8815493085400233e8, 5.0464267709897405e8
1.47417197638682e8, 3.88441140437842e8
4.2950687170459634e8, 5.57200511841364e8
3.875946311115501e8, 4.759446254251186e8
3.842325373586506e8, 7.4936066239962e8
1.5874797470873708e8, 2.3396602047971258e8
2.6665486218558115e8, 3.7104185011204195e8
4.351496500084351e8, 5.062333937629359e8
3.776186117466957e8, 5.350665433543757e8
8.462113933708495e8, 9.691853790748467e8
1.4322115304477224e8, 2.882152983183197e8
1.025033642767657e8, 1.6608436857749853e8
1.4328542581002006e8, 7.753187863052835e8
2.0745948779209355e8, 3.402763905250045e8
1.5396130223543492e8, 2.4147568136601257e8
1.3269578790589419e8, 2.004699729288571e8
1.1297940985816687e8, 2.2084217856082505e8
1.3533059764367265e8, 2.8912129755934817e8
2.5717852480819333e8, 4.779035087656082e8
1.3635674659780973e8, 2.1389200651208952e8
2.0821811944576886e8, 3.853781281367636e8
5.434953070194476e8, 7.13483677410519e8
1.6484940185892698e8, 2.4200854374289882e8
1.556644315835728e8, 3.763800355334501e8
2.4056238970037436e8, 3.446828195596501e8
1.2255489652577601e8, 2.1681613485967454e8
1.9364713769098306e8, 3.073280574312181e8
7.73828964662602e7, 1.5198506466023278e8
7.275763361031337e8, 8.479544081822964e8
2.2637784059748465e8, 4.508912403226237e8
2.857030142055561e8, 5.148352971622821e8
1.8177062075659013e8, 2.3719573667231366e8
1.426027683909865e8, 2.5826131103978544e8
4.4792273584587777e8, 6.498175995719051e8
3.5341199888762885e8, 6.47929648484093e8
1.454495497741299e8, 2.1792697383575264e8
1.4427628150629976e8, 3.250347103035394e8
1.4765788738500392e8, 2.1091899491830376e8
4.088562714576279e8, 5.1920382651857734e8
1.3111597160773548e8, 3.8481812998377043e8
3.002882758857625e8, 3.869004497725672e8
1.8441016944918177e8, 2.4860877854809904e8
1.7787541448565552e8, 2.750861793397454e8
2.536753715769379e8, 3.5630808594260436e8
1.2657758613249794e8, 1.9196515232172987e8
5.646649159934245e8, 7.731631819507529e8
5.106338355801671e8, 6.35183255296291e8
2.4692211148801282e8, 4.074480958583893e8
2.5319626311123398e8, 3.545334639228195e8
2.844777663602433e8, 6.674964361043462e8
1.4302850613442355e8, 2.6953970274771005e8
4.2448183394920766e8, 4.857935089353095e8
1.7129640853578267e8, 4.2586067369786406e8
3.8722822782387906e8, 5.548284551207523e8
1.4518400078375745e8, 3.783527921806696e8
4.222917630945285e8, 6.857878514675114e8
1.2002446963780381e8, 3.303746306628099e8
1.8800726612234655e8, 2.913246595586945e8
1.3214209347321963e8, 2.089049254752727e8
2.2817607934339204e8, 4.6877519371682394e8
6.184754994981414e8, 8.420656639915595e8
3.390230390984581e8, 4.8265386000579613e8
1.9388204640646335e8, 4.7470763595883197e8
1.0917541862876318e8, 2.737478150195149e8
1.92219419202925e8, 3.15555507160595e8
1.2146603794223282e8, 3.4951416097116137e8
1.7299523952049157e8, 3.427369231901e8
1.4058954013308135e8, 3.0535563335797936e8
1.4119829329356015e8, 2.913035957047766e8
1.2751769167435373e8, 2.066011635602203e8
3.992103117630785e8, 7.56215264189274e8
1.4409932338793972e8, 4.29918938088228e8
3.568991748994002e8, 4.5780019238524467e8
1.2205606535042812e8, 3.086599155023117e8
1.6974848288878864e8, 2.1975520530513003e8
1.4403585059930855e8, 4.265378792107028e8
7.860006338516438e8, 1.066220292949368e9
2.1113929463810718e8, 5.998106381450862e8
1.555317070004903e8, 2.938034053042497e8
5.103306945721608e8, 5.983727143622752e8
9.630749565793557e7, 1.9756312919028458e8
2.1511041359560192e8, 2.9393364726145226e8
3.158767991773501e8, 3.9744840223545796e8
2.094744193120801e8, 4.110068037043295e8
4.6800712878054047e8, 6.918248991742016e8
1.4090915532207838e8, 2.1263816489955077e8
4.315327152954282e8, 4.984616845228174e8
1.6904845038994157e8, 3.0938157006566983e8
3.057839310186757e8, 4.86814750123757e8
5.666066746821653e8, 7.957223577974409e8
1.3506545159696835e8, 1.7577987935091355e8
1.1657193284135067e8, 1.6717693805219176e8
2.25142355701886e8, 3.25661149660249e8
1.880464703052362e8, 2.6508639231192032e8
1.595207617856163e8, 2.322775531753957e8
1.7784645136511868e8, 3.1865961219998384e8
1.5845224683709863e8, 2.4349108420113346e8
1.5793358564872923e8, 2.6744278368834156e8
1.3006653438275932e8, 1.7982353730729726e8
1.6857337448534384e8, 2.2887971538308787e8
1.4720414536316624e8, 2.4079071125444344e8
1.3631464025556356e8, 2.1858747576449543e8
9.756297493040252e7, 3.3876038150957143e8
7.782389913689274e8, 9.507496606370064e8
1.7881538938744265e8, 7.706745578359919e8
3.075018533974879e8, 3.6868696357633376e8
1.5924454897744134e8, 2.6728116531941202e8
1.1068214855510205e8, 1.7345420215967745e8
1.4028717977562353e8, 1.9085807334662718e8
1.5647291673134288e8, 2.3920153131674147e8
1.5735230497078338e8, 2.5931295932730484e8
1.6452392933819106e8, 2.2657299158549112e8
1.8201006932520905e8, 4.576022061623671e8
1.918244034190892e8, 2.8818050681859046e8
2.1131523217834824e8, 5.412353720307196e8
1.5005282324813655e8, 2.389935914042173e8
1.1751885075925173e8, 2.0474079629202828e8
6.611239092352536e8, 8.562423462891613e8
1.5150156889075616e8, 2.048997631299221e8
8.635285003925424e8, 1.0708309319519405e9
1.9613549010060433e8, 3.3309046774151707e8
1.7318750532049406e8, 2.8702554288887554e8
2.337966858795598e8, 4.772645316223811e8
2.030211973394196e8, 2.6959756784551203e8
3.7441958157995963e8, 5.882077022146175e8
1.8023961280503398e8, 2.412059743914926e8
4.235766361565916e8, 7.147519706365657e8
3.555494943825168e8, 7.024710404181856e8
7.192999178356308e8, 8.104587118305031e8
1.9667705068701768e8, 3.4988685328609216e8
1.0592163942914516e8, 2.178368693892032e8
1.9731294397213012e8, 2.6530144476847944e8
5.371021936817787e8, 6.029493875752022e8
3.58144846681477e8, 7.355032527009866e8
3.300450796950651e8, 4.506392231441715e8
1.9497895210814124e8, 3.26842577379773e8
1.973626101359735e8, 3.1580668318217677e8
7.439417310871506e8, 8.038090119094167e8
3.965236017375061e8, 7.38902481619261e8
1.4499821546649584e8, 8.611743942021203e8
7.399083374980761e8, 9.627707445986888e8
2.0805814918010515e8, 3.4823059359944487e8
1.1973233008578353e8, 2.932261642584452e8
1.0920034624314228e8, 1.666352794676949e8
3.8977100547526586e8, 4.689749308705515e8
2.0681162929401323e8, 2.907845632666882e8
1.554277004845512e8, 2.3436963098469973e8
1.96826180392243e8, 2.9757613577047557e8
7.869443059139218e8, 1.0063678685835055e9
2.2000831010617658e8, 3.000458733835129e8
3.1238234100215185e8, 4.174162713715467e8
2.076706352031051e8, 2.6873722969506097e8
2.6899630841975576e8, 3.762937741382442e8
1.4408490884256417e8, 2.2831325254511935e8
2.6921130691142243e8, 3.298671980360043e8
1.5426504056092963e8, 1.987345730350716e8
2.606757939263232e8, 4.5550052547465354e8
2.2816419814853227e8, 3.902947987942717e8
2.2984546479819414e8, 6.649811692667346e8
1.1011699514782833e8, 1.929755622525385e8
1.768357574922363e8, 2.775675564238985e8
1.6663821443648702e8, 3.056096302339031e8
1.6717759895901245e8, 4.7120764893356603e8
1.2078984918968418e8, 7.72541585339533e8
1.3895714786865732e8, 3.5160219253211e8
4.4247118135136014e8, 5.518343460573726e8
1.5463650538778198e8, 2.9972273240162575e8
7.658392227567064e8, 9.063879201379523e8
2.898961850405003e8, 5.915249723293172e8
1.538689486465107e8, 2.807593366630401e8
4.7038482936353743e8, 5.904377059902203e8
1.5234407684997666e8, 2.6251071158277997e8
1.7004515601583463e8, 2.419804673179408e8
8.533360044026825e7, 3.8457394554672664e8
2.6139083894292647e8, 3.203373747343602e8
4.553127271208386e8, 5.183559447560404e8
1.5915204992732093e8, 2.6936635041110146e8
1.2262570167883131e8, 3.279409328737272e8
2.1338633733859262e8, 3.8285770993512994e8
1.7681325437029245e8, 3.1371790868065286e8
1.487361003213408e8, 2.0523738554266962e8
8.11451896776754e7, 1.557531499977706e8
1.3104734730242597e8, 2.3102561131799763e8
2.1422137464198884e8, 3.073192377912659e8
1.3778141812396544e8, 2.894721749576674e8
2.2264575853412503e8, 7.538760827205029e8
1.0823431225414467e8, 1.8334393438307834e8
1.2292005104658136e8, 1.8846729143679675e8
1.4031008027564624e8, 2.0564616329663345e8
2.238989346221209e8, 4.265965383617731e8
1.750073231762646e8, 4.1607748812573755e8
2.8815277616859764e8, 3.9169191993673444e8
1.0399743028659238e8, 1.791917281710464e8
1.162253879883354e8, 2.0929009201428705e8
4.700361948357021e8, 6.378098514725773e8
1.0968092288675046e8, 2.0774007487322232e8
6.381443603174596e8, 1.0618285336152018e9
3.5434776079797673e8, 4.1450714255242956e8
1.1472329288996477e8, 2.2021257822539878e8
2.0040169497749242e8, 2.711074306829541e8
2.2579084451041248e8, 3.150175170308962e8
1.4362228216432428e8, 2.2397376351937968e8
2.555397459691344e8, 3.7078371896849346e8
6.937915102726322e8, 7.863359498766104e8
5.379625988629016e8, 6.800911876390889e8
8.467998376824783e8, 9.471867676153153e8
1.192066622197996e8, 2.0218857560204238e8
4.0163039167014575e8, 4.758763577023955e8
1.314002116376376e8, 5.478896353995209e8
9.96533900487578e8, 1.3052523244823842e9
1.3792573659546286e8, 3.620750651354912e8
3.6045851484746164e8, 5.0813773934794927e8
8.979748023267235e7, 2.994770770402546e8
6.150187821993805e8, 8.74068947586985e8
6.288682512322172e8, 8.034548883757442e8
1.7754985252438328e8, 3.2650026964638e8
1.2229268963789447e8, 2.2668137779159963e8
1.3834190591043508e8, 4.4802330310106474e8
1.5510173020057324e8, 2.750784818398609e8
2.3197293336849263e8, 3.0904223276160246e8
2.2572209171489292e8, 4.245461031978371e8
2.9985224775258154e8, 3.9544797823300105e8
2.2826513848976287e8, 2.919505914797538e8
1.3072728491489914e8, 2.1469205222290313e8
3.0737707578945774e8, 3.924989482525682e8
1.1427115820551732e8, 2.322557638727827e8
2.4120052044750616e8, 4.0049436487075263e8
4.6474741195341253e8, 9.232461520087303e8
3.1822296028387076e8, 3.809400431361563e8
1.5056369053398126e8, 5.738032530145532e8
1.1993731579335605e8, 3.1754747393470097e8
1.563358488199391e8, 8.084944334264408e8
6.670620440357633e8, 8.195183144100654e8
2.0911724006413183e8, 3.173728191457954e8
1.4883785944993478e8, 2.2675044384497374e8
1.7795803197459584e8, 2.4400771324235633e8
4.65071567828136e8, 8.363533266661328e8
1.2894927760961354e8, 2.2474363996408537e8
1.6466542234324864e8, 2.281999534793441e8
1.8406162337930396e8, 2.5294396597024387e8
3.5537185995839113e8, 5.93180911447743e8
1.633440435720009e8, 2.2503349848357874e8
2.4566878125758415e8, 5.2368885846907526e8
4.3746509666136414e8, 8.23322892950257e8
5.579266427290128e8, 1.0452364911783463e9
1.3828122250980568e8, 2.4505638246153447e8
2.254548662290839e8, 4.242440552037659e8
1.3900956347559425e8, 2.5638682557683617e8
1.9727313814722842e8, 3.656453695925214e8
1.5308682548775804e8, 3.1679167297052526e8
2.7798664092714816e8, 4.3774061501852536e8
4.957687272418054e8, 5.483889933048606e8
9.5958627670056e7, 2.5247713748850963e8
1.6125969377218598e8, 2.6697416404582596e8
1.360430225017328e8, 2.8329137867341334e8
1.2012805543296902e8, 2.732811270438667e8
2.0964694503968072e8, 3.7330377124923676e8
1.7822841645252222e8, 2.3052829095768225e8
2.1265543157210264e8, 5.0864964674535793e8
9.647701202967207e7, 2.2418829519736773e8
2.2858578426283795e8, 4.474888267837224e8
4.0060679607466817e8, 5.631966639265561e8
1.9677628381102931e8, 2.577434218169478e8
2.222101160588128e8, 5.777744322143047e8
2.1527373877689558e8, 4.00975048802868e8
1.9418184497307813e8, 2.724612423686418e8
7.395377033836523e7, 1.4521694668545792e8
1.499745011191459e8, 4.0158334914806825e8
9.816545547432216e7, 4.142018906314941e8
4.0801831915310633e8, 5.469257614350389e8
1.3496018376767218e8, 3.898871931243485e8
1.6669468924975312e8, 3.386695392853175e8
2.101757776599143e8, 2.830560231335037e8
3.7599789133166426e8, 6.315098746882497e8
1.1770167072105232e8, 1.8062292957912892e8
2.5210368596505657e8, 3.909009168563682e8
1.477829958204762e8, 2.1036679576647523e8
1.8566306245547011e8, 2.72638903476051e8
5.187508197597285e8, 5.929130692335337e8
1.427896542717431e8, 2.9945853380038756e8
1.4526746388599938e8, 2.576101929798108e8
7.814931452150234e8, 8.202085112448492e8
1.1686595903711827e8, 2.6968923988760066e8
4.1132357980016613e8, 6.211255778986337e8
1.0985002870830603e8, 2.0503489794711864e8
1.6787989556750616e8, 2.412625408806057e8
1.2648405620255682e8, 5.961388154808033e8
2.090778473288467e8, 3.33703908877864e8
2.412401199397212e8, 4.2739233458425754e8
1.647906460348867e8, 2.3392226580468664e8
1.102464390488229e8, 2.188613820014398e8
3.666999124191936e8, 7.212576993088766e8
1.5112065615547043e8, 3.62605494395421e8
8.750355392491243e8, 9.635952638308446e8
1.9724945904903284e8, 2.792158687446178e8
1.6647844709756508e8, 4.482848834537951e8
3.698303198298765e8, 5.980135959841691e8
2.5213556308264285e8, 3.562146656367258e8
1.496782641552646e8, 1.8835148342049304e8
4.595013477342836e8, 5.554431047404107e8
1.2092096533056097e8, 5.2191902380768436e8
1.7233902948101822e8, 4.7760654941716564e8
1.5318563164751253e8, 2.2326364491033974e8
1.0483117692771384e8, 1.8065097051906538e8
1.0542792045711198e8, 2.4556327952365324e8
4.321554072671807e8, 5.0668584459518194e8
6.07728195057116e8, 6.717938012039459e8
6.939893336131098e8, 9.257720764118457e8
1.8745105461462024e8, 2.942702006248617e8
2.4302996582852468e8, 3.2336761499001956e8
2.411397313402809e8, 3.0900119062688285e8
1.1773355763974333e8, 2.202972945613339e8
1.563190810998071e8, 2.2158784042796817e8
1.492623305803682e8, 3.8685041286284065e8
1.848608533130112e8, 3.7841365480396616e8
9.718893309887846e7, 2.866513159208636e8
8.757044650596955e7, 2.406062979777192e8
1.4784117471262062e8, 2.4488978495200562e8
2.4570621942576596e8, 3.419661708292479e8
3.3286845565125066e8, 5.721806663800205e8
1.3400576174184644e8, 1.7483111995737723e8
1.3200598946424672e8, 2.281853866483211e8
1.538770000993153e8, 2.2027768801872352e8
1.529263641683143e8, 2.3665661195884e8
1.2187378933536296e8, 3.443773642201519e8
2.1272872451325658e8, 2.951958459302077e8
2.2765717457505363e8, 4.8728226289811957e8
2.11028257928734e8, 3.340304167618165e8
2.490463544788783e8, 3.67220302038758e8
2.0384157610319766e8, 2.6622113122086215e8
1.1364893118680295e8, 1.935901184217518e8
1.427858721897668e8, 2.5939790544323677e8
6.031359606560785e8, 9.626420279956025e8
3.8072726777793556e8, 4.477311990228482e8
2.1505807606872636e8, 3.1802403363287663e8
1.915655892568801e8, 4.632653367743643e8
4.91139771723381e8, 6.065025996711725e8
3.833707810924871e8, 4.641074914515744e8
1.2361590284763284e8, 5.660619962571052e8
1.90133743442771e8, 2.6095279252443847e8
1.2514175109531583e8, 1.780863348842259e8
1.5946775340181553e8, 3.301561695008367e8
1.8829243821256778e8, 3.6526522896533465e8
1.770284482786356e8, 4.2469616882282704e8
1.589680378903755e8, 2.1760226008361056e8
7.869839785973775e7, 1.5773894914658275e8
2.1577689520332235e8, 3.565376591825318e8
4.8466254979335576e8, 5.549216353188112e8
1.2812631435400686e8, 1.651363225958543e8
2.407959324120238e8, 4.282071234907895e8
1.6005029156650507e8, 2.4578660810182425e8
1.7179375094652775e8, 2.6064012992710608e8
1.7915207451402265e8, 2.4889558593178144e8
4.59689645118089e8, 9.647695956319356e8
9.01615182061347e8, 1.186680596543546e9
1.5270125322336388e8, 3.1214628847722816e8
1.3765898197952858e8, 2.841820093756388e8
8.356390223805637e8, 9.301394384290853e8
1.6621905351602438e8, 2.388394754480648e8
2.484637285834208e8, 6.518496099228086e8
9.460321869040217e7, 2.740919682358795e8
2.4525130096186513e8, 3.856678107858273e8
1.8785859040624446e8, 3.062237353501202e8
3.209574724569222e8, 6.891737830772021e8
2.2946310836745232e8, 2.9246404346181834e8
1.6530077105139413e8, 2.18973056980445e8
1.106110780939442e8, 2.0252827351121396e8
4.3737817266170084e8, 5.772400191932019e8
1.285944194147888e8, 3.543446535664133e8
4.073805349255411e8, 5.114627260892494e8
4.3428555841954875e8, 6.271331860839831e8
1.0645427869385126e8, 2.753536873202325e8
2.801406615541734e8, 3.3965331898611194e8
2.7741986183825535e8, 3.6689062170417076e8
3.6893617746454704e8, 4.4661084678162557e8
1.3158315323714995e8, 1.8384574205940816e8
1.3088760882293554e8, 1.9013409233907208e8
2.0434178145815367e8, 3.491446041276799e8
1.1365733432201722e8, 1.9823307876551464e8
1.715215158590666e8, 2.848438974786948e8
3.494520131305143e8, 4.639276714857195e8
2.4701648851716912e8, 3.240504708659412e8
1.8583325346664986e8, 4.7766618298710144e8
2.4282259788943073e8, 3.0342930090015924e8
1.8956858315960658e8, 2.4608276296981394e8
1.453254037375076e8, 2.3847528296192232e8
2.8148308364135855e8, 3.8970921440789247e8
4.905537442495688e8, 8.836772380345529e8
1.5563004899071723e8, 5.2887472953555846e8
3.057270450453204e8, 3.882605879001963e8
1.5541292509305128e8, 2.406777525544354e8
3.290358416176249e8, 3.7580372866266996e8
1.575829783108586e8, 2.3328906778095177e8
1.3951147766186017e8, 2.1411802888912854e8
1.6406328839832544e8, 4.221789193863068e8
1.935232690587484e8, 3.6299846167101586e8
3.201468612824263e8, 3.8364355948660725e8
6.983933499260402e8, 7.923562354367979e8
4.4125452266057247e8, 7.069012133135266e8
2.1169581221067727e8, 3.5614266019852334e8
1.0532587948170431e8, 1.991965682875948e8
5.261878186894378e8, 6.495132045204629e8
2.0202095281740314e8, 2.837772350723984e8
1.8260229145687917e8, 3.767038704214911e8
6.470718442143608e8, 7.432896724510267e8
1.3841804647949624e8, 1.9226228982779476e8
7.736529659042432e8, 1.0357136460577614e9
1.785415088003406e8, 2.51084046533062e8
1.0640224776224044e8, 1.9458528106086755e8
2.5405180585074776e8, 3.337397730955009e8
5.1281845933166295e8, 6.194530022662271e8
1.455813265664185e8, 2.2407742334616792e8
1.7399082766826582e8, 4.1308567814107984e8
1.1691060084700444e8, 1.8117450797591758e8
1.401919124086319e8, 3.2927125429267895e8
1.3276991949400422e8, 2.0620148498820978e8
1.1222713776590426e8, 1.8774908072065866e8
2.2116737559515855e8, 3.2048598831746894e8
1.7718834131035072e8, 4.159529944930746e8
4.711420776963563e8, 7.40780058611028e8
1.5566735929851887e8, 5.527328620656153e8
1.426023334471455e8, 2.0958739215120295e8
1.676032523476934e8, 2.35794413778361e8
1.449620913185294e8, 2.0421962587923682e8
3.0914420442508686e8, 5.0715275661007124e8
1.5255374350199977e8, 2.4473496810590634e8
5.433195371153336e8, 6.086794700159105e8
9.93387297645638e7, 1.8019716647080633e8
4.078398730535232e8, 4.91580798014289e8
1.5935002886998782e8, 2.4219536695409644e8
3.5968718529502714e8, 4.151941090247861e8
1.9647752784989128e8, 3.664193246279647e8
1.885254457034039e8, 3.14011016109553e8
2.790447187348427e8, 3.588216305959252e8
3.002891638938588e8, 3.8416555998594266e8
1.550388160789491e8, 2.9874528015450186e8
1.594590461672019e8, 3.229947567504052e8
1.3344420998692347e8, 2.682938337382868e8
1.2930236273414567e8, 2.885218944420397e8
3.7425324868285406e8, 6.989285946762807e8
5.963951204706315e8, 8.60413647573772e8
5.85396380527026e8, 7.910259530439461e8
1.1674861244580717e8, 2.489801097478015e8
4.9565448522675824e8, 5.984337475313785e8
1.9736898908954626e8, 2.697519674362769e8
1.44968486132587e8, 2.1289622111767158e8
2.2692009080627882e8, 3.3866501920414215e8
1.752834293688134e8, 4.272400339971926e8
2.1697822006168753e8, 2.942672102275456e8
4.881547933470234e8, 6.048110353433045e8
1.7736074479371354e8, 3.205296686924253e8
7.562942586264102e8, 8.61452933102698e8
2.4454612239997318e8, 3.4660634131177527e8
2.032811176633281e8, 2.69159054993829e8
2.2746557538330123e8, 3.220154829945037e8
4.677150487992848e8, 5.546346479734768e8
1.8540433642906082e8, 2.6237711766402382e8
1.3072477914351359e8, 1.8137754755203736e8
2.889882098965749e8, 3.5202160273067695e8
8.475320859877108e8, 9.401878607829688e8
1.5134695560488573e8, 3.091225617682978e8
1.37041938852504e8, 2.3229971147261006e8
2.3021698872379327e8, 2.943835701146326e8
2.963542350018107e8, 4.8174399055585283e8
1.9167898346275616e8, 3.764168147749925e8
2.321190280733975e8, 2.7307464362913233e8
2.4457746003186572e8, 9.245062385185442e8
1.2620205759776035e8, 4.010686285778618e8
2.0142211869445193e8, 4.4880095695275795e8
1.5885873306825763e8, 3.0811851256878716e8
1.2790060463208607e8, 2.371517796198715e8
1.2776582448054633e8, 2.2485796083737364e8
1.6182554108183908e8, 2.6270856371118376e8
1.1980945581541042e8, 2.08954520790185e8
1.6635243939559686e8, 2.259084040903738e8
1.363259475425291e8, 1.8705086216132876e8
1.3202848477336738e8, 2.6059037788392287e8
3.069309205135633e8, 4.060845467395554e8
1.7317045202738273e8, 2.641326429188481e8
1.3796188250958276e8, 3.2278118052786857e8
6.705972636305066e8, 8.645267444639286e8
4.07137593102708e8, 6.082664409992384e8
1.7157276260663956e8, 2.6567498852558643e8
1.4134327424845055e8, 1.7222836607745165e8
2.3040303824009246e8, 3.5368150632693297e8
1.6812222096846578e8, 2.0611622061293536e8
3.1348005937670064e8, 5.423561184514327e8
1.2344031888794091e8, 1.9362376521441743e8
1.7945098943769947e8, 2.6761300288652065e8
2.840176358631163e8, 4.282136547897892e8
1.7005593871031937e8, 2.45265586118216e8
3.3838833384521407e8, 4.508538405841035e8
1.8551388978178513e8, 2.7684843329273015e8
2.68252203044943e8, 5.262548866470418e8
1.2698159767216597e8, 2.369326552239705e8
2.525014136513827e8, 3.781636460664902e8
1.3880909784322032e8, 1.821080958443311e8
1.9999759777351397e8, 2.804914535183213e8
1.1846330782113887e8, 1.6555305775194374e8
1.6600398930822313e8, 4.783739648977715e8
1.3688008967105034e8, 6.537730652937173e8
2.2222275134584558e8, 4.0492423766268945e8
2.766321210126391e8, 5.0594296191190296e8
6.074741044349729e8, 8.064271292325859e8
2.0911313448808783e8, 5.773193790675048e8
1.4078424013058117e8, 2.1274249752218676e8
1.452735216430408e8, 2.889122728995389e8
2.626540030659383e8, 4.5284215600924724e8
2.2239433248247144e8, 2.977839824849986e8
1.556895184490436e8, 4.274681304224319e8
7.51491508780084e8, 1.0331001923052536e9
2.7392849866156745e8, 3.390044102884714e8
4.6554939668011457e8, 7.259280710295495e8
1.4076634244557247e8, 3.483844085686414e8
1.760167410393635e8, 2.469696018989645e8
1.6917459391627496e8, 2.8432241108205086e8
2.2490891084234953e8, 5.122332638056917e8
1.6121735139556888e8, 4.408514991563909e8
1.3889367889159447e8, 3.3194303791326797e8
1.584678942989749e8, 2.4297772638688985e8
4.4903547104328704e8, 5.312489889678562e8
3.794943609841597e8, 5.931285488718828e8
4.9154466544905156e8, 7.289970443527609e8
4.3344235161832106e8, 5.1707987642859554e8
2.6716546003273582e8, 5.2256537575178695e8
1.8913013998435763e8, 6.793491311842636e8
1.3663043334790325e8, 2.008800833034583e8
5.845026269793965e8, 6.849044175047284e8
1.4257584743834373e8, 3.771630044237682e8
3.460674349178344e8, 4.013226782578803e8
6.336481571167822e8, 7.885264550904086e8
3.4090745210656554e8, 5.920469963120288e8
1.8511556469414124e8, 3.7610284053104746e8
1.6228862743402526e8, 2.164782493268215e8
4.952586625875317e8, 8.407947971253765e8
6.182077939763627e8, 7.187194139841473e8
4.3613805161884266e8, 7.592396751283754e8
1.1959048807968897e8, 3.1450780458248043e8
2.81787764358894e8, 8.251227950169507e8
4.5752089550012994e8, 5.328162030667195e8
2.096774193582028e8, 3.6650531675324327e8
1.8386541736515343e8, 2.8137578510177255e8
6.258315994627472e8, 6.920146084035952e8
3.501243789970765e8, 4.103759906486942e8
1.795350967124034e8, 5.233822282157388e8
3.1395847782487375e8, 8.658423118717479e8
1.248151168174655e8, 1.7986991488052383e8
9.464324586262207e7, 1.5546460102611324e8
1.813184395130968e8, 3.23951822202745e8
1.4597833916350278e8, 2.0756120996519494e8
2.084044716373795e8, 4.00827053178207e8
1.141259491137293e8, 1.918766523286641e8
3.135963970742352e8, 3.7680634767525995e8
4.22146470069493e8, 7.47624848083183e8
1.703540171166657e8, 2.132669921915716e8
2.1123318265081868e8, 3.2309249826708287e8
4.458103346743901e8, 5.617431777920265e8
3.3856967138380986e8, 4.4542156088263565e8
4.276180213428105e8, 5.249188230714164e8
1.9151916576566884e8, 3.9479609848478764e8
3.1297247236529994e8, 4.708317280758318e8
1.6028433086135155e8, 2.5376540539740917e8
1.247147852531252e8, 1.912653514099751e8
1.2091242319303848e8, 2.0118430094150075e8
3.0243505450015014e8, 3.715230389250475e8
2.1210075376787606e8, 4.1652576366550857e8
3.6090348671922296e8, 6.168629863920385e8
1.5136848270622495e8, 2.2311718414974442e8
9.039472710142085e7, 1.6952141950079957e8
2.7760526494900674e8, 4.642289720668474e8
1.562567101612337e8, 2.7332188245709544e8
2.2982999599119955e8, 5.41045749061015e8
9.933428196706825e7, 2.196963980312061e8
1.532123045870371e8, 2.7160196198116124e8
2.626447593783027e8, 3.557055106053899e8
1.3942842629651415e8, 2.6458237511975166e8
5.468453772770813e8, 6.499036759765384e8
1.5599961787647694e8, 4.8548920131242454e8
4.124884771578333e8, 9.209267522016143e8
3.859524727146212e8, 9.135081483619343e8
2.5981297541284776e8, 3.3007009692622143e8
1.6631500907436827e8, 2.311781710232812e8
1.2971334511872028e8, 2.1190228394585437e8
3.6391677379034454e8, 4.674759842416455e8
1.6308819642358565e8, 2.9272142701419836e8
1.5982705025372022e8, 2.963268714064537e8
5.050409375167519e8, 1.0645287083095912e9
1.8974056153917128e8, 3.521375643739455e8
3.776169131347712e8, 6.884205904994369e8
9.687043089308433e7, 1.561168298447778e8
1.7659848019313124e8, 2.2690892429118273e8
1.5674960266972244e8, 4.5478071284435666e8
1.7940835771208024e8, 3.021334530818095e8
5.300209834119492e8, 6.916501858907843e8
7.168415509141163e8, 9.632225794469516e8
1.4779759557647732e8, 1.9669523187129062e8
2.519719024586789e8, 3.42004673088857e8
1.1567720631200472e8, 3.6826872969300634e8
3.6726426271215796e8, 4.3172189411291325e8
3.751361188791615e8, 5.864410449438882e8
1.3947240039187118e8, 2.1953988982574594e8
1.569891299550182e8, 3.365324234971417e8
1.6037410012983918e8, 2.4211968425249067e8
3.865382249279006e8, 4.5356435514927363e8
1.3844583736309224e8, 2.948972211804088e8
2.0269063048829776e8, 3.013919871161893e8
1.7438636522038746e8, 2.804471407001041e8
2.5026160071607295e8, 6.281230438671521e8
2.077044650900119e8, 3.489891971595645e8
3.6610917318818367e8, 4.2906950404248327e8
1.860311230958677e8, 3.605865467023244e8
1.5538442207120153e8, 5.346985930035285e8
1.1913060802702709e8, 1.718629450881626e8
1.421308137881146e8, 2.9490009746495044e8
1.577406084464642e8, 4.7369201553637314e8
1.8678287903170088e8, 2.8119632431495196e8
1.1092587489657252e8, 3.309611102224601e8
2.0946666597723854e8, 3.245332818803262e8
1.6363333392761028e8, 3.607748280080455e8
1.4674575935918418e8, 2.3599270531303835e8
1.8968762224050322e8, 2.4823807087368733e8
1.4074314376684237e8, 2.5305412090627173e8
1.3231988408416224e8, 3.3370344762854624e8
4.224817924158615e8, 5.050243740800098e8
1.4448276477302334e8, 2.514480561468825e8
2.4266585773994222e8, 3.347241176485852e8
1.9874974312716708e8, 4.4364021981066185e8
1.266251599145254e8, 3.1539623003752756e8
1.0277416100849786e8, 1.4836336081686842e8
1.934632926566198e8, 2.4915019730650386e8
1.411029994990795e8, 2.715552859892702e8
2.868310994258373e8, 3.4327142232664514e8
4.888556467168049e8, 6.825528015619093e8
1.0929453682538567e8, 1.757799295379433e8
3.8353062910543317e8, 4.7622992834841573e8
1.5086271996051627e8, 4.228672764264552e8
1.208854531874023e8, 1.7080509775007308e8
2.014210678172298e8, 4.0757609250728077e8
1.3416110933006872e8, 2.609580434725462e8
3.408111319073373e8, 6.090007311218245e8
2.1400154931407425e8, 3.363829023310471e8
3.0591427708574754e8, 4.713016327067147e8
2.692878233496021e8, 6.111853470517933e8
1.4526877958579266e8, 2.5045392415631852e8
2.4405657008116013e8, 4.552632078406428e8
2.996924107189663e8, 4.775608984668199e8
3.558301056641418e8, 5.0247881299312264e8
4.675913912434255e8, 5.335368188535397e8
1.1861616408509828e8, 3.50791453182431e8
4.096056477435108e8, 4.807228844448693e8
1.1833652761585912e8, 1.932633364697685e8
3.4890782369632083e8, 4.808640814054008e8
1.480720936623153e8, 5.827701361101896e8
4.228329473023075e8, 5.602870585573691e8
3.535837506873173e8, 5.343640764011081e8
6.703965732798883e8, 8.60495806052987e8
2.3171411024106035e8, 3.017649717358451e8
1.8319363922438088e8, 3.5897538836275077e8
2.723258809948998e8, 3.852561636306143e8
1.253983814313466e8, 2.4247427890123048e8
3.4650160106144524e8, 5.143521238039491e8
1.6871930703321466e8, 2.701558753503808e8
1.874115931164211e8, 3.611386736689272e8
1.671809671197537e8, 4.234067610875276e8
8.467292244866942e8, 1.5193467898368309e9
1.5751793286711264e8, 2.263199985925672e8
4.341369287923816e8, 6.178073471884146e8
2.899496342473975e8, 5.313058798897033e8
2.7948743572134537e8, 3.286800671403362e8
1.823139388226038e8, 3.720274284571728e8
2.611509698038295e8, 3.1958480342664105e8
1.5961098511286125e8, 2.8085876132916504e8
1.5836928991863105e8, 2.0672125926723275e8
8.460121394542555e8, 1.0639383709335817e9
2.0176016499940896e8, 3.074504668413815e8
3.341548200737915e8, 6.154226316720465e8
5.200404713138178e8, 6.134286122415483e8
6.165953496772605e8, 7.566320661183833e8
2.0031319873727277e8, 4.10721096675017e8
3.357169208353151e8, 5.751006064194746e8
1.4863598399474028e8, 2.001803841921155e8
3.82871972511752e8, 6.253024455951605e8
6.921418785490066e8, 7.662239741198077e8
1.4411838518574616e8, 2.0280597866767484e8
1.190365749354588e8, 3.1276804419005e8
2.021539549799569e8, 4.8442200962603056e8
1.2866977732013066e8, 2.2041738092093277e8
3.015879473476484e8, 3.956958178010832e8
4.420217777033412e8, 6.514808508306792e8
5.713544806891327e8, 7.172053796747307e8
1.238287862495327e8, 1.8906905772259086e8
1.6248620788706687e8, 2.4989356113943782e8
1.251363980164151e8, 1.8455201955455992e8
1.7984302297120902e8, 2.4735308978868613e8
1.4217269336092818e8, 2.0178128034876987e8
2.3472655931467083e8, 3.581063051420618e8
4.803874914059776e8, 6.282871538695667e8
1.4723643863406155e8, 2.2027756585081536e8
1.8605556670654288e8, 2.818926241514708e8
8.024876946549197e7, 1.4328591964086428e8
2.380506912685689e8, 3.466602887959988e8
1.4270595488566217e8, 1.8597823447384062e8
1.289360111692499e8, 1.9296758240950292e8
4.0996983536942005e8, 4.9017290908464175e8
1.1168013246290499e8, 1.7063498175819495e8
1.2378045760161847e8, 6.136899231422966e8
1.5388294763600305e8, 2.4150638917291152e8
1.3080628549311183e8, 2.787873220801979e8
3.133372495505068e8, 6.561099464221716e8
1.4114710149374172e8, 2.286333030039459e8
3.520122631811341e8, 4.244976557559701e8
1.4567045239646262e8, 2.130199569099179e8
2.059335782846387e8, 4.443631861108831e8
1.775654621272449e8, 2.6322709742235678e8
1.819530272387673e8, 2.1710473439242366e8
4.481714890929591e8, 5.244140588522017e8
1.39714768980585e8, 4.133433340930134e8
7.738622136429907e7, 1.5657300580429137e8
1.6299430246350816e8, 2.5239416931624094e8
1.0030949440284257e8, 1.5871311369292405e8
2.1000484727061573e8, 2.9868595097614104e8
1.2453717654934396e8, 1.6527735695318505e8
1.3797730589359602e8, 5.579085377667938e8
9.695235359262085e7, 1.5099547333477262e8
1.0736301353960328e8, 2.3804421620348665e8
2.5650279783377284e8, 3.795769562191298e8
4.780794801032415e8, 6.618291915526595e8
2.9519433719396627e8, 4.750967308296676e8
1.7272646632747498e8, 3.090083502813839e8
1.5945388988446453e8, 3.3899774440508914e8
5.3036469755229974e8, 5.96185079521507e8
1.999722621131431e8, 2.7668180330274785e8
1.433927299078377e8, 2.5457827183570653e8
1.3215054966308331e8, 2.0907008366808605e8
3.409839499687948e8, 4.8012245623210347e8
4.6517399487592226e8, 5.40417167914759e8
3.9384759381319207e8, 4.6379712041229445e8
2.2428907814378e8, 3.869691725826017e8
1.4034334650731924e8, 3.881482111557991e8
1.2515269799475028e8, 2.2626476737592468e8
1.4036086020411867e8, 2.5793190391429758e8
1.757292489434252e8, 3.092106832741621e8
2.0149017657943726e8, 3.272501723546312e8
3.329082863144157e8, 4.7408658789400625e8
1.520623054995048e8, 2.425008897883704e8
4.309855428644506e8, 5.636059412867882e8
5.397866435307792e8, 6.232180200199773e8
1.39065956249859e8, 2.31517906834023e8
1.4024870526352122e8, 2.1796425151893738e8
1.748904272941737e8, 2.2620915129961532e8
5.904264616525533e8, 8.174589424312515e8
2.852235805844802e8, 3.881805701264291e8
3.0127592464518046e8, 3.665753707049474e8
1.96300843786255e8, 3.390773812161617e8
1.5607090712232888e8, 5.755089300321295e8
1.6883899084253123e8, 3.821745501718177e8
1.1843708640567358e8, 4.8008872000180316e8
1.2151808768061048e8, 1.8921180216462585e8
1.6138225899635762e8, 4.787286843413328e8
6.065581666344943e8, 8.809417218692205e8
1.9426638349855405e8, 3.3716784471394897e8
1.333339918327734e8, 2.071677629259159e8
8.800880005205275e7, 1.5840183288837147e8
2.5879653340819138e8, 4.207892133230918e8
1.7387582331006253e8, 2.3678225854834166e8
1.4794732135331687e8, 4.198442031607999e8
4.147214584698495e8, 4.7910233029494435e8
1.2254568657760794e8, 4.3994173818103904e8
1.8486754479281345e8, 5.874283207593281e8
1.4538737310028285e8, 2.5683516472295296e8
1.5969709480634704e8, 2.7388423411585504e8
2.0357459543557793e8, 3.0183928123069537e8
2.1870122667299548e8, 4.6013764473504615e8
2.5672368978903404e8, 3.465577159287705e8
4.6963156857487786e8, 5.857108711742692e8
2.0322841141955125e8, 2.829809288987015e8
1.6968096120739162e8, 2.4595002506262523e8
1.0804049043419075e8, 1.753605208029992e8
2.5720177936047143e8, 4.8538255091041005e8
1.690426105059978e8, 2.4801446718926632e8
1.8347495129482046e8, 2.8227781348231393e8
1.2513028902826333e8, 2.128590703454554e8
3.608037624809491e8, 4.8278403329377735e8
1.9693690207805103e8, 2.686560656694825e8
1.6315600562528825e8, 2.5608552468390006e8
1.5725666056031787e8, 3.1184240313169086e8
2.0489861362360004e8, 4.2591955715089685e8
1.3080735469441527e8, 2.5608533667872927e8
1.4493284254157555e8, 2.711980058838852e8
3.3146093335348946e8, 5.401574883191159e8
2.737007514334912e8, 4.183187682149295e8
1.985084083011641e8, 3.295895525352318e8
1.6581873723280606e8, 2.125317934182926e8
1.1553145541116711e8, 1.836059764896924e8
3.531997272722619e8, 5.979315961726097e8
2.3715447432031304e8, 2.790643384030898e8
2.5314303818879783e8, 3.9957353777267224e8
1.494897340387078e8, 2.125999134614835e8
8.724154885891394e7, 1.5994443452241346e8
1.7523891982824525e8, 2.575104421531972e8
1.7709134020109212e8, 2.9642466787196e8
1.3810188803906178e8, 2.51232368746382e8
1.392736401089928e8, 2.011712787764771e8
2.258738177389144e8, 3.1018145248441476e8
4.073353284785947e8, 4.927684773533668e8
1.5880334804006675e8, 2.6183616391336668e8
8.505950937263876e8, 9.194706851607416e8
1.9583284417354637e8, 3.3218612847604555e8
2.2392168946964395e8, 8.434564217087262e8
1.501693595876166e8, 1.9956290296340343e8
1.1349013323603019e8, 1.758613250421772e8
1.1583790198208828e8, 2.0836974417854658e8
1.1956283611296132e8, 3.878260957910573e8
1.7027367674319646e8, 5.1227592199664026e8
9.890329990976249e7, 6.139263306623107e8
2.0114447261622038e8, 2.647060059154767e8
1.2553886616402507e8, 1.972489698698571e8
2.3972971648294055e8, 3.467279797450161e8
3.6638718188901997e8, 4.68021541229929e8
3.852501088394336e8, 6.689728499141008e8
1.5329796926556122e8, 2.5779550294610927e8
1.5172541529564115e8, 2.3827739396253866e8
1.7653616801952118e8, 2.539972206191909e8
1.6494379831450847e8, 3.303091829085602e8
1.025055879952079e8, 2.0725904414393014e8
1.315092398351535e8, 3.008961542642516e8
1.9820635787569308e8, 2.8272985315165937e8
2.998153071980364e8, 3.9766492535389394e8
1.5476576560884297e8, 2.7149419475551e8
5.232163517787834e8, 6.470240058639854e8
2.1008378182781222e8, 3.502522434146753e8
2.2375393626606178e8, 9.766018571198114e8
1.0608431785694726e8, 1.9170047991021785e8
1.4508964347275615e8, 2.864004504922571e8
2.873296219002683e8, 3.4170853192090183e8
2.0459255702667463e8, 2.8501935881673884e8
6.426195984695451e8, 7.07196700010492e8
1.7829082490443102e8, 5.974046602268047e8
1.659517827901095e8, 6.523792738122343e8
1.8792143010116848e8, 2.768988874037091e8
9.560288723802401e7, 1.4178732145166507e8
1.6054997174911463e8, 2.2525300513448906e8
3.985648849833929e8, 4.8008943915014535e8
1.9533516393517524e8, 2.3387334482537106e8
1.2912239300967982e8, 1.9545732832849655e8
6.452126205486406e8, 8.303352821727556e8
3.847191210116968e8, 4.606048039775935e8
1.758063666513135e8, 2.3212875904041356e8
1.2068228254226781e8, 2.0612859778642318e8
6.781618364316443e8, 9.034856606776575e8
2.7512062945596635e8, 3.798765556721769e8
1.3698476139209387e8, 2.6822353645134902e8
5.0938138487081945e8, 6.329787298830053e8
1.587515237214968e8, 2.6667638675991526e8
1.4299099908661562e8, 3.5552463501569146e8
2.3433771773783764e8, 5.857123146646372e8
3.2147978748925126e8, 4.0450127770182616e8
1.2943959949962127e8, 2.334392807450373e8
1.778942108618737e8, 2.707959192192469e8
1.5354826011934328e8, 2.419854210155842e8
2.037241592908641e8, 2.956177425092792e8
3.472891127257565e8, 7.218624928243301e8
1.3996270953181738e8, 1.8632258705996722e8
1.4123144138469416e8, 2.5949597815585372e8
1.7607324428833008e8, 2.2299560006244704e8
2.186646170601907e8, 5.296983650560523e8
1.2990362272698848e8, 2.73848302330366e8
3.1675853736748636e8, 4.5421668009930944e8
2.9578518761584765e8, 4.003675184816185e8
2.079100772776815e8, 2.646389702426063e8
5.838303677728412e8, 6.930090914233302e8
1.925865708990175e8, 3.1184283869313747e8
1.8883167847896317e8, 3.072160304003508e8
2.086845135732628e8, 5.557389629138995e8
1.7845321371084356e8, 6.012310876152666e8
9.620759163845578e7, 1.8478458619534668e8
3.034434770501544e8, 3.565724152875775e8
4.1634289613370454e8, 6.909269379871594e8
2.390885619472929e8, 3.027816177061409e8
2.5966692950488162e8, 5.587004730876653e8
1.7882589031984276e8, 2.5019110475068069e8
2.354384258082006e8, 3.644594649337881e8
1.950679975815821e8, 2.504596203580759e8
1.1832800523863614e8, 4.2469389635141504e8
2.227478409044877e8, 3.276254637690398e8
3.082455632076956e8, 3.4543455060817426e8
2.0288950985218784e8, 4.421617042818904e8
6.282531844767079e8, 8.82724850150577e8
2.0057916097875407e8, 2.608975755064146e8
4.660764097902847e8, 5.778216367287614e8
1.493886804578515e8, 3.0124869355562407e8
1.3535834670318678e8, 3.6587290209950393e8
1.0309257865917288e8, 1.839109303504988e8
1.422213102367925e8, 3.909003126082197e8
1.5837826356959292e8, 3.5132070620800257e8
2.275790032765173e8, 3.0869393050393105e8
1.282784427309118e8, 2.495552559607058e8
2.5609815836282197e8, 3.127240750718558e8
1.868628599469148e8, 2.4237664461076862e8
2.1687750775009358e8, 4.647730294953409e8
1.4092961499402025e8, 3.1673456319015604e8
1.506160494586593e8, 4.5243672695876974e8
2.8478201011211985e8, 4.7299756479664546e8
9.003139496669938e7, 1.244951557115181e8
1.674784683025195e8, 3.6848000597712445e8
1.0845542267850578e8, 1.918258249692478e8
2.3075981827678978e8, 2.9654847450190645e8
4.1085303679155356e8, 4.7169737232915586e8
1.4395195000322443e8, 3.093223858332354e8
3.1451206464141136e8, 4.067176140619582e8
1.7748614024994883e8, 2.507046795721795e8
2.1317585397602424e8, 2.899948972242198e8
8.520716910037716e7, 1.6135388571051952e8
2.3356295323261887e8, 4.164740626044702e8
1.874783554510205e8, 2.688166966765433e8
5.218450978360197e8, 9.956382502893449e8
9.408961915310061e7, 1.8523345611579034e8
1.1988561381631272e8, 1.7898380098398784e8
2.1184621474128863e8, 3.7070245125772834e8
4.966333641710181e8, 5.56435601148504e8
2.575050694555492e8, 8.094887779604568e8
1.799352621114209e8, 2.589963681324792e8
1.692020844265913e8, 2.750335944291983e8
2.2724219917522162e8, 2.9439030993904024e8
1.1521622346498728e8, 1.8066673751962018e8
2.0054869952888185e8, 3.586672422439591e8
5.495625020040267e8, 6.291405574504509e8
4.878208830552529e8, 5.500903015162165e8
1.503229469751245e8, 3.117441493379229e8
1.9921508802771816e8, 2.999011428672306e8
7.371385384511325e8, 9.869880156351871e8
1.2714210899895948e8, 2.3931059206294763e8
5.57240269527476e8, 7.273934308953966e8
3.175566617620173e8, 4.234610445311263e8
1.038462615613437e8, 5.381953604722301e8
4.3478870852789754e8, 7.297820401470722e8
4.1098363121946687e8, 5.526149312138005e8
1.319156818976969e8, 2.1830122716973403e8
1.2994891422797292e8, 2.727323609375037e8
2.83123172831079e8, 4.046929302559678e8
2.9521819445248634e8, 3.749458711523565e8
1.500396550400228e8, 2.415526313977117e8
1.2412072463764322e8, 2.404388584481849e8
6.975351049832764e8, 7.564124281287874e8
5.0634477728702784e8, 6.711544031734034e8
6.956034237569455e8, 8.399138923166885e8
2.0951256472758242e8, 5.230210650814992e8
1.7548520176757216e8, 2.2772100686758354e8
6.213276198552536e8, 9.04047489902732e8
2.4290027648583168e8, 4.657162290025125e8
6.455292635341063e8, 9.964960597790374e8
1.664075232779287e8, 2.988698194125501e8
4.5285766816345704e8, 7.216056867206298e8
1.2754019186540744e8, 2.1424320892303962e8
9.016316707985187e8, 9.645030487140304e8
6.742672618177629e7, 2.3092127344173622e8
1.7908594488843107e8, 3.0456646070793384e8
4.768540103234115e8, 6.226491239660815e8
2.752297791730115e8, 3.931014680197526e8
1.2387158652444343e8, 2.431378736847492e8
1.0854707752121013e8, 2.5005146393685788e8
1.7938176571235183e8, 3.1818549524084955e8
3.195352896982185e8, 3.714725246437596e8
4.3770603454349595e8, 5.1986045321734995e8
2.6183906835698745e8, 3.3739832129192615e8
1.4299400340949857e8, 2.1789367263747373e8
2.0828348651807383e8, 2.9996747155881536e8
2.3577188345151165e8, 3.7787364651296026e8
3.9345550983368194e8, 7.336668270027579e8
2.374076906345061e8, 3.164068093142249e8
2.099728540111931e8, 4.761453503979013e8
1.812141262985247e8, 2.52707135040587e8
4.1655423685576224e8, 5.2696177876119494e8
2.078807046589521e8, 2.986206416936657e8
1.6976810272565022e8, 5.104414635551315e8
2.74663969901076e8, 3.836914933338368e8
1.400424667518638e8, 3.050052802602098e8
5.1299894671617746e8, 1.0898297150980616e9
3.6976520840622795e8, 4.384050997472266e8
2.6426587700200042e8, 4.3463844414442164e8
4.15972025844921e8, 4.7372098812398785e8
1.5970595487977126e8, 2.238146892382953e8
4.586932815327464e8, 7.684992116915427e8
1.415003142784387e8, 1.8325578667136648e8
8.337841202864723e8, 1.0008667823459101e9
1.438812487133089e8, 1.979349483765659e8
2.4176469533117646e8, 4.41216877961705e8
1.643041164110994e8, 3.474851606053544e8
1.811176137228034e8, 2.8954962453118205e8
3.8590209627585304e8, 4.6665478033059293e8
1.970719231327928e8, 2.5606102652177024e8
2.0279905410954115e8, 6.96189702843834e8
5.676379603488824e8, 8.952691740533504e8
4.358894107916731e8, 5.079043640054606e8
1.0310141812744665e8, 1.8420801731849074e8
2.1729823793417516e8, 2.882311878807954e8
1.506487038897151e8, 2.733598373133945e8
2.0950680193742022e8, 2.819999697452675e8
1.6129361218535492e8, 2.4029632932533956e8
2.0414391966258952e8, 3.106475711491083e8
2.017075404992643e8, 2.738417066055141e8
2.0325216871016937e8, 3.9403911525765336e8
1.4715773899379283e8, 2.62572033217875e8
1.7809137459196585e8, 2.7689612603160614e8
1.682242278445808e8, 4.1553210131777847e8
9.480889962809604e7, 4.180450439841699e8
1.5724940875480804e8, 3.263949212373861e8
1.7313211228585953e8, 2.501734538453964e8
8.765306562215332e8, 1.0764680733829596e9
2.001364128733287e8, 3.67588260135044e8
2.4194952486324358e8, 3.29264649653926e8
5.0230250504092765e8, 8.125247918490182e8
1.8701450192495686e8, 3.4299692772898614e8
1.3099518555609107e8, 2.1297757832226306e8
3.308218222819593e8, 3.9121636369285107e8
2.652558571893176e8, 3.187456544974715e8
1.299795565298951e8, 1.977574430128899e8
1.1474350422302587e8, 3.739717569252697e8
2.778448658813153e8, 3.967163657636323e8
2.1027352956530967e8, 2.775222776294746e8
1.8174691740275857e8, 2.330140303259052e8
1.78911994685137e8, 2.650185025472496e8
3.846402547152048e8, 5.689567474941512e8
1.789560004596562e8, 3.835235173998366e8
5.352535305484888e8, 8.749234148961313e8
1.7032336846265796e8, 2.6453726573779804e8
1.7643332864665663e8, 9.078042242513932e8
2.3398826088458622e8, 6.08347862759005e8
3.8438079569727117e8, 6.522132252347848e8
3.5252286719909e8, 4.780586045285584e8
3.948558789508154e8, 4.9708829495583856e8
3.0345344417515993e8, 4.7359762187738144e8
1.5557194540889683e8, 3.268587020973292e8
3.8861771111745036e8, 7.180526007990894e8
1.3080942793922512e8, 3.217175260619466e8
3.938662230303335e8, 8.485908522642671e8
1.9307731904289818e8, 2.6445529042916003e8
2.008870840755976e8, 2.5849299957988563e8
1.3532569839315537e8, 2.0496192998475376e8
3.143842531527007e8, 4.3129070755789804e8
2.306264150250263e8, 2.817009040572052e8
1.2764413610452434e8, 1.747515741789076e8
2.765377294527577e8, 3.4876258810593253e8
3.7154813959278643e8, 5.690476575735117e8
1.2706150690129964e8, 2.702227982361371e8
1.2413005675175312e8, 2.1256584726160938e8
1.3306714319308366e8, 2.4256248041886604e8
2.2971104610440278e8, 4.18257727881686e8
4.6355361442819e8, 8.820034593292162e8
1.042127167503491e8, 1.653350889236538e8
1.3629837819603506e8, 6.56585034082243e8
1.3265422187655719e8, 2.2467755015765995e8
2.180834965765856e8, 3.300098117516314e8
2.3730050718964496e8, 5.621048221571914e8
1.4936485419170302e8, 3.4176626875918007e8
1.3422811956096977e8, 1.658636760646692e8
9.0559703290229e7, 2.2349113410482892e8
1.6032181657358718e8, 2.9168506992004764e8
1.5989376988043377e8, 2.3399791226251248e8
2.3718115620925513e8, 3.0704050443358624e8
1.007994517116296e8, 1.535446997623881e8
3.183128708032999e8, 3.8952714584757745e8
1.6981428629868037e8, 3.941709558375052e8
1.957792358456958e8, 5.505440401228085e8
1.1032492336764345e9, 1.3005990598315217e9
1.453558358221347e8, 3.8708899475121945e8
1.68950078352418e8, 4.470002809149462e8
1.4701224338980618e8, 4.586113022020165e8
4.875782837695195e8, 5.51669966734162e8
4.441261482452698e8, 5.11100745722178e8
2.6531195027830106e8, 4.230662293997998e8
1.1072278808326066e8, 1.6818291144114256e8
1.4625729693861336e8, 3.08178046965798e8
1.837695397483716e8, 2.8708589658944666e8
8.820970247693148e8, 9.790870952302679e8
1.4424667562584093e8, 2.316959091034011e8
1.4462289097526237e8, 2.764694634761422e8
1.934218225493839e8, 4.8402244391713727e8
3.3035548393960226e8, 5.032680358441367e8
1.3866668047574854e8, 2.778596620172852e8
1.6936542112259677e8, 3.038672373283919e8
1.4043093803602907e8, 2.0255968487372237e8
2.9539937988152725e8, 4.3162756875817525e8
1.1267206873787804e8, 5.346777443300321e8
2.1446026589905918e8, 3.6558104032909805e8
4.036339851104168e8, 5.65333031549132e8
2.295698058865791e8, 5.631541414643593e8
1.708738971210772e8, 2.6249710172736642e8
2.36616402490099e8, 2.655165968952125e8
1.3962088043218488e8, 1.998301234899483e8
1.3355809733510515e8, 1.861434799143813e8
3.596800386445581e8, 4.679724313568608e8
1.7523621665482286e8, 3.7664995848532546e8
1.2591298498741679e8, 3.0834961804364383e8
1.4815184547568068e8, 2.070145423817098e8
3.345717513789028e8, 3.9915354208180135e8
1.055674920238507e8, 3.335936933769289e8
1.5762593129736152e8, 2.1437130797231212e8
1.21821180438272e8, 1.6908190938365704e8
1.8694653980241635e8, 2.49536168702133e8
2.105318011759928e8, 2.7599011848764324e8
1.2436914264960228e8, 1.952652244561621e8
1.847043996015452e8, 2.4517096811368182e8
1.0842446053061908e8, 2.2568645857653362e8
1.590468765295828e8, 2.3195416485383248e8
5.728533451385447e8, 6.915368169087282e8
1.8753289336783132e8, 2.912656603416177e8
4.400422963883052e8, 5.932756100042216e8
2.729122437137619e8, 3.371905860235416e8
2.2549493913450256e8, 3.3072958108793235e8
1.4970587240802774e8, 2.2074026177911913e8
1.3068179088201663e8, 1.831383575720115e8
3.387421771513531e8, 4.772344120635576e8
1.1439661208819984e8, 1.728722152986046e8
1.1907308825455736e8, 3.793846034240765e8
2.3557988882042602e8, 4.980443270094331e8
3.3283713157998437e8, 4.4817359626249295e8
1.2106513104734394e8, 4.703676312074561e8
3.469527131651523e8, 8.736915506530205e8
2.401317830049021e8, 3.3323829370614654e8
1.4972391409653598e8, 3.200505769497392e8
1.801327718995965e8, 2.434825528345813e8
3.436309682549761e8, 4.020900427525887e8
2.348780384012089e8, 3.064457464853237e8
1.3057532830839582e8, 2.667633590583646e8
1.3736070209808752e8, 1.8776727031561708e8
1.0961375859270823e8, 2.0391077048798102e8
2.148768205538686e8, 3.3621115642889124e8
3.4850130506608444e8, 5.549908801526163e8
1.373617237460332e8, 1.995471960284638e8
1.5450219942947713e8, 3.061365500533958e8
2.791646273268739e8, 4.0584327625339216e8
8.673493610633202e8, 1.0418330527844428e9
2.9069881231073546e8, 4.2276157037945366e8
1.3810134759460577e8, 3.486045104824733e8
1.788865407730601e8, 3.57890291177589e8
1.1976541354498449e8, 1.8389658500044456e8
1.6331578838741043e8, 8.054032896530244e8
4.6540395053091484e8, 5.705299769050918e8
2.0396099557968053e8, 2.92549708985874e8
3.77835576375277e8, 5.149647916931801e8
4.485994744672261e8, 6.88553069581474e8
2.0564278054691753e8, 5.315705758316953e8
2.439492807752194e8, 3.1973684986513937e8
2.998126258073265e8, 4.433295415888067e8
5.1195392377677035e8, 5.706997060961616e8
3.1169553116089666e8, 4.7320783960924834e8
3.384139612361687e8, 4.4368048481151646e8
2.8888804141391253e8, 4.3960470921584636e8
1.978773391470282e8, 2.5129630274613103e8
1.0240813411046718e8, 2.0758504676599663e8
1.0759270130797851e8, 1.4330237299285057e8
3.937278855463791e8, 4.4926413417521214e8
2.3942807465063214e8, 4.718776424199094e8
1.6068189885593477e8, 2.4498893383747208e8
2.95100096289893e8, 3.293640436774936e8
1.4438990247867507e8, 3.399729522294824e8
1.513658069979026e8, 2.5608448074346727e8
1.5171571592550132e8, 2.3250307230452916e8
4.9288609210864455e8, 5.820172956752745e8
1.5384249602584162e8, 1.963774581005354e8
1.5437137516988704e8, 3.7006189020671266e8
1.4622454122209698e8, 3.68975083630193e8
2.0905911946394438e8, 3.767253531288307e8
1.6027907925374526e8, 2.240534742846212e8
2.838038082515251e8, 3.5922393396085835e8
1.5541405152648318e8, 2.807521363782582e8
1.2454468960519102e8, 2.0141342893658137e8
1.7706909336013895e8, 2.492841015187505e8
1.8276340055822334e8, 2.2044246680904964e8
2.4128664793290177e8, 3.7564088342985743e8
2.1273126316038796e8, 2.883703722530769e8
1.7147990572149923e8, 2.793474319806328e8
4.4989669852319187e8, 5.457321974919169e8
2.5306948582721978e8, 3.843030813803688e8
1.237262777223559e8, 2.0223725907789114e8
2.0089711210501942e8, 3.815516707884168e8
1.544932618295348e8, 3.9981107046057487e8
2.427178034752537e8, 3.0526154992287123e8
1.3272090069556734e8, 2.312907985916119e8
2.5843641221762165e8, 4.329995488216398e8
1.519083989099597e8, 4.318178986889291e8
1.9044944095524305e8, 3.895028023539602e8
3.018281009597987e8, 4.89384847652781e8
1.761116771690111e8, 2.753476484138054e8
1.661858419096261e8, 4.278426175603458e8
2.796867829991363e8, 5.362565318869118e8
2.8237703847165895e8, 6.293938570105984e8
7.591152835617666e8, 8.7466697148561e8
1.2961058158076347e8, 2.786983434775583e8
2.0345093113148558e8, 3.56354792725477e8
4.4503107131036127e8, 7.26058825323672e8
1.1668417944889826e8, 2.322517515246329e8
1.5460135244216037e8, 2.1651952854870668e8
2.0829973533554474e8, 3.042245107139286e8
8.112746464040792e7, 1.764597795846106e8
1.3176188332514882e8, 2.006899809949375e8
1.6626036816270772e8, 3.146930538867062e8
1.3207325044317892e8, 1.8556153911641216e8
1.251767500295868e9, 1.3297395011012383e9
2.074440914969614e8, 2.984250539212921e8
1.5953555112333545e8, 5.937644653706591e8
6.3497871744898275e7, 1.5109049292614663e8
3.540275638595318e8, 4.6941569536031413e8
1.0475508341005254e8, 2.0655132194878015e8
1.7961429889549997e8, 2.3369887547718003e8
1.1831551014881125e8, 5.746640905807011e8
2.2160312520611975e8, 3.8964293024089396e8
2.9433537830868113e8, 3.730245165578343e8
3.303516796963419e8, 3.9873244630740553e8
1.7771510845620158e8, 2.4970244365532267e8
1.4206057741488823e8, 2.626349676944266e8
1.2971060966798195e8, 2.6952933859977555e8
1.733070150078061e8, 3.1570862374571437e8
1.145294061745859e8, 3.776369962192097e8
5.477538011348544e8, 7.56349815642977e8
1.8979175342969286e8, 5.515056789520197e8
7.390613979521418e8, 9.055683996189567e8
3.0901550323923373e8, 5.103317130406351e8
6.197491294900324e8, 8.704339538905137e8
1.4254366355933607e8, 2.1245647300665683e8
1.612039332669402e8, 2.1596828575095904e8
6.13837689960356e8, 6.908216804557083e8
8.787947640267497e8, 1.065192815382937e9
2.3507721253707474e8, 3.1225725773103446e8
1.6576484739767116e8, 4.359917719751688e8
7.68223264839319e8, 1.0337781770815275e9
1.1748616822766572e8, 2.605404550135187e8
1.1626773086604491e8, 1.8027619660130328e8
7.758843446554023e8, 8.774632606359224e8
6.424120281887652e8, 7.345088179078181e8
1.7670483006642872e8, 2.8021568870950484e8
2.856365633146628e8, 5.640410510342908e8
3.535031962669224e8, 4.1825874660860294e8
4.8283567358794564e8, 5.407851038119582e8
1.1664402677245726e8, 3.2227565091425157e8
1.651748462683517e8, 3.7592121588570607e8
1.8801464061762625e8, 4.51330490595326e8
1.1474431461187093e9, 1.2877779518639824e9
1.2972039728852984e8, 2.5840936438769332e8
2.81024936015956e8, 4.894117174310783e8
2.7113785695139456e8, 3.5594857068201226e8
1.5154553960924914e8, 4.238544435454073e8
2.743748485840654e8, 3.258823673669813e8
1.6158740977519166e8, 2.4135960271468434e8
2.6041558135412186e8, 3.663885763825684e8
4.7989191905979484e8, 5.941693936293302e8
1.370809504145769e8, 2.6237792958336243e8
1.7415489484320468e8, 2.405472761266455e8
2.1645303565847853e8, 3.375120909267383e8
1.1547451820541175e8, 2.019134338159184e8
1.5777690867496476e8, 2.7694537392354923e8
4.130866780199745e8, 6.430412610628769e8
1.0518854542950316e8, 4.3968837780908984e8
1.5144671229018706e8, 2.5590542912731725e8
1.294161686604108e8, 1.8977956743276185e8
4.100322325134924e8, 5.2976369954068613e8
1.216363088874985e8, 1.67470986925282e8
3.5249260156552166e8, 4.3473309616472584e8
2.3478929165657863e8, 3.120808202536051e8
1.4815420891605118e8, 2.2523631742850357e8
1.2347425567106709e8, 2.541946563972319e8
1.6932906469603053e8, 3.7036969687008756e8
5.38977173391119e8, 6.210111004886729e8
4.6044870324765426e8, 6.261560238195301e8
3.3989501901486677e8, 4.558769683873162e8
1.4217419237980247e8, 3.772384952493047e8
2.5031360866920793e8, 3.3013600913946813e8
2.1405490241146266e8, 3.1473350035380626e8
1.8538879656098682e8, 2.373393693918062e8
1.843374615382159e8, 3.643404795200496e8
1.5268436013202336e8, 3.069728344433232e8
1.01928612060128e8, 3.136394037440275e8
1.8137960308581474e8, 2.2975363444274533e8
1.9543615173534504e8, 2.530935786167812e8
3.6581602654786956e8, 4.8587242717924166e8
2.1220120479636836e8, 2.6575116153492203e8
3.1072455688153833e8, 5.483444427416302e8
2.3603030423527154e8, 3.717884902889208e8
2.8864737431589645e8, 3.567112611434178e8
2.2854052700252038e8, 4.830876952128839e8
1.5205014661623624e8, 2.5158336129595065e8
3.864619395069222e8, 6.296718944634367e8
9.144257691290891e7, 1.6598506222612402e8
3.075684461125616e8, 5.560145564381002e8
1.8773167581143284e8, 3.76842828977578e8
1.287860628423831e8, 1.837094955909442e8
1.2328073301701415e8, 1.7628657139085028e8
2.7405200768989456e8, 4.952973990700213e8
2.788403839356875e8, 5.587013992890799e8
2.187155354208537e8, 3.528307618368275e8
1.346374315969721e8, 5.417450030094146e8
1.7774244649135453e8, 3.1433422757012486e8
2.1737473286170962e8, 7.420973503301024e8
2.178303859635169e8, 4.548367917801315e8
2.4220771358772084e8, 4.3679376191604805e8
3.1641032291149014e8, 5.229028344142311e8
1.934137796575378e8, 2.5474731114746222e8
3.100268988261696e8, 4.798831808245939e8
2.1672840552241772e8, 3.516702505016034e8
1.5747644352475166e8, 2.1660070039452636e8
1.2210879252158979e8, 3.201005316558367e8
2.379256332543306e8, 4.307902820638302e8
2.8987547547747785e8, 3.552877717284173e8
1.870820819988585e8, 2.6038027429335687e8
2.319758221648304e8, 3.20645248927253e8
1.0382589820177744e8, 2.025748944170141e8
1.7693330174880338e8, 3.5226017215389985e8
1.3339512774502693e8, 2.2542900782669577e8
5.292577995164435e8, 6.101775176962094e8
2.631454849305077e8, 3.2949730872797674e8
3.0226868688489926e8, 4.665797426391876e8
1.9870134742173973e8, 5.75237462937743e8
1.0504074711965866e8, 1.7408799323625532e8
1.6434761618103787e8, 2.4318337134192678e8
9.889782310143563e7, 1.420633958117641e8
2.8448120701108843e8, 3.906995900222494e8
2.048621856204629e8, 6.478906140852101e8
1.5176629065081882e8, 5.120007036012787e8
2.841717252558226e8, 4.226383947587663e8
3.237168370330658e8, 4.1592846671360475e8
6.149709995252589e8, 7.011374484618422e8
6.603033556011915e8, 8.658053139793626e8
9.156655253905529e7, 4.5859922284714574e8
1.5565596563382456e8, 3.1488923142820996e8
1.3096746278596565e8, 4.073037587461557e8
1.6054679989655808e8, 2.3512480351675338e8
1.8039525807640576e8, 4.384215571153595e8
1.6464141701340756e8, 3.3313707924644995e8
6.788253747829998e8, 8.027092793368843e8
2.5566088183533943e8, 3.7551036640160054e8
1.3114274903552231e8, 3.090793467396826e8
7.223290720622897e7, 1.500176794651325e8
2.9435447371460027e8, 3.6722506748396784e8
1.4872472265256843e8, 2.3692318557088494e8
1.409693485572174e8, 1.988983281190067e8
1.6590076047767282e8, 3.0323596759235907e8
2.5956752621733138e8, 4.947793197759562e8
2.0638171413694513e8, 4.7014282425410044e8
1.6816540736860386e8, 3.1388858788469154e8
1.1254156250546776e8, 2.4088036705492347e8
1.1080624712404823e8, 1.8655855699781165e8
2.3018276648815605e8, 5.1061925652098745e8
1.9215588161882514e8, 4.711487370798003e8
1.1671618989995097e8, 1.552995750553491e8
4.891893589314441e8, 9.008283742452953e8
1.4507561482010388e8, 3.792591480169109e8
2.836969125990982e8, 6.732388438803242e8
1.228535150407598e8, 4.199882915253069e8
2.45854253947217e8, 5.288114102571732e8
1.3481562208605212e8, 1.8773718747457975e8
1.4484666176145744e8, 2.186954176200933e8
4.7999641083827037e8, 5.933319259612131e8
5.188382766045884e8, 7.410812368749857e8
1.8642393704265776e8, 2.802727704027161e8
1.2485032837565042e8, 5.365373863776708e8
2.1785215816451737e8, 3.548268653784182e8
1.4144176056112272e8, 2.7062973375764316e8
1.397720167751702e8, 2.3734888549215567e8
1.3907315002441323e8, 1.8878492558582443e8
1.357834169909481e8, 2.879070693139333e8
3.0048228933497405e8, 3.872467988625674e8
2.053765505948633e8, 4.430699101234196e8
2.1824517394052243e8, 4.2548720477354974e8
9.183597176496042e7, 1.543968949237405e8
2.5122999248136228e8, 3.062422258877762e8
3.846817131432398e8, 4.824200076869774e8
1.2265929803832151e8, 3.034978707867165e8
2.681985738798262e8, 3.928960629375176e8
1.6284585309802768e8, 2.567924366325406e8
1.3659046031508616e8, 4.059033359514986e8
6.463490674014933e8, 9.151783230289133e8
1.387354808443312e8, 2.4075223676323596e8
3.853726387884408e8, 4.8537602832989335e8
2.0121504919102308e8, 3.1993152861942935e8
1.4852844440272784e8, 3.4214421428838277e8
2.1666864226312238e8, 3.0045053870851153e8
1.5643651296419966e8, 2.8933716860455763e8
1.757457934841037e8, 3.3251929082545596e8
4.614321136070277e8, 5.640202639935288e8
1.0613568602170767e8, 3.415695225549491e8
3.0962947454287475e8, 5.587013065444021e8
1.8985422201818526e8, 3.241706162756151e8
7.456114689508969e8, 8.269969043488388e8
3.990227148601027e8, 5.33457810817375e8
2.980497490144542e8, 4.971439459966173e8
1.686022525931712e8, 3.2003541684901106e8
2.5120700333128196e8, 3.262421001497078e8
1.5805134600207824e8, 3.499518567230194e8
1.2433826403398238e8, 2.159339146042951e8
4.124414889665452e8, 5.0702454066419965e8
3.38311368260267e8, 3.9705332198658204e8
3.4333900523858356e8, 4.6817232647556853e8
1.3648096505663314e8, 2.1326373601526424e8
1.076140187472776e8, 1.7724125026166606e8
1.8964803512978798e8, 2.412392917659804e8
1.7844654902358496e8, 2.747883589729698e8
1.1738292290236607e8, 2.4537089169443873e8
4.2153067123346907e8, 4.8937833108184177e8
4.7780005526019716e8, 5.9011277129002e8
2.251849503029103e8, 2.980888101969805e8
1.9115383356566292e8, 3.569620042054068e8
3.5722369391982424e8, 4.5396083038881373e8
1.5027027028909078e8, 2.463355551416313e8
3.878854986191235e8, 4.8879674509261984e8
3.5208025386010236e8, 4.516993323623188e8
2.0617779478731567e8, 2.5177769198203802e8
1.8579764458457977e8, 5.1865265515453845e8
2.2978094605159992e8, 3.071567642656775e8
1.515028309761686e8, 3.353549201926812e8
1.1929993447047201e8, 2.41232887457629e8
1.6981541336689436e8, 3.559419422159935e8
2.025406606439804e8, 2.7936379989210624e8
1.8074546891674998e8, 3.0303890104922396e8
1.4109560326666045e8, 2.1904646879106772e8
1.9643272236432767e8, 2.982961932103903e8
2.8726182950855225e8, 3.632864363829119e8
1.154266219490921e8, 1.7540113855143216e8
2.747389108407414e8, 4.079088826209966e8
1.8211042154485315e8, 3.698658593088292e8
2.8494883003130376e8, 4.9694304835983586e8
8.928175982676788e7, 1.8580314795027742e8
1.0333139315650095e8, 1.6989832321286985e8
1.3668200869161344e8, 2.489836570836171e8
4.5756781635013574e8, 8.050771838078636e8
1.4798804067685944e8, 2.5719693940480295e8
2.453431985561797e8, 3.209901307464338e8
1.5838271091610256e8, 2.0872620147168165e8
4.608837222173576e8, 8.316652203977945e8
2.723853679776915e8, 3.434917126792019e8
3.0153554406481373e8, 5.924382435718641e8
8.099729403462365e8, 1.2490722084048758e9
3.481554443824259e8, 4.9737363923738766e8
1.1582135255586836e8, 2.53598143348679e8
1.2046201317288534e8, 2.0061339071063432e8
2.1410667229484025e8, 4.372956471631894e8
1.4900164235415474e8, 2.3483107247380915e8
5.674234333121625e8, 7.680462914041601e8
2.2596143545420307e8, 3.1881433442652917e8
1.9124363892003298e8, 3.32708689999755e8
5.611458410356503e8, 7.401251862256483e8
2.3963316484400767e8, 4.3911840138933694e8
1.6344153992289695e8, 2.4713005795246008e8
1.9858228375323284e8, 6.797338862303799e8
3.234537259307093e8, 4.4498280838632655e8
1.518983938828379e8, 2.293854386277192e8
1.319352168822469e8, 2.5070645673361322e8
7.054132420783669e8, 1.1566945793850484e9
1.1507506531183816e8, 1.8207194827541897e8
1.4614110573298034e8, 2.133321500143154e8
2.221950877845006e8, 3.372947308039277e8
1.4603962592076105e8, 2.425180895632849e8
1.4910866931720105e8, 2.2860804859871826e8
2.5900392020938152e8, 3.6694139111690205e8
2.6555522316577846e8, 3.1877311362633044e8
1.0856849378495091e8, 1.90085453987311e8
1.676989322854482e8, 3.095175057540197e8
1.8252444712451157e8, 4.62547689529326e8
1.1111271279812643e8, 1.7579296039774093e8
2.0920622532004428e8, 2.6814216361111596e8
1.5720540885460484e8, 2.036654932447442e8
2.088488746856814e8, 2.941984570801198e8
1.0663841887092945e8, 2.5395007897522852e8
3.146256776319068e8, 4.42074586999001e8
2.3875129050968245e8, 3.37842187077794e8
4.221375007542583e8, 4.953906498232748e8
1.912284625906896e8, 2.955672952534413e8
1.379401280302848e8, 2.1823020585765392e8
1.9637460755516374e8, 2.905493958345904e8
1.042296442428797e8, 1.9214093062871417e8
2.909799960977677e8, 3.4893262649654216e8
1.7798895013143647e8, 2.4238386214073712e8
6.435420528673984e8, 7.772532375741479e8
1.7315304019315198e8, 2.1737194884215608e8
1.9320923628138694e8, 2.8605704303109205e8
5.4073157102616e8, 7.944495511667775e8
2.4707151288642803e8, 3.5374945619038236e8
3.035047177782619e8, 4.187147999899988e8
2.248163541037371e8, 5.407737626837348e8
1.5173159834500775e8, 2.3219047642259946e8
1.3792597207515636e8, 2.1229570827368358e8
1.6531946879071593e8, 2.3488231997525522e8
8.051938631694021e8, 1.1330347051285148e9
1.7753919516719794e8, 2.688408882099465e8
1.353279983192486e8, 2.3056655623751584e8
3.926132302902207e8, 5.649342829659123e8
2.7594758860742843e8, 4.009911667320952e8
1.7268215152069527e8, 6.332750193494444e8
1.6427420741245455e8, 2.2591423606712043e8
1.496764525351369e8, 2.165505954147248e8
1.9357277059569845e8, 3.7841479074095917e8
1.916444710890632e8, 2.694622081708923e8
5.0187762019824964e8, 5.990432953990875e8
6.53603788114867e8, 7.844327673672346e8
3.635289322925033e8, 4.5896141907479084e8
1.7590317414546466e8, 3.566625971541018e8
1.944924142007177e8, 4.852695098986413e8
2.1141614217848882e8, 2.832763288396912e8
1.5456987561967576e8, 2.0865887209465066e8
1.3739103316144863e8, 2.235548422649157e8
1.357656771047974e8, 1.9205609061693123e8
1.5318381480985588e8, 2.1756606976969093e8
2.4534273669601887e8, 4.0343010595867723e8
1.4626297094423282e8, 4.9343689521123266e8
4.221005090426979e8, 6.316641720099151e8
3.764388131430385e8, 4.571081432043492e8
4.679113382449437e8, 5.553242070181276e8
8.172697473250071e8, 1.0152447310812944e9
8.397502223751028e7, 1.381423312964624e8
1.5099219237325588e8, 2.8779577469965744e8
1.9085622507678714e8, 2.3874595678122097e8
1.2845250715566908e8, 3.2172313273487884e8
2.0434298047294623e8, 4.120640231542236e8
1.5995127280517527e8, 2.782240517074424e8
1.203355823815726e8, 2.4102212720031157e8
1.9473920901311582e8, 2.2644412046637285e8
3.648195784707381e8, 4.445270853431348e8
4.466392302622211e8, 6.036754190830741e8
6.427328811957799e8, 7.208791964040713e8
1.6745728778400755e8, 2.5486746673379138e8
1.7290574068128532e8, 2.6033267090216e8
2.9335596079105264e8, 7.273417080231075e8
2.6830828028370014e8, 4.0232070398537546e8
5.411562249317626e8, 6.171638932661657e8
5.2629344498685855e8, 5.870666830773964e8
2.2756105365632093e8, 2.8135505727334356e8
1.6806850777379948e8, 2.324178568865254e8
2.091755390017583e8, 2.5564560853919014e8
1.6340042643869334e8, 3.414606930180923e8
1.2323907262678893e8, 2.7159014824981666e8
1.2409276199420474e8, 2.4879684306506807e8
2.7654298483722264e8, 3.9293078814415145e8
1.4119999725623176e8, 4.143021548095261e8
1.6809650769410324e8, 2.08454378203321e8
1.6020233293358192e8, 2.361889653133158e8
1.936205406615659e8, 3.0704611192940557e8
8.068803021299329e8, 1.1294035365342474e9
3.481561036082526e8, 7.114182819323707e8
1.599049556169807e8, 4.624390560479309e8
3.398977458797968e8, 5.1519656063040984e8
1.39673581598039e8, 2.1323719647024488e8
1.5129795656767994e8, 2.2485936546253777e8
3.683078000952279e8, 4.793804810073736e8
5.699074326570333e8, 7.401112140567473e8
2.1682362316549072e8, 5.463644774217749e8
1.4566523711616638e8, 1.9839163636512238e8
9.043998107218641e8, 9.963215398752524e8
1.1568543372180237e8, 2.229817253748337e8
1.2171894070560491e8, 2.5512859291435513e8
3.295461052738115e8, 6.603827413115149e8
1.4234826977865684e8, 3.2937934252554e8
5.168279406176244e8, 6.775220988093462e8
1.2297539377248394e8, 1.892443720749522e8
4.834406639544847e8, 6.068560851041509e8
4.4085475934775025e8, 5.451055087871927e8
1.339265467356118e8, 1.8387544292312467e8
1.0604926213422494e8, 2.0349024375791287e8
3.092871089041366e8, 3.6377993038703066e8
1.2858693140817581e8, 4.259582289330703e8
9.167001338306253e7, 1.9169546988929966e8
1.1878396757144603e8, 1.8231110579734233e8
1.841572377554539e8, 2.6570738815713653e8
2.063486459146421e8, 4.074952977165011e8
4.17387097946579e8, 5.76046787157413e8
2.6505262931655705e8, 3.881455233518938e8
3.104278306102338e8, 4.1069427823892486e8
3.130201326480821e8, 3.935818306114639e8
2.0916078144461384e8, 3.410480461759754e8
1.634877231541858e8, 2.3423566610838497e8
5.402814935213269e8, 5.688383774867581e8
3.7804851289131767e8, 4.8293735015380645e8
9.764188262366046e7, 2.3876591352795747e8
1.2691682106205744e8, 3.1225069339294034e8
9.664678429449482e7, 1.878541221784478e8
1.355225084841121e8, 4.385096475468586e8
2.0522458180505618e8, 2.5804568241547385e8
1.4750713138798407e8, 3.038869884839657e8
3.367957047957946e8, 4.486423245650678e8
1.58638882084308e8, 2.3478803497958183e8
3.73873020321928e8, 4.587667103525335e8
1.108880733232092e8, 3.190450746543567e8
5.722677443190634e8, 6.693889573629278e8
5.633269113598348e8, 6.286536598247201e8
3.659896149998422e8, 7.084173624069959e8
2.3369807793915725e8, 2.966678360429038e8
2.710988123563065e8, 4.0565777845466244e8
1.5907261249379128e8, 2.054424516535276e8
1.9519654414977923e8, 4.3750814844155884e8
1.6079410178970847e8, 6.566173329697443e8
2.3407590376493135e8, 3.451605685867137e8
1.1909551444119038e8, 5.879090872759261e8
4.058059576800277e8, 4.907065306942468e8
1.6067427734193078e8, 3.6195481589608467e8
1.8914655392862234e8, 2.753043896591973e8
1.68543592401927e8, 3.111249276533912e8
1.0742788512770328e8, 2.036752131603708e8
1.3656074493623033e9, 1.4402958804777813e9
5.500573388557417e8, 6.33528384501618e8
2.050847808299911e8, 2.476011948336266e8
1.603350922584044e8, 2.239579160557767e8
1.6764806884797728e8, 2.3209063294499186e8
2.7358938121256524e8, 5.733487544366066e8
1.3416840770591258e8, 2.179801641239703e8
1.585613511004036e8, 2.230026562784744e8
1.8606829551302853e8, 2.6398803434019566e8
3.6984159414658946e8, 5.1560990761376035e8
1.4855929995175645e8, 3.832755870857799e8
1.2771084567572813e8, 2.821352927896194e8
2.6619108322138953e8, 3.4950396190361047e8
3.130090295674815e8, 5.401879677420137e8
3.2190472101477706e8, 7.134251422156938e8
1.5039049007044646e8, 3.630455424739009e8
5.060927602691403e8, 9.5562801394554e8
3.506972668407379e8, 7.029489477564303e8
2.930959752620026e8, 6.206991947383184e8
1.9826997313497978e8, 3.3095109043531096e8
1.7646161076703095e8, 2.936863380415199e8
1.314896177546062e8, 1.94589297794802e8
3.9633923959284616e8, 4.758621101611342e8
1.2262774095677103e8, 2.888944919647366e8
1.5655576719247025e8, 2.2238904253628585e8
8.100898732242687e8, 9.197068497356586e8
2.54947550764567e8, 3.34210408250764e8
1.1773879461657813e8, 3.50068401477895e8
2.4328691429527336e8, 3.4579479936040425e8
1.2644704156932922e8, 2.5180751632908118e8
1.9480064167223674e8, 3.1592452915401113e8
2.4376631140982255e8, 3.7539154364497e8
1.5205593503461358e8, 2.556525486024979e8
4.45339574186537e8, 6.100217722624483e8
7.541499407403748e8, 9.002800996959203e8
1.1315672544762434e8, 1.9084728113545814e8
2.3106705322510338e8, 3.367791558792504e8
2.6290796032067353e8, 4.6222628192461705e8
6.665718500244465e8, 1.0041911996835514e9
1.823252070738351e8, 3.2695329360256e8
3.5181680432822686e8, 4.629337039802818e8
1.5061453897539884e8, 2.39002305795844e8
2.673994795119691e8, 5.160817157665011e8
8.997120695250816e8, 9.652447634710932e8
8.592149237709196e8, 1.0737818303431141e9
2.762933774854353e8, 7.836938431373703e8
2.1286934769505528e8, 2.910391888115152e8
1.432383778308009e8, 3.7285935249285173e8
1.3362115046791661e8, 2.5611115410616443e8
3.335978739343085e8, 4.6356870586848444e8
1.3435111788160846e8, 2.0748372333586505e8
1.7767393017064735e8, 5.185675153506705e8
2.1876686006138468e8, 4.1827014047781116e8
2.8165220521086544e8, 3.7787053598428786e8
1.5646061221230984e8, 4.10951304889954e8
1.4630556790697187e8, 1.9587971174650517e8
1.7796753752943757e8, 4.6593698244555366e8
2.835663144976916e8, 5.1036770461077565e8
1.9574029716196737e8, 3.505371653881183e8
1.3045267623346803e8, 2.3791596161678648e8
1.5488556036855733e8, 2.4454283050173384e8
4.3537069926225823e8, 5.231110706547808e8
7.751444597030717e8, 8.713417156881224e8
2.802329085984793e8, 4.76831606965792e8
1.6893328261289603e8, 2.4136092677099982e8
1.883158435369312e8, 2.579040657520194e8
1.6724153074357304e8, 3.422765600804241e8
3.321811726612853e8, 3.8015655892759717e8
3.522396644109898e8, 5.974626198194962e8
7.727614755232154e8, 9.537070608819046e8
4.636535283408479e8, 6.172944242049204e8
2.9501573385581577e8, 4.1272460432924074e8
4.4715993348457617e8, 7.438024139246224e8
1.7182552241117108e8, 2.661925049898961e8
2.1105123392872566e8, 3.06666442744204e8
1.4179951570516378e8, 2.7138136198913765e8
6.580454539335124e8, 7.596034611503613e8
1.3182537559017113e8, 2.630965085112834e8
1.3262482332640193e8, 3.1636972042346215e8
2.0695879056597552e8, 2.5058884268973422e8
3.5128986137561667e8, 4.7453679425960624e8
1.2937345045548627e8, 3.1817878792473745e8
1.0307558011366324e8, 1.5923891700805137e8
1.609966990365478e8, 4.744332547705833e8
3.5969717107285523e8, 5.867987246586002e8
4.0499542613528883e8, 6.573750756137971e8
5.484239952598051e8, 6.428710314709313e8
1.378295450619881e8, 1.8164237852707872e8
2.5258583632449442e8, 3.288026437109578e8
2.9686704153500694e8, 4.952992686202515e8
1.2422803727974308e8, 1.9434153570057866e8
1.543168834873226e8, 2.5428950610896015e8
1.2766928725470011e8, 1.9116736952976194e8
1.455572579694415e8, 1.894742848255768e8
1.3687480973655295e8, 2.7097576322244895e8
2.9820931424152905e8, 3.803548076130117e8
1.5973162178590328e8, 2.4889028827186605e8
1.5606765896670833e8, 2.1876953768874377e8
1.2212913276551208e8, 2.5253543671362647e8
2.9538078258033407e8, 3.593722088116025e8
2.1951941338897377e8, 3.839932611148474e8
1.5261414207643014e8, 2.1945340289916918e8
3.1678586207514423e8, 5.506529845469637e8
1.2568939552031542e8, 2.1600886636591455e8
6.346374572343669e8, 1.0091274478212339e9
1.856472202353714e8, 2.7355117941076803e8
3.364190204586266e8, 5.309152777909067e8
1.4947419056764108e8, 2.7583708891806304e8
1.5469805603988618e8, 2.933978015353598e8
2.9456747308170766e8, 6.056990433044212e8
1.6088255408443204e8, 3.1989252781510097e8
3.031605585857503e8, 4.3830034528202206e8
1.1392519496482053e8, 2.437670804178072e8
2.4818545143819284e8, 3.3382780776288164e8
1.0261920347196673e8, 1.6198143529331398e8
4.301684513112587e8, 5.455238600904312e8
2.1293550178950167e8, 3.7460156539291555e8
1.853847962395886e8, 2.7649051977132046e8
3.245144032701512e8, 8.070831585871004e8
2.0076050332774293e8, 3.449497749966082e8
5.833864633531739e8, 9.341037513218243e8
3.0234784391669965e8, 3.9878361485924155e8
3.406526466224488e8, 7.583327967523005e8
4.2889566843789965e8, 6.961003026326501e8
2.0757409791823477e8, 2.729016360206536e8
1.5991649073119372e8, 2.1497607485255718e8
4.602672318411223e8, 5.1168751798105025e8
3.087336309791937e8, 4.088884669308718e8
8.597564206439766e7, 1.9052459892436886e8
2.1935129475696456e8, 2.795275434653521e8
8.470834215838839e7, 2.871734134281395e8
1.7526187175374484e8, 3.11106866701529e8
2.7915508558940154e8, 5.356760628460066e8
2.4493907353139585e8, 4.095715404209767e8
2.1252062125857365e8, 3.3098040082824737e8
2.90920403919451e8, 5.62188496557875e8
1.348193720547636e8, 2.952619310572421e8
2.0862401422527868e8, 3.135773424476717e8
2.022476528359386e8, 2.907182950061116e8
5.390769923084698e8, 6.433094402820452e8
2.1589368109700128e8, 3.45745127000907e8
3.83701329644822e8, 5.649153840044312e8
1.9121121961710837e8, 4.509522366847552e8
3.003718237659562e8, 4.7252805338990724e8
3.0359276790390885e8, 4.405721009902724e8
8.998195696087103e8, 1.1937072238470628e9
1.2073620132472277e8, 1.651935750417788e8
1.7350889595144635e8, 3.524204244850828e8
1.5482298500176528e8, 2.5025774071744418e8
1.0848261268427737e8, 1.5989276976144958e8
1.665123561442706e8, 2.1660516922303948e8
1.352760942350234e8, 3.214654152600462e8
1.0648350838074248e8, 1.622821457781507e8
3.669637046238178e8, 4.186489436583166e8
3.268437599015818e8, 3.9379315866308224e8
4.966142470894293e8, 5.483511738077794e8
3.1008450166616535e8, 4.592984851822442e8
1.5050766361010483e8, 2.5497734922675547e8
2.4498555421229836e8, 3.038399040045304e8
1.6849893228762445e8, 2.1846364315343976e8
4.109339970574501e8, 5.136725533051468e8
1.4415013990802622e8, 1.847486099317784e8
1.2114701550267984e8, 8.031443721631539e8
1.3094594255572534e8, 2.6348399983000875e8
3.699942434107733e8, 4.899545319249394e8
3.613200177716609e8, 6.62011591599433e8
5.725000554181299e8, 6.855042406420239e8
2.030073566860084e8, 3.2237519673359734e8
1.0284203087579973e8, 1.8453965251711577e8
1.6670432132516065e8, 3.6626641516696393e8
4.612107158417111e8, 5.454643320799814e8
1.0776699019464897e8, 1.896064125946405e8
1.886464419325407e8, 4.537184973378985e8
2.421836908700762e8, 5.1455120298106164e8
2.6179438633219862e8, 4.494938827775736e8
4.1264438953730327e8, 7.223001073518472e8
2.8358686933943725e8, 3.420902691391766e8
3.8857983325098085e8, 4.492481083604526e8
4.923336370926463e8, 6.573062433192246e8
1.5964373348133647e8, 3.6407264228670937e8
1.9828568589579952e8, 2.5714368227366522e8
1.9759762584426188e8, 2.9209700159294856e8
2.3632378559073117e8, 4.818218459967504e8
1.9066681514673316e8, 4.0757984336997247e8
1.1518415609593368e8, 4.2909572554830384e8
1.787592001114992e8, 3.7813870072154623e8
1.9776432599285963e8, 8.020161976900054e8
3.003920909091144e8, 4.0213515183135855e8
1.6118742006129223e8, 4.601185315627446e8
1.39927362980597e8, 3.048549822122535e8
1.1102233310559067e8, 2.1730609293186963e8
1.7404360125898466e8, 3.004099830024736e8
7.583273845558771e8, 8.600906909642394e8
6.667420393578529e8, 7.942697110774086e8
3.1458977564732873e8, 4.1758614502971375e8
3.924879478966265e8, 4.600892946780652e8
4.2666005560132277e8, 4.9741503759919846e8
1.8148279050662085e8, 2.870907019020114e8
7.178336794818873e8, 9.730029865862283e8
1.5539201741815948e8, 2.5299803649454027e8
5.702213033535461e8, 6.664434550218486e8
1.6798488822264183e8, 2.702335976881958e8
3.9650110373974323e8, 4.9461318353837544e8
2.5608594862610206e8, 3.940381630167659e8
2.6218078871610847e8, 3.1876133529482675e8
1.6389900744167972e8, 2.2834883547049654e8
2.073485283498387e8, 3.6549965746528053e8
9.797146475815564e7, 1.8125492809752887e8
1.9305297314907566e8, 3.0138563411965126e8
4.518343795458912e8, 5.785785379763179e8
7.495981929050713e8, 8.211971150607492e8
4.609394627982308e8, 6.321887008382367e8
3.3530908233971363e8, 4.8014411552453977e8
6.044657443507631e8, 1.0529290130690954e9
2.0049193394260526e8, 4.3476995259621125e8
1.630245281439616e8, 2.761184221148056e8
2.7467099100830686e8, 3.680883338122217e8
1.6043025951291427e8, 2.2789145462294373e8
1.8581927970818177e8, 2.5289264961615393e8
4.493565057915531e8, 5.666837439236693e8
1.9917913007395396e8, 3.848914663411719e8
3.2867985753053623e8, 5.804808628023764e8
2.1398808970699117e8, 3.449354031830991e8
1.443269856625407e8, 4.3255151064969915e8
3.4163393337486756e8, 5.1138002481379473e8
2.3504339356659797e8, 3.534377928069358e8
1.5316295121400777e8, 2.3976386358517793e8
2.8392665074367094e8, 3.480652711444665e8
4.4723183893968445e8, 7.423974853653587e8
1.6483804803834006e8, 2.3720988054508153e8
2.6145743669780362e8, 3.6454875955074215e8
3.11159685178251e8, 4.2690564858409756e8
1.928314905601474e8, 3.727518710575333e8
6.987528454424348e8, 1.0720066371502085e9
1.7906119524935704e8, 2.893493432035437e8
1.3649984921830997e8, 2.952688656236479e8
1.9126064125004756e8, 2.720505419058535e8
1.7929480917356518e8, 3.633829340983451e8
1.4601911686026627e8, 2.3369155653956914e8
3.685327926758084e8, 4.739468545121264e8
2.0041607792212188e8, 2.735558652262571e8
4.3259033272508055e8, 4.977259572221299e8
7.278835824282216e8, 1.2522130428925304e9
2.0204224710039198e8, 3.1848135470711356e8
2.892921420470107e8, 3.688801673592978e8
1.804527847466555e8, 3.8325257402463347e8
1.2592080680308774e8, 4.487691751243434e8
1.2679822557037132e9, 1.4496931131157086e9
4.874225962431169e8, 6.009962409620163e8
1.2094966177463485e8, 2.0271943897628444e8
4.3573569715398663e8, 7.312245669876388e8
2.1179399814823177e8, 4.250340003948855e8
1.9845146571022063e8, 3.160359145032992e8
5.963257699466041e8, 6.757410032906313e8
1.9187571060411447e8, 2.492535976238392e8
2.701286422301979e8, 3.9945802927341574e8
2.6307872528577232e8, 4.3474225802007e8
1.3211283404538572e8, 2.4198265582002902e8
1.847198026191886e8, 2.5890459137472987e8
2.418473779036722e8, 3.0635070746235085e8
1.5758145289567995e8, 2.116449921385922e8
2.114815947251706e8, 7.26136265275304e8
2.2468304166524997e8, 2.797585516056235e8
5.81445013015702e8, 6.365350135424974e8
2.0898982472150594e8, 3.2283948646811116e8
4.765813656938392e8, 6.592821614164622e8
4.562035335793109e8, 5.144981816818137e8
9.75638128769138e7, 1.6629179845313075e8
2.714348707693221e8, 3.5736021946887255e8
1.545238023438419e8, 2.416880614780421e8
1.5821692412441987e8, 2.3957427055205667e8
1.7867583315122804e8, 2.5223170918727234e8
1.1382090115750512e8, 1.9463179582993603e8
2.2445776787950996e8, 7.811276196668164e8
2.245900989313641e8, 3.223182906703467e8
5.082899097391569e8, 5.910673469418926e8
1.1239455052765933e8, 1.903978284107425e8
1.412479028603121e8, 3.4919673858218324e8
1.6981407421142456e8, 2.4511778809112698e8
1.8123895466372308e8, 4.1967571311332786e8
