(1,18297.7,56227.3,0.0,0.0,9550.79,0.0)
(2,18225.12,57565.88,0.0,0.0,9240.55,316.32)
(3,18338.45,58033.55,0.0,0.0,9114.01,4490.82)
(4,18096.19,56886.66,69.15,79022.82,8814.38,6292.15)
(5,18020.99,55650.68,129.32,147790.7,9173.36,2481.54)
(6,18146.32,54991.11,172.57,223175.15,9299.54,715.16)
(7,18199.38,54921.32,195.3,280742.01,9783.52,722.36)
(8,18118.5,55908.26,317.23,537134.01,10087.67,995.22)
(9,18294.69,55963.13,513.17,1.09600793e6,10041.46,977.1)
(10,18377.15,56168.0,769.85,2.1733361e6,10388.37,697.75)
(11,18397.72,55570.93,1097.35,3.47545994e6,10057.31,443.03)
(12,18305.86,55258.49,581.65,1.55638203e6,9600.26,289.33)
(13,18162.75,56130.22,232.04,335796.43,10226.36,699.62)
(14,18190.48,57259.24,341.28,433958.29,10490.29,3334.28)
(15,18180.46,57752.83,438.71,642547.61,9664.04,6487.08)
(16,18191.27,56294.24,566.49,848252.08,9645.24,5622.26)
(17,18274.53,54800.54,725.93,1.19617701e6,9590.03,2274.24)
(18,18462.5,54081.91,765.58,1.34578596e6,9353.2,613.45)
(19,18454.61,53947.29,914.1,1.78796825e6,10324.72,594.12)
(20,18417.47,54939.1,987.43,2.42763946e6,10350.66,917.12)
(21,18679.13,54744.42,1347.45,3.77524e6,10501.17,953.53)
(22,18972.62,54768.94,1573.43,4.79582979e6,10727.35,606.54)
(23,18889.38,54326.85,1849.77,5.82337231e6,10284.15,240.76)
(24,18679.51,54592.64,873.85,2.08733947e6,10093.89,206.15)
(25,18569.4,55465.67,489.93,649636.26,10373.24,472.43)
(26,18131.52,57195.97,463.51,565566.57,9941.73,4114.68)
(27,18046.34,57571.92,753.74,1.08794747e6,9559.64,6352.77)
(28,18204.64,56069.06,778.29,1.17584244e6,9621.02,5096.64)
(29,18181.8,54832.74,786.45,1.27355975e6,9699.5,2072.03)
(30,18349.07,54048.17,912.76,1.60017211e6,9468.0,494.5)
(31,18381.13,53855.13,1079.73,2.13489859e6,10119.05,549.67)
(32,18465.57,54514.1,1364.33,3.29789535e6,10414.8,531.85)
(33,18636.49,54329.76,1804.75,5.40400292e6,10403.62,649.52)
(34,18834.39,54407.78,2072.83,6.56939703e6,10402.37,515.09)
(35,18886.08,53891.4,2288.52,7.45581059e6,9912.51,217.47)
(36,18817.2,54520.95,807.85,1.95028129e6,9136.6,152.67)
(37,18200.15,56046.99,277.87,340695.76,9868.62,475.27)
(38,18020.47,57256.55,513.99,648627.52,10071.18,3161.78)
(39,17997.17,57697.32,677.5,950705.82,9785.85,6207.22)
(40,18084.71,56180.09,787.2,1.16217708e6,9925.17,6009.36)
(41,18343.54,54526.18,931.28,1.45910472e6,9983.24,2449.83)
(42,18507.03,53812.91,990.06,1.74923698e6,9755.61,596.52)
(43,18460.17,53671.5,1184.33,2.44568795e6,10419.71,567.85)
(44,18403.32,54542.48,1398.19,3.44831536e6,10320.41,399.45)
(45,18485.9,54638.63,1646.47,4.45418627e6,10318.29,401.94)
(46,18788.92,54553.41,1972.67,6.2333623e6,10349.03,381.35)
(47,18703.62,54355.75,2006.64,6.38691061e6,9660.99,342.92)
(48,18690.79,54675.41,779.8,1.86439544e6,9527.92,165.87)
(49,18686.98,55438.56,399.45,495998.36,10557.99,438.73)
(50,18605.17,56574.15,611.68,774690.73,9477.21,3979.9)
(51,18536.11,56985.6,850.3,1.27848635e6,9790.92,6324.69)
(52,18558.76,55543.97,949.27,1.60908935e6,9863.0,5329.69)
(53,18688.43,53981.27,1131.3,2.06456873e6,9638.72,2505.11)
(54,18835.88,53271.32,1202.8,2.42897763e6,9432.33,550.27)
(55,19049.54,52722.09,1544.37,3.4039565e6,10224.44,557.05)
(56,18991.02,53503.03,1849.95,4.91751353e6,10613.34,607.83)
(57,19179.6,53394.9,2196.49,6.8538668e6,10455.86,700.16)
(58,19208.31,53660.9,2445.79,7.93944077e6,10360.41,673.24)
(59,19453.47,53175.21,2437.32,7.79435751e6,10083.26,295.79)
(60,19361.79,53933.55,850.65,1.78231509e6,9443.18,354.08)
(61,19360.81,54392.67,771.52,937732.7,9983.88,491.1)
(62,18945.25,56180.98,664.78,839407.39,9822.56,3890.34)
(63,18650.2,56936.67,785.13,1.07391587e6,9486.39,6715.36)
(64,18786.83,55297.81,967.36,1.43657653e6,9633.06,5895.84)
(65,18656.29,54244.47,900.25,1.52544356e6,9935.44,2726.22)
(66,18940.55,53494.66,874.79,1.44456698e6,9445.69,798.93)
(67,19063.83,52905.6,1346.57,2.92595155e6,10562.43,724.23)
(68,19102.89,53666.81,1574.29,3.81838392e6,10769.39,934.07)
(69,19134.34,53949.5,1687.16,4.67090747e6,10468.22,621.7)
(70,19120.56,54201.85,1992.59,6.36805027e6,10583.58,429.87)
(71,18924.07,54331.6,1810.33,5.50136884e6,9498.89,152.44)
(72,18446.34,55170.43,529.23,1.08674758e6,9165.0,580.4)
(73,18506.65,55564.42,453.93,536628.86,10420.18,627.47)
(74,18448.03,56854.86,488.11,612188.72,9989.9,4070.73)
(75,18181.6,57500.55,689.85,918604.04,9572.49,6486.9)
(76,18509.45,55621.67,920.88,1.36506613e6,9791.83,5532.48)
(77,18574.6,54373.57,852.84,1.34304121e6,10088.75,2297.44)
(78,18613.5,53809.48,887.02,1.41895027e6,9472.22,558.71)
(79,18656.83,53551.09,1108.09,2.17719009e6,10478.44,860.41)
(80,18653.56,54480.76,1209.68,2.65843142e6,10618.02,978.04)
(81,18839.23,54444.66,1487.11,3.95190072e6,10281.68,753.64)
(82,18973.28,54437.79,1903.93,6.04584162e6,10321.02,805.52)
(83,18746.67,54637.16,1682.17,5.16926062e6,10109.56,343.9)
(84,18490.62,55200.72,454.66,941665.86,9274.82,325.12)
(85,18280.0,55877.5,367.5,453798.34,10388.2,301.57)
(86,18200.76,56968.96,621.28,797781.61,9958.88,3665.13)
(87,17883.81,57823.08,665.11,893904.77,9348.77,6852.93)
(88,17783.25,56625.67,643.07,986017.78,9511.74,5855.59)
(89,17876.74,55161.5,762.76,1.34261004e6,9530.94,2602.59)
(90,18016.31,54471.67,822.02,1.63812262e6,9396.27,1644.12)
(91,18175.02,54085.02,1055.96,2.34147244e6,10431.69,1074.88)
(92,17964.92,55197.65,1181.42,2.96678896e6,10475.78,1117.41)
(93,18069.34,55361.65,1340.01,3.55259003e6,10450.97,929.82)
(94,18433.03,55161.88,1720.1,5.18625055e6,10075.77,650.13)
(95,18489.63,54870.2,1706.17,5.27121755e6,9567.08,338.47)
(96,18452.02,54908.06,785.92,1.89741616e6,9239.47,188.85)
(97,18267.63,55791.28,466.09,631562.7,9762.82,793.09)
(98,17767.43,57421.63,601.94,775297.7,9699.96,3664.08)
(99,17481.76,58115.54,774.7,1.10168852e6,9046.01,7209.56)
(100,17672.56,56428.94,950.5,1.50507086e6,9467.41,6266.99)
(101,17578.17,55232.59,990.24,1.80698382e6,9441.03,3020.28)
(102,17748.17,54546.5,1015.33,1.90644075e6,9635.2,1094.44)
(103,17690.76,54390.3,1234.94,2.76749347e6,10482.85,1417.91)
(104,17514.55,55444.23,1385.22,3.72336522e6,10478.57,1095.0)
(105,17652.92,55544.65,1573.43,4.59411121e6,10313.97,1388.11)
(106,17678.84,55812.42,1823.74,5.92334822e6,10065.36,781.12)
(107,17510.63,55691.3,1864.07,6.0257004e6,9427.23,400.1)
(108,17062.34,56445.25,638.41,1.5510905e6,9062.91,381.33)
(109,16805.7,57311.68,407.62,489789.4,9720.33,432.22)
(110,15546.89,59765.36,478.75,585921.64,9894.74,3891.29)
(111,15296.33,60419.15,656.52,881451.48,8996.5,6389.22)
(112,14919.09,59432.33,700.58,1.01535895e6,9209.72,5614.56)
(113,15013.74,57870.63,916.63,1.49126786e6,9274.41,2453.39)
(114,15208.45,57096.3,1005.25,1.68849947e6,9123.22,698.9)
(115,15363.87,56650.0,1302.12,2.56803093e6,9817.35,611.4)
(116,14912.38,57959.35,1472.27,3.28416658e6,9759.6,531.22)
(117,14971.21,58009.77,1790.02,4.81603231e6,9476.12,849.64)
(118,14319.47,58884.71,2110.81,6.55658525e6,8883.66,1846.59)
(119,13036.0,60204.03,1825.97,5.80973761e6,7986.79,5414.69)
(120,11051.71,62324.38,769.9,1.95317235e6,6578.8,2554.0)
###################
(1,18297.7,56227.3,0.0,0.0,9550.79,0.0)
(2,15747.7,56175.8,0.0,0.0,5304.16,0.0)
(3,14501.7,55576.3,0.0,0.0,5633.15,0.0)
(4,13177.7,54256.3,0.0,0.0,5063.93,0.0)
(5,13177.7,52609.88,0.0,0.0,5192.5,0.0)
(6,13177.7,51892.3,0.0,0.0,5687.49,0.0)
(7,14501.7,51528.0,0.0,0.0,6602.62,0.0)
(8,13177.7,50733.08,0.0,0.0,6695.34,0.0)
(9,12846.18,50220.1,0.0,0.0,6401.62,0.0)
(10,13177.7,49740.84,0.0,0.0,6274.61,0.0)
(11,12954.8,47209.16,0.0,0.0,5629.51,0.0)
(12,10945.2,48604.7,0.0,0.0,5072.0,0.0)
(13,10945.2,49830.65,0.0,0.0,5483.97,0.0)
(14,9740.02,50167.45,0.0,0.0,5786.1,0.0)
(15,9699.5,50719.4,0.0,0.0,5872.45,0.0)
(16,11369.38,49465.4,0.0,0.0,5426.83,0.0)
(17,13177.7,46399.7,0.0,0.0,5075.85,0.0)
(18,10945.2,45157.9,0.0,0.0,5157.08,0.0)
(19,12215.57,45166.1,0.0,0.0,6772.56,0.0)
(20,10945.2,46112.8,0.0,0.0,6583.27,0.0)
(21,12306.4,45459.9,0.0,0.0,6297.09,0.0)
(22,13509.7,42802.24,0.0,0.0,5918.31,0.0)
(23,13177.7,41043.34,0.0,0.0,5078.65,0.0)
(24,11819.14,47135.38,0.0,0.0,5457.4,0.0)
(25,10804.06,48964.75,0.0,0.0,5798.35,0.0)
(26,9923.5,50167.45,0.0,0.0,5500.84,0.0)
(27,9699.5,50719.4,0.0,0.0,5796.21,0.0)
(28,10549.63,48979.16,0.0,0.0,5369.74,0.0)
(29,10935.9,46728.39,0.0,0.0,5141.65,0.0)
(30,10945.2,45157.9,0.0,0.0,5259.28,0.0)
(31,10759.2,45166.1,0.0,0.0,6572.4,0.0)
(32,11974.4,45075.6,0.0,0.0,6498.59,0.0)
(33,12954.8,40675.75,0.0,0.0,6250.18,0.0)
(34,12965.67,39531.74,0.0,0.0,5503.32,0.0)
(35,12080.69,39498.43,0.0,0.0,4935.91,0.0)
(36,10945.2,47430.58,0.0,0.0,4649.84,0.0)
(37,10061.5,48964.75,0.0,0.0,5211.49,0.0)
(38,10061.5,50167.45,0.0,0.0,5897.19,0.0)
(39,10055.21,50719.4,0.0,0.0,5529.0,0.0)
(40,10945.2,48489.1,0.0,0.0,5439.41,0.0)
(41,12447.29,46350.1,0.0,0.0,5214.67,0.0)
(42,13177.7,45157.9,0.0,0.0,5449.86,0.0)
(43,13177.7,44150.4,0.0,0.0,6684.24,0.0)
(44,12533.82,45075.6,0.0,0.0,6392.49,0.0)
(45,12954.8,44638.41,0.0,0.0,6162.73,0.0)
(46,13177.7,40611.78,0.0,0.0,5681.87,0.0)
(47,11273.84,39867.72,0.0,0.0,4936.74,0.0)
(48,11155.67,46838.47,0.0,0.0,4979.06,0.0)
(49,11925.6,48964.75,0.0,0.0,5988.22,0.0)
(50,11847.44,50167.45,0.0,0.0,5970.75,0.0)
(51,10945.2,50709.73,0.0,0.0,6298.76,0.0)
(52,11974.4,46570.05,0.0,0.0,5807.63,0.0)
(53,12954.8,45106.35,0.0,0.0,5218.41,0.0)
(54,13177.7,44651.45,0.0,0.0,5290.54,0.0)
(55,13177.7,44150.4,0.0,0.0,6644.18,0.0)
(56,13177.7,42804.17,0.0,0.0,6817.21,0.0)
(57,13177.7,38382.16,0.0,0.0,6245.89,0.0)
(58,13177.7,38322.83,0.0,0.0,5514.45,0.0)
(59,13509.7,38283.09,0.0,0.0,4800.95,0.0)
(60,13177.7,47065.04,0.0,0.0,5048.82,0.0)
(61,13177.7,48964.75,0.0,0.0,5890.54,0.0)
(62,10945.2,50167.45,0.0,0.0,6222.4,0.0)
(63,10739.2,50719.4,0.0,0.0,6001.2,0.0)
(64,11755.89,46570.05,0.0,0.0,5733.0,0.0)
(65,11974.4,45438.6,0.0,0.0,5443.83,0.0)
(66,13177.7,45197.99,0.0,0.0,5122.13,0.0)
(67,13177.7,44150.4,0.0,0.0,6772.92,0.0)
(68,13177.7,45075.6,0.0,0.0,6908.0,0.0)
(69,13177.7,44109.83,0.0,0.0,6283.18,0.0)
(70,13177.7,40160.59,0.0,0.0,5625.0,0.0)
(71,12134.53,41613.2,0.0,0.0,4538.24,0.0)
(72,10878.89,48604.7,0.0,0.0,4737.23,0.0)
(73,10945.2,48964.75,0.0,0.0,5615.75,0.0)
(74,10553.2,50167.45,0.0,0.0,6322.52,0.0)
(75,10362.5,50719.4,0.0,0.0,5873.96,0.0)
(76,10945.2,46771.7,0.0,0.0,5865.34,0.0)
(77,13177.7,45972.1,0.0,0.0,5794.41,0.0)
(78,12950.52,45504.2,0.0,0.0,5072.0,0.0)
(79,13177.7,45166.1,0.0,0.0,6784.37,0.0)
(80,11974.4,45075.6,0.0,0.0,6741.27,0.0)
(81,12954.8,45404.22,0.0,0.0,6134.32,0.0)
(82,13177.7,40390.81,0.0,0.0,5078.08,0.0)
(83,10945.2,41857.57,0.0,0.0,5072.0,0.0)
(84,10803.24,48604.7,0.0,0.0,4820.04,0.0)
(85,10247.5,48964.75,0.0,0.0,5701.47,0.0)
(86,10057.5,50167.45,0.0,0.0,5886.84,0.0)
(87,9699.5,50719.4,0.0,0.0,5465.76,0.0)
(88,9699.5,49465.4,0.0,0.0,5183.77,0.0)
(89,10362.5,46290.3,0.0,0.0,5000.33,0.0)
(90,10837.86,45504.2,0.0,0.0,5344.32,0.0)
(91,11086.8,44351.81,0.0,0.0,6776.05,0.0)
(92,10061.5,45075.6,0.0,0.0,6788.03,0.0)
(93,10061.5,45459.9,0.0,0.0,6348.3,0.0)
(94,10755.96,41360.24,0.0,0.0,5163.62,0.0)
(95,10879.04,41350.92,0.0,0.0,4446.06,0.0)
(96,10754.83,47558.15,0.0,0.0,4870.01,0.0)
(97,10089.29,48964.75,0.0,0.0,5392.34,0.0)
(98,9598.5,50167.45,0.0,0.0,5707.06,0.0)
(99,8941.15,50400.38,0.0,0.0,5182.59,0.0)
(100,9652.52,47117.61,0.0,0.0,5090.31,0.0)
(101,9699.5,45898.95,0.0,0.0,4811.63,0.0)
(102,9699.5,44651.45,0.0,0.0,5403.98,0.0)
(103,9699.5,44150.4,0.0,0.0,6723.97,0.0)
(104,9353.01,44639.17,0.0,0.0,6546.17,0.0)
(105,9434.85,42814.84,0.0,0.0,6131.0,0.0)
(106,9268.5,40468.31,0.0,0.0,5072.0,0.0)
(107,7856.5,39924.99,0.0,0.0,4557.49,0.0)
(108,7687.5,48319.67,0.0,0.0,4571.14,0.0)
(109,6274.9,48964.75,0.0,0.0,4980.27,0.0)
(110,5781.9,50167.45,0.0,0.0,4744.68,0.0)
(111,5473.7,50719.4,0.0,0.0,4498.11,0.0)
(112,5473.7,49465.4,0.0,0.0,4701.19,0.0)
(113,5233.7,46399.7,0.0,0.0,4789.71,0.0)
(114,5293.96,46041.09,0.0,0.0,5188.0,0.0)
(115,5233.7,44150.4,0.0,0.0,6674.6,0.0)
(116,5233.7,45075.6,0.0,0.0,6294.6,0.0)
(117,5096.7,41908.88,0.0,0.0,5732.17,0.0)
(118,4629.7,40028.92,0.0,0.0,4080.27,0.0)
(119,4198.5,40145.34,0.0,0.0,2684.19,0.0)
(120,4198.5,46524.07,0.0,0.0,658.87,0.0)
###################
(1,18297.7,56227.3,0.0,0.0,9550.79,0.0)
(2,19615.2,60043.3,0.0,0.0,13480.0,1603.35)
(3,20795.7,61870.3,0.0,0.0,12080.64,22354.01)
(4,20795.7,61874.3,0.0,0.0,12388.85,21747.79)
(5,21060.1,60623.3,332.25,379695.3,12450.5,9352.5)
(6,21228.7,60132.3,666.9,1.20315429e6,12247.5,2817.3)
(7,21417.7,58814.3,662.7,1.19557707e6,12272.5,5235.83)
(8,21487.7,61166.3,2565.53,3.65536008e6,13335.1,5235.43)
(9,21441.7,61611.58,3204.8,7.17763092e6,13553.12,6258.79)
(10,21605.1,62137.3,3765.75,1.148980028e7,14351.65,4779.63)
(11,21675.1,61918.78,6181.74,1.275683665e7,14289.5,2208.17)
(12,21834.0,63200.8,3707.3,6.72575987e6,14163.5,343.67)
(13,21834.0,63579.8,2860.35,3.27157192e6,14287.0,4814.93)
(14,21834.0,66050.98,3789.55,4.33069774e6,15495.3,19275.59)
(15,21834.0,66672.5,3818.6,4.36389608e6,13357.5,27218.61)
(16,21834.0,63682.62,3752.6,4.28847128e6,13389.52,19537.85)
(17,21834.0,60623.3,5676.7,1.024133447e7,13731.58,8642.42)
(18,21834.0,62364.8,6318.1,1.139848421e7,14314.5,1271.59)
(19,21834.0,61065.41,6315.9,1.139451519e7,14405.5,1636.84)
(20,21834.0,63398.8,6397.2,1.154118852e7,14409.5,4155.51)
(21,21834.0,61780.3,7477.1,1.437232206e7,14543.5,6140.96)
(22,21834.0,61805.3,10678.76,3.327278296e7,14625.0,4787.93)
(23,21834.0,61888.3,12188.66,4.089786359e7,14304.5,0.0)
(24,21834.0,61998.08,5176.62,9.73553064e6,14085.0,0.0)
(25,21834.0,63720.94,3726.25,4.2583585e6,14287.0,1834.55)
(26,21834.0,65867.5,3789.55,4.33069774e6,13754.76,22375.87)
(27,21834.0,66672.5,3818.6,4.36389608e6,13342.5,30093.94)
(28,21834.0,64502.37,4444.86,6.18453378e6,13411.38,19202.83)
(29,21834.0,62865.1,5676.7,1.024133447e7,14217.5,8172.73)
(30,21834.0,62364.8,6318.1,1.139848421e7,14299.5,1395.86)
(31,21834.0,62492.64,6365.63,1.146103312e7,14405.5,1411.67)
(32,21834.0,62369.6,7434.4,1.341240104e7,14409.5,1449.49)
(33,21834.0,61816.2,12273.33,4.039308076e7,14543.5,4039.26)
(34,21834.0,62349.33,13969.5,5.097653284e7,14625.0,3458.84)
(35,21834.0,62778.8,13741.95,4.864074095e7,14304.5,0.0)
(36,21834.0,63106.46,4881.42,8.26042531e6,13878.3,0.0)
(37,21834.0,64463.5,3726.25,4.2583585e6,13793.5,1082.6)
(38,21834.0,65729.5,3789.55,4.33069774e6,14003.05,17094.05)
(39,21834.0,66316.79,3818.6,4.36389608e6,13689.19,28351.12)
(40,21834.0,64106.8,5533.81,9.01178846e6,13967.96,20727.26)
(41,21834.0,61353.71,6341.2,1.144015892e7,14315.5,8408.85)
(42,21834.0,60132.3,6318.1,1.139848421e7,14314.5,871.46)
(43,21834.0,60138.3,7331.6,1.322693956e7,14405.5,326.7)
(44,21834.0,61810.18,7434.4,1.341240104e7,14409.5,0.0)
(45,21834.0,61816.2,8385.15,2.194119617e7,14543.5,1509.3)
(46,21834.0,62137.3,13048.57,4.445977313e7,14445.5,1397.71)
(47,21834.0,63330.85,13455.34,4.807145834e7,14258.3,0.0)
(48,21834.0,62379.13,5578.4,8.90309613e6,14112.85,0.0)
(49,21834.0,62599.4,3726.25,4.2583585e6,14287.0,1816.92)
(50,21834.0,63943.56,3789.55,4.33069774e6,13480.0,20984.63)
(51,21834.0,65426.8,3828.27,4.55294992e6,13357.5,25724.03)
(52,21834.0,63077.6,6647.95,1.142666717e7,13884.5,17859.11)
(53,21834.0,60846.2,6860.65,1.203378638e7,14060.97,8508.64)
(54,21834.0,60132.3,6824.55,1.197725527e7,14299.5,1660.14)
(55,21834.0,60138.3,7331.6,1.322693956e7,14405.5,2533.92)
(56,21834.0,61166.3,10034.82,2.930516409e7,14625.0,3916.49)
(57,21834.0,61593.3,14625.0,5.222290039e7,14625.0,4026.99)
(58,21834.0,62137.3,15238.44,5.769525866e7,14625.0,4042.44)
(59,21834.0,61122.6,14977.04,5.392633844e7,14683.6,722.89)
(60,21834.0,60968.3,5246.96,9.45778928e6,13711.08,481.43)
(61,21834.0,61347.3,3726.25,4.2583585e6,13768.5,2354.28)
(62,21834.0,64845.8,3789.55,4.33069774e6,13916.31,19035.16)
(63,21834.0,65632.8,3818.6,4.36389608e6,12658.76,27865.27)
(64,21834.0,63296.11,6647.95,1.142666717e7,13206.59,20410.72)
(65,21834.0,61826.6,6528.4,1.121465723e7,14026.2,9147.93)
(66,21834.0,60132.3,6318.1,1.139848421e7,14314.5,3276.1)
(67,21834.0,60138.3,7331.6,1.322693956e7,14474.89,3200.94)
(68,21834.0,61166.3,7434.4,1.341240104e7,14409.5,6083.16)
(69,21834.0,61593.3,8827.17,2.203796275e7,14544.39,4016.63)
(70,21834.0,62137.3,13557.97,4.7284832e7,14625.0,2336.22)
(71,21834.0,62678.63,11618.8,3.725980201e7,14304.5,0.0)
(72,21834.0,63200.8,3707.3,5.0731782e6,13880.1,3207.62)
(73,21834.0,63579.8,3726.25,4.2583585e6,14287.0,2063.84)
(74,21834.0,65237.8,3789.55,4.33069774e6,13480.0,22556.05)
(75,21834.0,66009.5,3818.6,4.36389608e6,13189.2,28438.85)
(76,21834.0,64106.8,6446.3,1.14368223e7,13177.13,19292.08)
(77,21834.0,60623.3,6341.2,1.122418319e7,14315.5,8420.63)
(78,21834.0,60359.48,6318.1,1.139848421e7,14314.5,1268.88)
(79,21834.0,60138.3,6315.9,1.139451519e7,14405.5,5094.28)
(80,21834.0,62369.6,7434.4,1.341240104e7,14409.5,4982.06)
(81,21834.0,61816.2,7613.11,1.663750546e7,14543.5,4711.56)
(82,21834.0,62137.3,13273.51,4.593069495e7,14606.5,4821.92)
(83,21834.0,64120.8,11374.43,3.451935817e7,14465.5,577.04)
(84,21834.0,63285.47,3707.3,4.23670244e6,13485.0,0.0)
(85,21834.0,64277.5,3726.25,4.2583585e6,14287.0,1058.56)
(86,21834.0,65733.5,3789.55,4.33069774e6,14287.0,18580.14)
(87,21834.0,66672.5,3818.6,4.36389608e6,13165.82,28016.36)
(88,21834.0,65352.5,3752.6,4.28847128e6,13432.42,20617.64)
(89,21834.0,63438.5,5681.89,1.024133447e7,13813.62,9015.8)
(90,21834.0,62472.14,6318.1,1.139848421e7,14314.5,9451.37)
(91,21834.0,62148.89,7130.19,1.322693956e7,14405.5,7604.1)
(92,21834.0,64058.74,7434.4,1.341240104e7,14409.5,7397.74)
(93,21834.0,64709.5,7477.1,1.348943611e7,14543.5,6079.82)
(94,21834.0,64555.8,12171.69,4.145384309e7,14445.5,4349.81)
(95,21834.0,64120.8,11881.3,3.873387762e7,14304.5,113.27)
(96,21834.0,63391.17,4753.85,7.80171035e6,13335.97,0.0)
(97,21834.0,64435.71,3726.25,4.2583585e6,14287.0,3462.23)
(98,21834.0,66192.5,3789.55,4.33069774e6,14287.0,19557.6)
(99,21834.0,67430.85,4285.0,5.52841521e6,13153.58,28762.32)
(100,21834.0,65399.48,6118.5,1.082161171e7,13617.41,19804.77)
(101,21834.0,64101.5,6341.2,1.144015892e7,14217.5,10163.44)
(102,21834.0,63610.5,6824.55,1.197725527e7,14314.5,6489.14)
(103,21834.0,63616.5,7331.6,1.322693956e7,14405.5,8912.87)
(104,21834.0,64658.65,8199.81,1.94079331e7,14409.5,6261.8)
(105,21834.0,65071.5,10169.32,2.870754021e7,14543.5,10462.71)
(106,21834.0,66046.5,13094.8,4.725236995e7,14445.5,6199.55)
(107,21834.0,67209.5,13455.71,4.691412638e7,14304.5,2109.67)
(108,21834.0,66458.5,4052.01,6.96830375e6,13848.64,0.0)
(109,21834.0,68250.1,3726.25,4.2583585e6,14287.0,1687.87)
(110,21834.0,70009.1,3789.55,4.33069774e6,14287.0,20671.6)
(111,21834.0,70898.3,3818.6,4.36389608e6,14208.75,25182.82)
(112,21834.0,69578.3,3752.6,4.28847128e6,13884.5,20482.85)
(113,21834.0,68567.3,6324.95,1.121465723e7,13912.1,8778.39)
(114,21834.0,67936.3,6318.1,1.139848421e7,13372.25,2689.84)
(115,21834.0,68082.3,7331.6,1.322693956e7,13410.1,2196.92)
(116,21834.0,69110.3,7434.4,1.341240104e7,13328.65,2266.93)
(117,21834.0,69612.67,11168.98,3.549298208e7,13424.61,3689.44)
(118,21834.0,70672.3,13680.98,4.791754423e7,13055.44,9314.37)
(119,21834.0,70867.5,13237.97,4.481014319e7,12262.3,30857.08)
(120,21585.1,69947.5,6086.88,1.017319897e7,11601.66,16175.29)
###################
