(1,3156.01)
(2,4541.94)
(3,7742.35)
(4,11145.08)
(5,12361.69)
(6,12365.7)
(7,11347.32)
(8,9037.84)
(9,6252.6)
(10,3609.96)
(11,1159.2)
(12,306.59)
(13,1743.52)
(14,4715.39)
(15,7575.6)
(16,11010.35)
(17,12224.64)
(18,12093.87)
(19,10708.41)
(20,8173.17)
(21,5406.55)
(22,2788.18)
(23,779.8)
(24,267.0)
(25,1801.72)
(26,4914.34)
(27,8185.58)
(28,11288.99)
(29,12265.33)
(30,12147.26)
(31,10860.03)
(32,8215.99)
(33,5078.24)
(34,2285.63)
(35,719.66)
(36,269.82)
(37,1912.27)
(38,5281.79)
(39,8120.4)
(40,11318.14)
(41,12088.08)
(42,11774.53)
(43,10099.32)
(44,7694.56)
(45,4824.68)
(46,2078.82)
(47,463.31)
(48,183.97)
(49,1808.76)
(50,5097.35)
(51,8003.7)
(52,11324.31)
(53,12360.58)
(54,12268.4)
(55,10900.08)
(56,8467.41)
(57,5513.47)
(58,2685.45)
(59,766.27)
(60,282.12)
(61,1889.09)
(62,5136.67)
(63,7968.33)
(64,11532.44)
(65,12433.18)
(66,12435.25)
(67,11086.71)
(68,8584.25)
(69,5576.76)
(70,3086.08)
(71,725.35)
(72,245.21)
(73,1829.15)
(74,5036.7)
(75,7762.72)
(76,11270.47)
(77,12360.48)
(78,12230.16)
(79,10671.11)
(80,8009.59)
(81,4728.58)
(82,1880.52)
(83,315.42)
(84,140.48)
(85,1723.72)
(86,5145.83)
(87,8266.18)
(88,11391.58)
(89,12295.06)
(90,12192.79)
(91,11013.43)
(92,8674.42)
(93,5774.08)
(94,2856.31)
(95,572.42)
(96,178.6)
(97,1679.03)
(98,5048.97)
(99,8205.81)
(100,11450.49)
(101,12420.08)
(102,12296.46)
(103,10968.63)
(104,8568.98)
(105,5621.14)
(106,2671.76)
(107,424.72)
(108,155.49)
(109,1744.82)
(110,5109.07)
(111,8499.05)
(112,11640.37)
(113,12490.19)
(114,12427.43)
(115,11298.81)
(116,9214.49)
(117,6545.3)
(118,3739.28)
(119,823.09)
(120,280.96)
###################
(1,3156.01)
(2,1432.63)
(3,3047.73)
(4,6501.12)
(5,9785.04)
(6,9808.62)
(7,8315.11)
(8,5519.04)
(9,2622.53)
(10,677.2)
(11,0.0)
(12,0.0)
(13,0.0)
(14,0.0)
(15,340.28)
(16,5361.77)
(17,8704.19)
(18,8439.1)
(19,5617.41)
(20,3003.95)
(21,1280.1)
(22,0.0)
(23,0.0)
(24,0.0)
(25,0.0)
(26,0.0)
(27,1266.34)
(28,6169.16)
(29,9109.63)
(30,9089.0)
(31,6134.02)
(32,3253.2)
(33,1099.49)
(34,0.0)
(35,0.0)
(36,0.0)
(37,0.0)
(38,0.0)
(39,1399.63)
(40,6169.29)
(41,7645.2)
(42,6523.53)
(43,4280.7)
(44,2956.9)
(45,1394.02)
(46,13.58)
(47,0.0)
(48,0.0)
(49,0.0)
(50,0.0)
(51,1704.11)
(52,6396.29)
(53,9733.69)
(54,9378.6)
(55,7222.46)
(56,3479.21)
(57,1422.76)
(58,0.0)
(59,0.0)
(60,0.0)
(61,0.0)
(62,0.0)
(63,2093.4)
(64,6758.0)
(65,10193.5)
(66,10303.76)
(67,7499.48)
(68,3666.29)
(69,1783.5)
(70,340.67)
(71,0.0)
(72,0.0)
(73,0.0)
(74,0.0)
(75,1323.65)
(76,6324.66)
(77,9742.31)
(78,9283.11)
(79,6547.88)
(80,3796.07)
(81,1655.09)
(82,0.0)
(83,0.0)
(84,0.0)
(85,0.0)
(86,0.0)
(87,1617.57)
(88,6174.96)
(89,9496.62)
(90,9082.59)
(91,6823.87)
(92,3902.2)
(93,1812.81)
(94,244.86)
(95,0.0)
(96,0.0)
(97,0.0)
(98,0.0)
(99,1606.9)
(100,6917.58)
(101,10136.36)
(102,9346.59)
(103,7362.67)
(104,3963.69)
(105,1987.25)
(106,463.09)
(107,0.0)
(108,0.0)
(109,0.0)
(110,0.0)
(111,2188.34)
(112,7538.77)
(113,10960.29)
(114,10487.36)
(115,8357.64)
(116,5575.3)
(117,2724.94)
(118,813.5)
(119,0.0)
(120,0.0)
###################
(1,3156.01)
(2,8386.97)
(3,12744.9)
(4,12744.9)
(5,12744.9)
(6,12744.9)
(7,12205.46)
(8,10566.88)
(9,8394.18)
(10,6304.99)
(11,4499.17)
(12,2108.98)
(13,7577.74)
(14,12744.9)
(15,12744.9)
(16,12744.9)
(17,12744.9)
(18,12744.9)
(19,12429.56)
(20,10817.06)
(21,8633.79)
(22,6385.76)
(23,4157.88)
(24,1883.4)
(25,7479.87)
(26,12744.9)
(27,12744.9)
(28,12744.9)
(29,12744.9)
(30,12744.9)
(31,12402.53)
(32,10828.32)
(33,8569.88)
(34,6222.84)
(35,4217.92)
(36,2111.88)
(37,7884.15)
(38,12744.9)
(39,12744.9)
(40,12744.9)
(41,12744.9)
(42,12744.9)
(43,12337.5)
(44,10762.87)
(45,8286.3)
(46,5592.46)
(47,2665.19)
(48,1535.26)
(49,7384.54)
(50,12744.9)
(51,12744.9)
(52,12744.9)
(53,12744.9)
(54,12744.9)
(55,12365.61)
(56,10849.03)
(57,8562.73)
(58,6226.62)
(59,4037.82)
(60,2218.86)
(61,7370.39)
(62,12744.9)
(63,12744.9)
(64,12744.9)
(65,12744.9)
(66,12744.9)
(67,12428.5)
(68,10948.44)
(69,8847.1)
(70,6578.32)
(71,3503.18)
(72,1869.35)
(73,7700.8)
(74,12744.9)
(75,12744.9)
(76,12744.9)
(77,12744.9)
(78,12744.9)
(79,12367.11)
(80,10802.43)
(81,8499.43)
(82,5800.18)
(83,1888.95)
(84,852.34)
(85,7350.32)
(86,12744.9)
(87,12744.9)
(88,12744.9)
(89,12744.9)
(90,12744.9)
(91,12410.55)
(92,10901.05)
(93,8681.8)
(94,6188.17)
(95,2689.18)
(96,1307.47)
(97,7190.62)
(98,12744.9)
(99,12744.9)
(100,12744.9)
(101,12744.9)
(102,12744.9)
(103,12397.35)
(104,10783.41)
(105,8378.74)
(106,5734.34)
(107,2020.78)
(108,1407.59)
(109,7134.41)
(110,12744.9)
(111,12744.9)
(112,12744.9)
(113,12744.9)
(114,12744.9)
(115,12375.6)
(116,10764.21)
(117,8637.38)
(118,5802.55)
(119,2630.35)
(120,2195.2)
###################
