(1,3156.01)
(2,4860.0)
(3,7584.78)
(4,10683.66)
(5,11716.3)
(6,11492.49)
(7,10193.87)
(8,7820.05)
(9,4521.86)
(10,2074.26)
(11,913.72)
(12,691.0)
(13,2605.85)
(14,4555.35)
(15,6700.98)
(16,10256.9)
(17,11648.96)
(18,11400.65)
(19,9833.78)
(20,7452.53)
(21,4648.73)
(22,2270.98)
(23,748.9)
(24,720.82)
(25,2329.1)
(26,5175.35)
(27,7800.16)
(28,10974.91)
(29,11997.95)
(30,11872.48)
(31,10813.58)
(32,8323.82)
(33,5313.55)
(34,2527.49)
(35,797.56)
(36,643.16)
(37,2653.71)
(38,5193.91)
(39,7667.01)
(40,11110.73)
(41,11997.51)
(42,11537.6)
(43,9794.13)
(44,7299.86)
(45,4305.89)
(46,2154.07)
(47,936.56)
(48,860.18)
(49,2860.13)
(50,5598.88)
(51,7780.98)
(52,11052.87)
(53,12128.53)
(54,11966.72)
(55,10832.18)
(56,8574.94)
(57,5565.13)
(58,2839.43)
(59,1116.62)
(60,916.62)
(61,3220.53)
(62,6464.79)
(63,8660.59)
(64,11478.0)
(65,12237.53)
(66,12025.99)
(67,10958.21)
(68,8675.12)
(69,5715.29)
(70,2937.87)
(71,1033.7)
(72,853.85)
(73,2489.44)
(74,5269.9)
(75,7896.35)
(76,10982.74)
(77,11972.45)
(78,11857.46)
(79,10930.99)
(80,9099.85)
(81,6520.27)
(82,3678.24)
(83,1220.22)
(84,888.29)
(85,2984.73)
(86,5700.26)
(87,8515.56)
(88,11535.71)
(89,12299.72)
(90,12141.54)
(91,11015.54)
(92,8387.64)
(93,5367.25)
(94,2477.34)
(95,688.8)
(96,678.54)
(97,3097.66)
(98,6232.71)
(99,8895.84)
(100,11490.12)
(101,12237.71)
(102,12136.95)
(103,11206.5)
(104,9115.04)
(105,6262.63)
(106,3246.14)
(107,1007.94)
(108,861.8)
(109,2765.78)
(110,5830.38)
(111,8881.46)
(112,11422.76)
(113,12158.38)
(114,11964.61)
(115,10808.54)
(116,8790.84)
(117,6131.75)
(118,3362.33)
(119,902.66)
(120,752.91)
###################
(1,3156.01)
(2,1155.91)
(3,1330.79)
(4,4322.77)
(5,6206.14)
(6,5417.55)
(7,3727.1)
(8,2311.75)
(9,563.52)
(10,0.0)
(11,0.0)
(12,0.0)
(13,0.0)
(14,0.0)
(15,0.0)
(16,3455.83)
(17,6027.31)
(18,5103.79)
(19,3521.84)
(20,1941.22)
(21,212.72)
(22,0.0)
(23,0.0)
(24,0.0)
(25,0.0)
(26,0.0)
(27,195.21)
(28,4646.4)
(29,7387.36)
(30,6781.15)
(31,5041.34)
(32,2933.56)
(33,853.33)
(34,0.0)
(35,0.0)
(36,0.0)
(37,0.0)
(38,0.0)
(39,214.81)
(40,4926.4)
(41,7307.86)
(42,5950.47)
(43,4134.22)
(44,2233.15)
(45,533.14)
(46,0.0)
(47,0.0)
(48,0.0)
(49,0.0)
(50,0.0)
(51,0.0)
(52,5440.69)
(53,8312.38)
(54,7724.98)
(55,5488.19)
(56,3168.65)
(57,1256.09)
(58,0.0)
(59,0.0)
(60,0.0)
(61,0.0)
(62,0.0)
(63,853.92)
(64,5790.78)
(65,8481.96)
(66,7684.06)
(67,5497.64)
(68,3012.84)
(69,844.81)
(70,0.0)
(71,0.0)
(72,0.0)
(73,0.0)
(74,0.0)
(75,411.42)
(76,4471.66)
(77,7062.02)
(78,6748.39)
(79,4879.41)
(80,3066.44)
(81,1207.52)
(82,0.0)
(83,0.0)
(84,0.0)
(85,0.0)
(86,0.0)
(87,1551.3)
(88,5728.87)
(89,8710.25)
(90,8304.65)
(91,6383.98)
(92,3851.06)
(93,1671.15)
(94,0.0)
(95,0.0)
(96,0.0)
(97,0.0)
(98,0.0)
(99,1667.9)
(100,5722.35)
(101,8542.51)
(102,8222.16)
(103,6364.99)
(104,3900.54)
(105,1905.09)
(106,81.94)
(107,0.0)
(108,0.0)
(109,0.0)
(110,0.0)
(111,1544.45)
(112,5796.44)
(113,8102.47)
(114,7593.82)
(115,5831.74)
(116,3795.15)
(117,1781.67)
(118,40.9)
(119,0.0)
(120,0.0)
###################
(1,3156.01)
(2,9890.78)
(3,12744.9)
(4,12744.9)
(5,12744.9)
(6,12744.9)
(7,12744.9)
(8,11417.6)
(9,8792.35)
(10,6039.67)
(11,4252.98)
(12,4570.75)
(13,11914.38)
(14,12744.9)
(15,12744.9)
(16,12744.9)
(17,12744.9)
(18,12744.9)
(19,12744.9)
(20,11563.05)
(21,9429.67)
(22,6957.55)
(23,4239.87)
(24,4639.56)
(25,12642.83)
(26,12744.9)
(27,12744.9)
(28,12744.9)
(29,12744.9)
(30,12744.9)
(31,12744.9)
(32,11772.07)
(33,9831.79)
(34,7054.73)
(35,4562.49)
(36,4439.58)
(37,12689.63)
(38,12744.9)
(39,12744.9)
(40,12744.9)
(41,12744.9)
(42,12744.9)
(43,12744.9)
(44,11540.18)
(45,8977.76)
(46,6468.55)
(47,4421.71)
(48,5480.72)
(49,12744.9)
(50,12744.9)
(51,12744.9)
(52,12744.9)
(53,12744.9)
(54,12744.9)
(55,12744.9)
(56,11747.7)
(57,9512.75)
(58,7039.8)
(59,4607.23)
(60,5128.06)
(61,12744.9)
(62,12744.9)
(63,12744.9)
(64,12744.9)
(65,12744.9)
(66,12744.9)
(67,12744.9)
(68,11913.83)
(69,10070.0)
(70,7598.47)
(71,4978.34)
(72,5779.28)
(73,12744.9)
(74,12744.9)
(75,12744.9)
(76,12744.9)
(77,12744.9)
(78,12744.9)
(79,12744.9)
(80,12028.17)
(81,10418.25)
(82,8205.09)
(83,5160.84)
(84,5695.51)
(85,12744.9)
(86,12744.9)
(87,12744.9)
(88,12744.9)
(89,12744.9)
(90,12744.9)
(91,12744.9)
(92,11713.18)
(93,9585.31)
(94,6291.35)
(95,3214.14)
(96,4477.29)
(97,12744.9)
(98,12744.9)
(99,12744.9)
(100,12744.9)
(101,12744.9)
(102,12744.9)
(103,12744.9)
(104,11993.51)
(105,10189.63)
(106,7462.76)
(107,4354.76)
(108,5371.62)
(109,12744.9)
(110,12744.9)
(111,12744.9)
(112,12744.9)
(113,12744.9)
(114,12744.9)
(115,12744.9)
(116,11775.78)
(117,9814.21)
(118,6915.2)
(119,3438.56)
(120,4682.35)
###################
