3.190611390877756e8, 4.2507883710120577e8
1.5631743139644125e8, 3.456253530589013e8
5.363130088717155e8, 7.679845819848269e8
1.1395760659831136e8, 2.870579132187981e8
1.4179934707112584e8, 3.075469639502796e8
4.636493286405798e8, 5.879999031338122e8
1.8243166247191936e8, 4.401889232937245e8
4.874616988462585e8, 6.162190613205044e8
3.8432463440350807e8, 4.944305863871682e8
1.7258869525861743e8, 2.4328416211447114e8
3.6862443729319817e8, 4.9778190882311493e8
1.8593766420020336e8, 3.145831633929858e8
1.678586052644107e8, 2.2565068458845508e8
2.0264929519323042e8, 2.907300091591425e8
2.9772946872564065e8, 8.697326997766663e8
1.5263487348433337e8, 2.119885490310815e8
1.290807177549695e8, 2.83121554295487e8
2.813274910673269e8, 3.5722219133011985e8
1.5461437410508403e8, 3.099777874599715e8
2.6112445903188664e8, 5.911786791851237e8
3.673793975356736e8, 4.7590569486516374e8
2.1544226267683485e8, 2.974230736983409e8
3.4835704492106354e8, 4.074157953967505e8
1.823476722903884e8, 2.644435175674583e8
1.7492852187315023e8, 2.738863634255413e8
3.4706680307955813e8, 4.263832279834801e8
1.9614357717418262e8, 3.241849951866401e8
5.051042484318278e8, 6.733406228578542e8
1.900461583597799e8, 4.415134329515933e8
3.033002495453054e8, 3.810800175207672e8
1.7368846668077195e8, 3.406010855215179e8
1.4047144058481914e8, 2.1342825481953445e8
4.6914781403650564e8, 7.671589937250061e8
1.690661267339682e8, 2.354867485261963e8
2.800322768528782e8, 5.232685700589961e8
1.5650428480085737e8, 1.9952521405750948e8
2.354716580482687e8, 4.010598442257923e8
2.1795908594923246e8, 2.8768540264673615e8
4.456155253867318e8, 6.578584749893173e8
3.162718470942529e8, 4.1041817314786327e8
1.6588107123764956e8, 5.518038642493674e8
2.8573870674799764e8, 4.4154743662062055e8
1.3368751292175493e8, 2.1876886534806773e8
1.186642046448812e8, 2.0101653033090806e8
8.018538722167767e8, 8.894422303696442e8
1.1824207977835967e8, 3.057511884809408e8
2.2694456038802332e8, 3.2042469629090136e8
5.704228163356355e8, 1.142933723096303e9
5.594609118267848e8, 6.176652400203949e8
2.1874676154609418e8, 3.478839270655532e8
2.5580487201614892e8, 3.8580042022562134e8
8.25077605707704e8, 1.108603127311491e9
1.7849950857138833e8, 2.69656599614265e8
1.534422968237444e8, 2.0834378624166358e8
1.720033388369947e8, 2.738761815994805e8
2.755729699629844e8, 3.686154092907643e8
2.353747570658152e8, 3.977444852133604e8
1.5982176031657797e8, 2.886906336791918e8
1.963127668744044e8, 2.905290053593026e8
2.1002242646926603e8, 3.201700149975978e8
1.7439023335987768e8, 3.2378393297292095e8
1.487773399861307e8, 2.2253857595599705e8
1.390718399187585e8, 2.1729079010897848e8
3.7944401677790767e8, 5.1529781004561913e8
2.0796653203610557e8, 3.403418263873904e8
1.2951257678950563e8, 2.3950219702198404e8
2.3267321794195697e8, 3.170438742627719e8
1.6403121999657136e8, 2.591804756546905e8
1.325563312948493e8, 1.8945457634201136e8
3.353043919835174e8, 4.308841723903404e8
1.0491331865715042e8, 2.0555330610020405e8
2.1899628403311795e8, 3.2711752186871284e8
1.1227852428701018e8, 3.794642744908345e8
3.5416984400965077e8, 6.194221314754115e8
1.6800973284664455e8, 4.596246669172492e8
2.475033523091238e8, 3.387306735542888e8
1.5989252617869985e8, 2.386617942165476e8
1.1632457337486455e8, 2.772698655977339e8
4.6315740952466494e8, 5.708995870825281e8
2.299079866990556e8, 2.8977310583780247e8
3.4327324960115725e8, 4.3780267711167824e8
1.699770656733619e8, 3.7407426937431383e8
3.4807437786476815e8, 6.18251704253073e8
2.0305653611028928e8, 2.895903155041823e8
1.7580535057026717e8, 2.742721625111227e8
2.6837486372081763e8, 4.716039232868399e8
1.4551025744038367e8, 2.042911851915571e8
2.8672326896220744e8, 3.529699927616873e8
1.3799745229699618e8, 3.7510581737927204e8
6.200119209146781e8, 6.880045527135906e8
1.6632542674842018e8, 2.2164680657539645e8
1.8761589960642475e8, 3.1146713475943464e8
1.5155520712992603e8, 2.876151865796145e8
3.4997118016891843e8, 4.2491640992300344e8
1.815043425976606e8, 7.860435979722393e8
2.4839985954859158e8, 3.133377992519249e8
1.517547945011406e8, 2.3343799608694816e8
2.2164725107832322e8, 3.8593351832178277e8
1.409704725629812e8, 1.9064276238847953e8
1.693064351717787e8, 2.3540878689297e8
3.384742297920737e8, 4.3861528399776506e8
2.1248159357003877e8, 2.996767535192473e8
1.2986746113087355e8, 1.920113931963417e8
1.73652043100502e8, 2.5644518037411386e8
1.837851134513231e8, 2.4484578371374235e8
1.93805775154247e8, 3.009308754679993e8
3.0719681091892064e8, 4.2176870353511626e8
1.6753104660580555e8, 2.3841935647988617e8
2.857655577873218e8, 3.37960525184539e8
4.1744062692823637e8, 5.19856347304743e8
1.780889367473942e8, 2.3729827248128065e8
2.160445228763927e8, 3.348797333341797e8
1.5163922452593485e8, 4.712931458346779e8
9.861778676515539e7, 1.6482554828485203e8
1.5139527691588685e8, 2.0838781068740743e8
3.1555278077845573e8, 3.752199539040554e8
3.7868701434313875e8, 5.0167487116467774e8
1.3757289813531792e8, 2.115332056113638e8
5.412129728623534e8, 6.867192793214921e8
1.4923627405043784e8, 2.4399302812914202e8
2.649396760468486e8, 5.849228406487904e8
1.8681247846806896e8, 3.500492213436921e8
3.7472653698056483e8, 4.7276417190102243e8
1.4321052935437405e8, 2.335452143654751e8
2.0525747827129605e8, 5.458490402875943e8
1.5084599803007522e8, 3.644865104121032e8
4.2324982775597954e8, 5.297187071196728e8
3.3676836339692277e8, 4.203641957378758e8
3.609216455402111e8, 7.078111285576302e8
1.5754028334255475e8, 2.2883173743002495e8
2.214051835320778e8, 3.328765216845156e8
4.341556697091825e8, 5.0980674632890964e8
3.6652281792268735e8, 5.439017157648226e8
7.227257992634655e8, 8.394136057700679e8
1.3562436507035115e8, 2.4915678137478933e8
1.1223428112445462e8, 1.7729352227444205e8
1.4706436787536326e8, 7.387529221888342e8
1.9783606916572544e8, 3.2097103373375165e8
1.7611452347819918e8, 2.6872327905703884e8
1.2880426601573443e8, 1.947341196235629e8
1.2688190013243976e8, 2.31422866106577e8
1.4367489507082218e8, 2.6018465843880737e8
2.5506737970121244e8, 4.6121482785284e8
1.4078899928950208e8, 2.199561910565236e8
2.1435509841376445e8, 3.8949469725536454e8
4.055987904158686e8, 5.695074221816303e8
1.8047262150797194e8, 2.603400641105986e8
1.5429133656176737e8, 3.8422102139074963e8
1.9047390868816364e8, 2.9743245742336243e8
1.2622722959295756e8, 2.1635764787238583e8
2.0674831326529613e8, 3.181823041934942e8
8.39588078994693e7, 1.5913825417574528e8
7.206758018836012e8, 8.372543467719078e8
2.1140019506150496e8, 4.2870837261812514e8
2.2648962567967346e8, 4.62519358607595e8
1.864466917320033e8, 2.4390930630585945e8
1.509626582490435e8, 2.6175150049171942e8
4.493835575815858e8, 6.435233672858399e8
3.0570220081119233e8, 5.747851144266983e8
1.6471661576728225e8, 2.4857761345061857e8
1.44567003968565e8, 2.981163071279572e8
1.4453150420050353e8, 2.1108059513661376e8
3.4845504156167763e8, 4.59105617513086e8
1.4632000289963996e8, 3.5501314384420437e8
2.4660708576682115e8, 3.362846912918633e8
1.8027914205131957e8, 2.5091592529109704e8
1.5901394032620087e8, 2.5369205466563997e8
2.2303574445809433e8, 3.236403638889747e8
1.3229463810445395e8, 2.063246838075366e8
5.577351551064255e8, 7.35000719325676e8
5.1083477956921846e8, 6.141508307949904e8
2.2509536723319444e8, 3.867406260423189e8
2.2159099768256748e8, 3.244539572405843e8
2.916013511356267e8, 6.744032050964599e8
1.5292765953060243e8, 2.9924032047200793e8
3.86875296648144e8, 4.449828256117984e8
1.5762720782272074e8, 3.454252175938531e8
3.578914669859879e8, 4.768597726014085e8
1.7148625286749837e8, 3.474269397236015e8
3.803245717604677e8, 6.412602768653892e8
1.2935646864733937e8, 2.723497983261164e8
1.7332194529029515e8, 2.6545411406621033e8
1.4914329070663917e8, 2.2211358132487452e8
2.3671558373947498e8, 4.4651251175308555e8
5.452859452314343e8, 7.671009179460604e8
3.485069679598153e8, 4.850391560846013e8
2.030074522820167e8, 4.01842190080567e8
1.2342903018337515e8, 2.622476127295677e8
1.6954438403815395e8, 2.8874991998351806e8
1.318453298529472e8, 3.437359338230783e8
1.8550402597318262e8, 3.509292551370461e8
1.5040265171067494e8, 2.7196343304747427e8
1.5460140052426928e8, 2.977205646464291e8
1.335537314777328e8, 2.0549653296655098e8
3.988918555589101e8, 7.257984863048712e8
1.4829613258533168e8, 3.614322938815893e8
3.466175546881209e8, 4.510023003576393e8
1.3367483794728546e8, 2.775426270069502e8
1.757783034386075e8, 2.4582122795427722e8
1.429284114753286e8, 3.9710387251894814e8
7.117019937583411e8, 9.822730827293131e8
2.5181029643653914e8, 6.616795560239848e8
1.7046581064590675e8, 2.8132067314241755e8
4.5352421862223965e8, 5.3277838300065213e8
1.0453369331933278e8, 2.1549357884438813e8
2.0646132696153286e8, 2.920565375105172e8
2.8045110397700024e8, 3.760775798448481e8
2.0982659778464246e8, 4.150962367927317e8
4.086929629569678e8, 6.289745791099569e8
1.4927195316891187e8, 2.1787779631343877e8
4.2866191349260443e8, 5.1242403636164993e8
1.6565824114683637e8, 2.902118835253276e8
2.89549672496024e8, 4.675709359050916e8
5.329432815832909e8, 7.398056543611095e8
1.5518189975124148e8, 2.0531132429611322e8
1.1741690664045279e8, 1.6879534592027092e8
2.1730576257759234e8, 3.31575286716261e8
1.9331816757948354e8, 2.741220625118839e8
1.5890822425496963e8, 2.4049182238005087e8
1.8220838040785766e8, 2.7567533281102437e8
1.6674378813145715e8, 2.478175562123453e8
1.7472809740286016e8, 2.778328756856859e8
1.3224081003761643e8, 1.8807268952846026e8
2.0157627656538984e8, 2.6338837156729913e8
1.6047687418677515e8, 2.4244778517319006e8
1.3773862506741562e8, 2.1255772589627784e8
1.0524792336118662e8, 3.274991964314685e8
7.299711670365647e8, 9.116421129453793e8
1.8440966602764463e8, 7.929976406218871e8
2.915745613136518e8, 3.775339723024843e8
1.642948560268798e8, 2.698984471385355e8
1.113949899260524e8, 1.783189756419519e8
1.4977662128844163e8, 2.0868858599116912e8
1.915083127723585e8, 2.763114642200556e8
1.675509088222724e8, 2.95543413487449e8
1.6961528173148614e8, 2.464074007139617e8
1.9454905485886547e8, 3.995880169565158e8
2.0272736155180413e8, 2.843754313046435e8
1.7717500962589106e8, 4.9776358451239896e8
1.4951886035850674e8, 2.3126641681780487e8
1.2480564635043512e8, 2.1822583710863316e8
6.685478088780322e8, 8.290143969118823e8
1.2881604470019004e8, 1.8349706626576093e8
8.745113178786951e8, 1.0437803283004886e9
1.8503813732024e8, 3.099861298458766e8
1.865173475621698e8, 3.0369844734916526e8
2.0708503633360913e8, 4.513171684450331e8
2.224831555399519e8, 2.9525820276272106e8
3.8618163189872307e8, 5.532383125040426e8
1.874688159453039e8, 2.52943323782527e8
3.944406534907431e8, 6.69671780321348e8
4.0064802039252853e8, 7.206147058220971e8
6.746050822212332e8, 7.674056206650107e8
1.952115774683061e8, 3.2804992487654907e8
1.1556190765396026e8, 2.1669099453483e8
2.2797481683577856e8, 2.992908682158197e8
5.028583961711223e8, 5.757993376514622e8
2.8295469180242383e8, 6.467488485639018e8
3.148261190266725e8, 4.499260094199995e8
1.87004806079315e8, 3.049322022039334e8
2.13401120472099e8, 3.215882110027683e8
7.344385716829866e8, 8.039875214335661e8
4.1087560006603265e8, 7.192240401402774e8
1.8399329049052382e8, 8.642296264350938e8
6.904966299309916e8, 8.976651000313926e8
2.0072047890361997e8, 3.069195800148176e8
1.373343276143773e8, 2.873297513286168e8
1.118854360687725e8, 1.924577769098726e8
3.673720167711205e8, 4.408155653604767e8
1.8881003237129825e8, 2.557304932205814e8
1.383739569953448e8, 2.2996521958117777e8
2.026891442594685e8, 2.894601682837445e8
7.904275683160709e8, 9.52623968247892e8
2.055787857080697e8, 2.8830619632036567e8
3.0325060392313856e8, 4.1822175573598284e8
2.118163706419665e8, 2.68510068979555e8
2.362269026031361e8, 3.533170988397421e8
1.483416728170646e8, 2.4004596848624307e8
2.557601437481989e8, 3.159275997861188e8
1.6902371325294888e8, 2.192749497419649e8
2.821567930556557e8, 4.464118180251008e8
2.0436722941620377e8, 3.6770038478088695e8
2.1559946051054972e8, 6.961793119000837e8
1.2635988261591616e8, 2.074353426328012e8
1.76761791692163e8, 2.8608411094635135e8
1.8391588550320753e8, 3.198515701587846e8
1.8596582448170227e8, 4.522144968147204e8
1.2419280078127171e8, 7.373434534472605e8
1.6918303199651474e8, 3.2854526635656595e8
4.496022399067039e8, 5.68020800134485e8
1.5841073853360656e8, 3.010329316579498e8
6.88355850828296e8, 8.486110209563112e8
2.776802345836521e8, 5.2507171584641266e8
1.6285479184042218e8, 2.8579178206616855e8
4.6123088516944844e8, 5.838838854413328e8
1.6471827095486125e8, 2.8139821690375715e8
1.86963086369614e8, 2.5819557920583412e8
1.1056420919332975e8, 3.4450569948827785e8
2.3506115768236926e8, 2.9569449691047233e8
4.5052672668836766e8, 5.145555112137206e8
1.5314888251001e8, 2.539561041460213e8
1.3449396136653942e8, 3.449074617530736e8
2.2923552678703463e8, 3.88441291629148e8
1.7753109821419522e8, 3.125529800599838e8
1.5024906723700517e8, 2.0519405527747768e8
8.716499732529144e7, 1.5631561896058163e8
1.2903325409502865e8, 2.264795335641836e8
1.9870818845360872e8, 2.8443678962436306e8
1.5783843146200374e8, 3.022598044456757e8
2.6496622079558116e8, 7.416003268289188e8
1.2322714143801121e8, 2.088244962342303e8
1.3166860653848651e8, 1.990287946431766e8
1.4668375682286635e8, 2.103901948231682e8
2.1160087470124668e8, 4.2307097897085005e8
1.6664073656551698e8, 3.954142117806815e8
2.9425338034194034e8, 4.0294491081856245e8
1.1529119433940925e8, 1.8663960924628305e8
1.286363989793205e8, 2.2268417635259548e8
4.2484433214554054e8, 5.901535914598315e8
1.2266850501265636e8, 2.1123944831558397e8
6.386529353637938e8, 1.0152742444234756e9
3.4429027126245093e8, 4.041149521628411e8
1.0884454342808437e8, 2.024350931294826e8
2.1523905150847188e8, 2.7951175285117537e8
2.2880299088981792e8, 3.2800440433289176e8
1.586207101412923e8, 2.3758787800863138e8
2.6689796527967784e8, 3.7370440617981875e8
6.696179602344985e8, 7.562163691800905e8
5.696091820436269e8, 6.74036763502381e8
6.833234137924386e8, 7.85160617682871e8
1.3017602998504798e8, 2.0791259568746266e8
3.935491012482236e8, 4.678227587758236e8
1.2722005273291814e8, 5.1300702676820856e8
1.0069485253577391e9, 1.3441222613872807e9
1.5053014942163426e8, 3.3048773775816196e8
3.240366479082658e8, 4.797860204877714e8
9.683132555233671e7, 2.4228463748264915e8
5.3681795032314366e8, 7.294565448764949e8
5.50329321862322e8, 7.36935118833731e8
1.8766414184491643e8, 3.329200789197558e8
1.3141893928828962e8, 2.385230074867823e8
1.5071972342884785e8, 4.630422115635674e8
1.7761765506905425e8, 2.8762899943346256e8
1.8700246869405505e8, 2.6880747378167576e8
2.0731070386049905e8, 3.780684909823613e8
2.6372574408817205e8, 3.660538880731872e8
2.2763100372306702e8, 2.9504360790538085e8
1.410295915848154e8, 2.3362598068337008e8
2.820825183589288e8, 3.823883974801932e8
1.2496953704737233e8, 2.356588140374925e8
1.9847293058959633e8, 3.585633343329597e8
4.067529923175626e8, 8.898853083044269e8
2.8250318364228725e8, 3.480007234325077e8
1.435959283492468e8, 5.702733188714963e8
1.433049949751058e8, 3.2688147671963936e8
1.7204564387054253e8, 7.96207781497592e8
7.481793898959186e8, 9.181815801250789e8
1.5915688010085708e8, 2.4876185883205566e8
1.5216548799138558e8, 2.3294400417187116e8
1.9243817128048185e8, 2.569039670481741e8
4.476697110814274e8, 7.744910903652046e8
1.3307873780496415e8, 2.0941644803090942e8
1.5335456981173334e8, 2.132234892986012e8
1.935238375484702e8, 2.608606502263217e8
3.191046879345467e8, 5.153418921152665e8
1.8067996069681314e8, 2.4477267146254954e8
2.1558287537729263e8, 4.603027674772914e8
3.659798648209334e8, 7.59630691123364e8
4.7082257537472737e8, 9.684664563182969e8
1.4930270715904674e8, 2.4852596306062123e8
2.395468622577919e8, 4.3705723143880606e8
1.6658049869419965e8, 3.048300258821842e8
1.6033179285122782e8, 3.1162875844931185e8
1.545925838612321e8, 2.8819156124229926e8
2.311546420406761e8, 3.5822247013774353e8
4.549491875690698e8, 5.087339223007822e8
1.0450968833380693e8, 2.2183694885623768e8
1.9518478551299092e8, 3.012221192401191e8
1.4426497491377413e8, 3.044952176061239e8
1.4452737928266475e8, 2.7594401627771926e8
1.9000835346916756e8, 3.925853407549792e8
1.9626121799377882e8, 2.6543950337348127e8
1.987378703989319e8, 4.970164733847926e8
1.068770174741292e8, 2.2078905216503388e8
2.2309852582852995e8, 3.975865871903994e8
3.3682486885118693e8, 4.7023059944293004e8
1.9034087289865053e8, 2.4604520566386992e8
2.0790777111926445e8, 4.8812803675804245e8
2.0492843756339857e8, 3.759455499263704e8
1.7745101587130788e8, 2.528602769939754e8
8.12646357805488e7, 1.5493200065630484e8
1.6551904010821855e8, 3.672772584364043e8
1.103764529787825e8, 3.777153304952531e8
3.9940303356593937e8, 5.352461873102437e8
1.4029890207633558e8, 3.251106051471945e8
1.6857944583344355e8, 3.152405862268141e8
2.0941750289671507e8, 2.849464812850728e8
4.502060967186369e8, 7.0166493681093e8
1.186751150227493e8, 1.8337600338302734e8
2.2867291521116883e8, 3.552411565147355e8
1.5120755720596394e8, 2.148460750205164e8
1.708789749747847e8, 2.6720573003227583e8
4.727549978643046e8, 5.622609174677476e8
1.4453469699268073e8, 2.708016260291719e8
1.480034817294617e8, 2.5526701833762175e8
8.253985096178988e8, 8.659131479270276e8
1.4097335316467842e8, 2.9233000394485456e8
4.173608550838397e8, 6.041203267488925e8
1.1828214820123757e8, 2.0793892366042054e8
2.0008625242806196e8, 2.778734106598932e8
1.3619239907397485e8, 5.519936659196512e8
2.1492313794907966e8, 3.479340043555729e8
2.206992201097387e8, 3.949083874585753e8
1.720051252884488e8, 2.382543932007155e8
1.1954609707855529e8, 2.141011038489512e8
3.5338790621918e8, 6.864055489156907e8
1.5021144724612245e8, 3.709149172891843e8
8.986559937478809e8, 1.0017046724902232e9
1.8283589050772884e8, 2.750919894852671e8
1.6214676435162354e8, 4.299974617021503e8
3.3195856609108365e8, 5.617133394701772e8
2.2269269199821216e8, 3.3990190430484176e8
1.6578494109053466e8, 2.1699908210784915e8
3.80418443745547e8, 4.5642766226097786e8
1.2715999218750127e8, 4.5330412956171453e8
1.625620025945339e8, 4.113786881890539e8
1.5897184018923217e8, 2.3958875570685306e8
1.1618795068425584e8, 2.011497540831071e8
1.07843116487824e8, 2.19637130526291e8
4.010038986550206e8, 4.6722108246337897e8
5.719421454291303e8, 6.324997466568606e8
6.882871653477869e8, 9.057512639283398e8
1.8078928600909573e8, 2.8979888003433794e8
2.2232263901778364e8, 3.0332818813386637e8
2.4238300716942477e8, 3.1390931517491406e8
1.5701069753389642e8, 2.5121200210424247e8
1.5718968851350987e8, 2.2050066226677877e8
1.6091664131461138e8, 3.730212361193805e8
1.9047848256967503e8, 4.07072105177864e8
1.3597666656110707e8, 2.9285381411805826e8
1.0136007915933506e8, 2.0795420221915683e8
1.4621209351627177e8, 2.413128475772223e8
2.2160289103191176e8, 3.242939611744037e8
3.297471576466803e8, 5.492574938914757e8
1.6516640544374606e8, 2.1365216312700143e8
1.6906716802059957e8, 2.6350592547706565e8
1.770564779004909e8, 2.5154337085006288e8
1.6676478346895286e8, 2.5318780624280518e8
1.2919585957190397e8, 3.2057670107987964e8
2.354232780173608e8, 3.1714280369725966e8
2.2292570643892884e8, 4.8497633882843184e8
2.0454955468148112e8, 3.2138724753296983e8
2.4873193425528133e8, 3.4840338761995214e8
2.0464172111432227e8, 2.8388092526866347e8
1.2324356322045587e8, 2.1812844402293336e8
1.537712920645948e8, 2.6860526144944453e8
5.371880297637943e8, 9.147404459084412e8
3.942878332784134e8, 4.634624317278953e8
2.2291159519844034e8, 3.2810759619981706e8
1.9241543756586704e8, 3.8160557561167353e8
4.9437827156009805e8, 6.042873720937625e8
2.6732602027670544e8, 3.4830902160806274e8
1.3433273727612552e8, 5.463889259896533e8
1.7466449664836934e8, 2.44926135656902e8
1.3600442959165496e8, 1.871407401036104e8
1.7781124936213094e8, 3.3264502267090684e8
1.8066857646387735e8, 3.232649409916004e8
1.893798144727334e8, 5.044483809585773e8
1.439979692718934e8, 2.077759269713658e8
1.0419182037353171e8, 1.8643958372718433e8
2.3985222471261713e8, 3.708343841589946e8
4.171929437213198e8, 4.8975097268037355e8
1.3792227037269202e8, 1.7975692287460366e8
2.580336315850373e8, 4.379547414451368e8
1.6154801874358162e8, 2.449683297629652e8
1.7943947846779242e8, 2.597784888962171e8
1.7741235739202258e8, 2.51568176600619e8
3.380810190834268e8, 8.440972965851294e8
7.806431895398482e8, 1.0338473020130529e9
1.5728043519338065e8, 3.291030230488451e8
1.55094777583469e8, 2.8805006742787737e8
6.72274646534462e8, 7.672517573638505e8
1.5079820337971506e8, 2.350116879406167e8
2.2955782037364677e8, 5.533017151357995e8
1.3095336784640504e8, 2.778265583830045e8
2.0658244656853208e8, 3.416074154936948e8
1.9033459869747472e8, 3.1312954365273374e8
3.315094131280565e8, 6.412405450432553e8
2.3221805988291663e8, 2.9701739659242946e8
1.655267422959572e8, 2.1421892288667342e8
1.1181852773797733e8, 1.9511865310110933e8
3.2100776046497893e8, 4.998077272812436e8
1.307054512871759e8, 3.276037134037669e8
3.89306520796017e8, 4.903410739880782e8
4.168109274938982e8, 6.002189451682965e8
1.2896096382566172e8, 2.788144741466193e8
2.3108554225186604e8, 2.9731350485598475e8
2.5980782101524004e8, 3.3889132321590894e8
2.681898088910878e8, 3.617031213339408e8
1.3821381845016325e8, 2.042330790452826e8
1.3690368103327164e8, 1.927605870184617e8
2.0953546775623932e8, 3.453713637689179e8
1.2195172975399162e8, 2.0577654741962093e8
1.5209424598612505e8, 2.6123891214660737e8
3.2873493914636e8, 4.3476758562681943e8
2.3536979188890448e8, 3.2173294509041834e8
2.3388153056031173e8, 5.006260957736405e8
1.9163646321695203e8, 2.5196359390391243e8
1.7652440934892225e8, 2.3406988801723444e8
1.495422661312134e8, 2.4291185133395672e8
2.2740833805729893e8, 3.36052443934575e8
4.2704795514552414e8, 8.285807595380259e8
1.4662309627562362e8, 4.127327687224875e8
2.6176586187868917e8, 3.4589134704269296e8
1.4326051069205537e8, 2.2412030092966798e8
2.9382874002250063e8, 3.416074413292871e8
1.7735862285447416e8, 2.6189478833020777e8
1.480391136902004e8, 2.2874818046745667e8
1.4815625713196942e8, 4.00613412922379e8
1.7859432060595137e8, 3.155658384313048e8
2.874384929808595e8, 3.509995581700558e8
6.499400919887778e8, 7.398458857519879e8
4.4112726816732115e8, 6.881588446090585e8
2.0749992967122257e8, 3.5524811782724196e8
1.29949971901024e8, 2.144207473957199e8
4.471088494785539e8, 5.830343684358667e8
1.9872481876801842e8, 2.8874404257733864e8
1.4335480547073153e8, 3.0816667848373276e8
6.107295556237483e8, 7.026818600567193e8
1.577427995539781e8, 2.130649926836865e8
7.501448848139197e8, 9.746248376700925e8
1.6126562023261988e8, 2.3425231721995208e8
1.1797741354842284e8, 2.0038996041868216e8
2.149445545025375e8, 3.08023194272626e8
5.580074860031168e8, 6.741682857956767e8
1.392643425475348e8, 2.2041849622470045e8
1.8252729040605366e8, 4.25284284382035e8
1.232377256235797e8, 1.8730693393460137e8
1.4970647122898445e8, 3.2926020097498465e8
1.4350993474389014e8, 2.2586929316179284e8
1.2006942378869441e8, 1.9381861252442667e8
2.2020106721843562e8, 3.115568441485558e8
1.752733036284132e8, 3.935785604163997e8
4.3155798204983985e8, 6.839692496408587e8
1.5724005820604143e8, 5.3207605854400283e8
1.47050035737464e8, 2.1518544184893477e8
1.738255756847958e8, 2.4713123468932304e8
1.3563420904648912e8, 1.9141864901900363e8
2.2135909402842396e8, 4.554804314338519e8
1.4657145847470847e8, 2.3346207185027853e8
4.5955713522254634e8, 5.2421391457464105e8
1.1022079503665367e8, 1.9550956510166308e8
3.651951612895641e8, 4.469949142269307e8
1.6621411665983212e8, 2.595503667703414e8
3.985093701434714e8, 4.578588913677186e8
1.957950529671786e8, 3.910630447789157e8
2.1092528728111315e8, 3.3399236941874486e8
2.5863326894790328e8, 3.3461092280442256e8
3.0039827167497444e8, 4.136370101572208e8
1.610040481882578e8, 2.9197221428203726e8
1.7216139632414174e8, 3.205711605172301e8
1.5213269741091603e8, 2.9330471577251554e8
1.2586671500789785e8, 2.6349104240750915e8
3.113059685342543e8, 6.459227809131026e8
6.004020763864913e8, 8.452025446180323e8
6.291173571325155e8, 8.809740133933123e8
1.2790275424583648e8, 2.49043957379226e8
4.9036366823781884e8, 5.914601857690227e8
2.0276122148194623e8, 2.749417214836111e8
1.610365716700289e8, 2.3090556778784302e8
2.1059304699359813e8, 3.234401578485638e8
1.7579340154947472e8, 4.092647776412845e8
2.0798686391537622e8, 3.046834443838262e8
5.24247981164036e8, 6.271292705083513e8
1.779951192864422e8, 3.108154946575566e8
7.054853524742348e8, 8.169940289673188e8
2.398516460595102e8, 3.661173163792902e8
1.994009609637209e8, 2.6386551288922954e8
2.3747509715951923e8, 3.13188060484139e8
3.704112006321484e8, 4.6084614337346256e8
1.9339862771749055e8, 2.742622594856503e8
1.3897909753505117e8, 2.0096482197887388e8
2.5831221151155028e8, 3.2344775241829765e8
7.823470673016566e8, 8.72261927216302e8
1.607553282943067e8, 2.837660308538204e8
1.3710853298936415e8, 2.2615770386571723e8
2.2567521673725355e8, 2.960544773004095e8
2.4550915832247326e8, 3.9911969365251285e8
1.8762899537339377e8, 3.2182579515805554e8
1.8632045325817516e8, 2.3253869080831727e8
1.8728394579660377e8, 8.11394048321992e8
1.2699831995844533e8, 4.076401373137599e8
1.9992552921794996e8, 4.2263117281477207e8
1.6507695847966024e8, 2.763405644534072e8
1.2608643179769796e8, 2.3390584220117912e8
1.3849337297290045e8, 2.35944150856282e8
1.703045553071083e8, 2.6414403859556043e8
1.337623465089142e8, 2.1424767420876673e8
1.822696162426476e8, 2.455240432641925e8
1.460412710704791e8, 1.9823014299012083e8
1.4268908541471314e8, 2.773828325141466e8
2.9118014768131196e8, 3.8915349715259e8
1.8608501444385266e8, 2.790670786298077e8
1.5721228460553336e8, 3.195768992584503e8
6.641478128287789e8, 8.460080667658786e8
3.95171477342422e8, 5.865245419478554e8
1.7641729971716875e8, 2.707103129183321e8
1.388277014526687e8, 1.725830134944575e8
1.94059581497511e8, 3.202178682475401e8
1.5796567205890232e8, 2.0485491037910685e8
2.855360606111526e8, 5.485575283359181e8
1.327617183584876e8, 2.0322749031347823e8
1.822896087173147e8, 2.725289709018877e8
2.3933830075023842e8, 3.874956171974161e8
1.945576757441763e8, 2.6969231722750837e8
3.125315233116169e8, 4.470880406591098e8
1.8851180989990824e8, 2.876014611523724e8
1.9825885893117437e8, 4.298651949784606e8
1.4763179049368787e8, 2.6363149459888375e8
1.976374572524528e8, 3.4219380029854745e8
1.5153952361212707e8, 1.919382849253068e8
1.6350251503270233e8, 2.467301290294003e8
1.2419106798084109e8, 1.7265790579447627e8
1.8035311003179204e8, 4.4829323624513215e8
1.3163153362947331e8, 5.851911169261683e8
2.1203801249490857e8, 3.408605163784444e8
2.5238022532571548e8, 4.329496805962877e8
5.069712142185217e8, 7.121485855003662e8
1.9660473758266583e8, 5.953660300968138e8
1.5730533487071997e8, 2.4801453001284304e8
1.441124859477706e8, 2.9842870534518135e8
2.612790982916697e8, 4.014332180859279e8
2.0796832166680875e8, 2.8153462237279946e8
1.5124286116521415e8, 4.1484609392351115e8
6.470737454564793e8, 9.578540829135984e8
2.996127993631745e8, 3.6573552989490956e8
4.075441709650281e8, 6.495799304842203e8
1.584401677170252e8, 3.709705902797034e8
1.697835255137207e8, 2.4563086439687353e8
1.568040206011264e8, 2.6709892247430116e8
1.999107352638601e8, 4.250382533132344e8
1.735783972016991e8, 4.272385910364396e8
1.5564740843951872e8, 3.1851950718322253e8
1.498188039738168e8, 2.350092555908847e8
4.341385230626679e8, 5.242473382095164e8
3.766624193140745e8, 5.56219000082748e8
4.5503420536627275e8, 7.126028060297449e8
4.787140723321392e8, 5.894133525208826e8
2.3724338874307922e8, 5.248202618225839e8
1.5692191400493497e8, 6.343046606800785e8
1.4891122350548708e8, 2.2523748757408357e8
5.0237877938544995e8, 6.135328682358766e8
1.4623261942667007e8, 3.685252544111515e8
3.0373980451422566e8, 3.611932316969764e8
6.144252621368793e8, 7.95769177290664e8
2.9913323561948377e8, 5.757206215230283e8
2.2607552559272772e8, 4.391750532019153e8
1.8130358390228182e8, 2.378383920826539e8
4.868625292343939e8, 7.98333417299454e8
5.3340377582466155e8, 6.336042064146193e8
4.309669260354039e8, 7.463322645484121e8
1.2164623417068593e8, 2.6910937944412506e8
2.5131913521654087e8, 8.02036378899045e8
4.2097634641096157e8, 4.9963372264774394e8
1.9876036788830084e8, 3.423100737358233e8
1.8232530502810472e8, 2.7588276780849946e8
5.824732825244071e8, 6.41685545173226e8
2.806833923928438e8, 3.484504485126149e8
1.645330962372624e8, 4.6247920310375077e8
2.753930766546888e8, 8.21962306184508e8
1.4102111925627443e8, 1.9755321017460412e8
1.0516389486340316e8, 1.674266372376197e8
2.033708067297061e8, 3.218279362057702e8
1.5624251017032927e8, 2.195485124899169e8
2.1068823910190386e8, 3.8210400913335747e8
1.1889183508818403e8, 2.0565073226654008e8
3.244894822084608e8, 3.877307800529636e8
3.762691880359589e8, 6.440552087331623e8
1.9720242873432198e8, 2.4342076590573835e8
2.244807185706043e8, 3.414306934353897e8
3.884589643501839e8, 4.9340828776518315e8
3.256845476993069e8, 4.369859549820006e8
3.993875803538572e8, 5.1057827093963e8
2.0561315205241042e8, 4.239251698279118e8
3.548767745631422e8, 5.025986043372208e8
1.6380955268790463e8, 2.5526348646196917e8
1.0816319432011542e8, 1.7006921629171264e8
1.3359974126350275e8, 2.1517500363711342e8
2.385605240714838e8, 3.104404505913048e8
2.036408015501984e8, 4.162568598617673e8
2.526252312454457e8, 4.918253821416105e8
1.777835749955905e8, 2.5234191871017677e8
1.0340742865018342e8, 1.821630958808687e8
2.6195507022692412e8, 3.9197219288421065e8
1.8309584305669597e8, 2.9046089753700393e8
2.419055777650969e8, 5.267580642023177e8
1.127619486402075e8, 2.3112000034399742e8
1.5358358822369966e8, 2.6645142244397503e8
2.1740382899641976e8, 3.1575539006256866e8
1.4217289164458954e8, 2.739597596665256e8
4.724844954817543e8, 5.796995868139651e8
1.4779961179594132e8, 3.8595245677020645e8
3.3826625317539775e8, 8.94917726850185e8
3.352807107052275e8, 7.876874532632873e8
2.838289271936645e8, 3.5947204435921043e8
1.7306381299754918e8, 2.359910125118651e8
1.5052126409434745e8, 2.3541932684933573e8
2.8034938975672054e8, 3.7392111693069327e8
1.668965432155594e8, 2.7448863958290815e8
1.5447662885768148e8, 2.887347209887354e8
4.1952363581337565e8, 9.682420169414294e8
1.9549835146051285e8, 3.474919203960012e8
3.3613841745750743e8, 6.311217600545808e8
1.0482948024391548e8, 1.6278228708705917e8
2.1162091632005775e8, 2.6356884347663057e8
1.5189963790182245e8, 4.188293353567878e8
1.7782259178694797e8, 2.717183085288797e8
5.3042038740785944e8, 6.811596437189244e8
6.737562244647787e8, 9.324749814001732e8
1.7171211581852713e8, 2.276943310849771e8
2.2379464339047682e8, 3.1593583419773215e8
1.2778972697414732e8, 3.8165886905430406e8
3.3257422800537956e8, 4.1664420284538966e8
3.7822659955976117e8, 5.979532757207724e8
1.474379142454703e8, 2.4269778877756375e8
1.6286117544037735e8, 3.067797252502359e8
1.6561075358013213e8, 2.6183133012945664e8
3.142271217846267e8, 3.872783432389142e8
1.5347279395806742e8, 3.014965184692196e8
1.9653351466371453e8, 2.963604077870785e8
1.7258858363296598e8, 2.6676018096964428e8
2.4129248658775333e8, 6.377287728717285e8
2.180232879599498e8, 3.6526933484929365e8
3.0450354076800674e8, 3.702159772094604e8
1.9653536969212022e8, 3.3614690672630316e8
1.627223324529779e8, 5.242004734268089e8
1.3022932761720987e8, 1.8157040335730866e8
1.557384137203554e8, 2.892014278798015e8
1.6141855265129682e8, 4.168324120481219e8
1.9131804812650287e8, 2.7916874005778736e8
1.2894874383422428e8, 3.5179012915412205e8
1.6548208104792285e8, 2.745888734175713e8
2.022004929938442e8, 3.926017704709944e8
1.466496017144434e8, 2.261472004240194e8
1.9938590400946167e8, 2.6176601153488925e8
1.4491718000708824e8, 2.4626694529875857e8
1.3051627872770594e8, 3.1048570405241174e8
3.569415362437044e8, 4.45601344740756e8
1.4777568145388466e8, 2.4487324815186644e8
2.935751889308562e8, 3.910977064996038e8
1.844550447025521e8, 4.341035285410752e8
1.2917977514129247e8, 3.1217725895911443e8
1.1019594080995037e8, 1.627109658443958e8
1.8980978572637716e8, 2.4610557236768845e8
1.3504652449941665e8, 2.5740609586486435e8
2.528530118852272e8, 3.1355298043770945e8
4.7175787618486416e8, 6.783814136446985e8
1.1366864015674047e8, 1.8527813513833597e8
3.489567539759204e8, 4.4755766817575216e8
1.4938074792679664e8, 4.102283368694958e8
1.2676336627218302e8, 1.7865400083967286e8
2.2160181432458705e8, 4.1360787330932885e8
1.3241706355424654e8, 2.609446946176471e8
3.335392616466748e8, 6.016775584900277e8
2.4420778745570174e8, 3.5936173396817476e8
2.3327726560203093e8, 4.2630580498173165e8
2.554617709802607e8, 5.620477285709971e8
1.5218850520790735e8, 2.556430601392587e8
2.3261725086098948e8, 4.253601534230217e8
2.8159152117176175e8, 4.590567435476659e8
3.054508279695352e8, 4.5071928817475367e8
4.5876698865733844e8, 5.344586576754416e8
1.278805233856118e8, 3.087923426142998e8
3.72841704765644e8, 4.417079024632546e8
1.13989245725317e8, 1.8780424672218472e8
3.363619696044426e8, 4.7854075792040837e8
1.416811275849928e8, 5.900860156605848e8
3.515486934909801e8, 5.040908019647042e8
2.912503540100522e8, 4.4245933685276175e8
6.236978332552496e8, 7.847443445278744e8
2.5757497744322935e8, 3.305108583334324e8
1.4382080137692508e8, 3.010714140402138e8
2.6227200889901656e8, 3.6133859686450255e8
1.3703699247065747e8, 2.4042194407206315e8
3.4290666887760156e8, 5.488341834060582e8
1.9791082214258924e8, 3.103226347389528e8
1.8242252414302146e8, 3.254507485047978e8
1.6982818228009704e8, 3.813236545404978e8
8.122676313823398e8, 1.4258988975341337e9
1.6423681119248107e8, 2.294613274378794e8
3.1809146883491725e8, 4.729621273706761e8
3.085653974390762e8, 4.998393108454726e8
3.1697967764944583e8, 3.686707004683792e8
1.8491798085027564e8, 3.4439029955383587e8
2.675402704560179e8, 3.248154614125959e8
1.5442648847765985e8, 2.6180211647438234e8
1.5525538746461284e8, 2.0479769334131905e8
7.382420300284598e8, 9.613373839695079e8
2.0670681910842776e8, 3.1120170643004274e8
3.0006979788117e8, 5.273568218641237e8
5.420435999014679e8, 6.35740698212004e8
5.902431166347877e8, 7.317663925536562e8
1.8856668158098304e8, 3.687384734666899e8
3.493079004877184e8, 5.669946619462687e8
1.5327364576023185e8, 2.0635150230187684e8
3.3676494517570156e8, 5.903582036946483e8
5.896105600065296e8, 6.648296840307349e8
1.5220506427037886e8, 2.1751794506375015e8
1.3933099630054083e8, 3.288151153187018e8
1.8383718199660572e8, 4.391797237544931e8
1.5350141426692638e8, 2.4308148971734077e8
2.973963680126665e8, 4.048390719313601e8
4.9194262101420736e8, 7.073416546401727e8
4.9192699441294086e8, 6.248833208172858e8
1.4104916876168647e8, 2.0622848770459062e8
1.8144027581220144e8, 2.6092186094637597e8
1.3700911966213566e8, 1.975655268193579e8
1.910637047965265e8, 2.6081803821628922e8
1.4571434475854692e8, 2.0821587398272437e8
2.2568803577353442e8, 3.3941733069817346e8
4.3518112310694647e8, 5.579964451517228e8
1.466821000072875e8, 2.1699130917391154e8
1.5852918886536676e8, 2.35048450933023e8
1.1320221450081792e8, 1.7671491835399568e8
2.3505614330039406e8, 3.422829264124442e8
1.5165610901181152e8, 1.9567464068245956e8
1.3102380683875853e8, 1.9774020843492174e8
3.714519123754745e8, 4.4512847700245404e8
1.349020971185398e8, 1.9377612306363684e8
1.3855913755375123e8, 5.81792316391456e8
1.5506366844517896e8, 2.251821970855777e8
1.4114235072976956e8, 2.760764685959799e8
3.1527032682048017e8, 6.398106071720805e8
1.3874240578160396e8, 2.278461463926503e8
2.991579361803855e8, 3.935945151430713e8
1.4869369621432334e8, 2.190677321634738e8
2.0215799133344883e8, 4.284653623334756e8
1.6645439711634743e8, 2.635245879929607e8
1.7928391004623228e8, 2.2022692924919525e8
4.16715332976457e8, 5.100787898095477e8
1.4272003824639192e8, 3.7839545172268766e8
9.723173525981344e7, 1.8161094991095608e8
1.8431943658190605e8, 2.7966865983253145e8
1.151327006939422e8, 1.8677997558927438e8
1.5628431243617165e8, 2.7375183041061836e8
1.476391961838369e8, 1.885664777243569e8
1.6666834415091345e8, 5.565464491704971e8
9.93569819201005e7, 1.555790595532817e8
1.1681301625930879e8, 2.230578365611727e8
2.4098807475480798e8, 3.935691760153824e8
4.937812107319128e8, 6.27141290510562e8
2.9360179874980515e8, 4.8539281098853725e8
1.44198816902336e8, 2.5416479121860123e8
1.5973914650357842e8, 3.1902053369790524e8
5.0623719499893355e8, 5.86011958297342e8
1.975548771592371e8, 2.746092753499056e8
1.7956215078930175e8, 2.8052373614486206e8
1.661504963066376e8, 2.526459185864815e8
3.6946964490393764e8, 5.410426897031535e8
5.069667531358984e8, 5.838304262202404e8
3.5370484958111477e8, 4.243667298657699e8
2.597347657108044e8, 4.172456992262958e8
1.5420431352224198e8, 3.2528688027141297e8
1.3740713195704874e8, 2.2670674250775304e8
1.4981527062408358e8, 2.5535981940353435e8
1.5861624265627688e8, 2.81178711009861e8
2.247628297000161e8, 3.442403928809574e8
2.955040217087009e8, 4.419435141321157e8
1.6379088270536482e8, 2.4556580168278542e8
4.004725595953452e8, 5.321485608811458e8
4.713408337986131e8, 5.690456839507991e8
1.5481351561647484e8, 2.4341580242313677e8
1.5842755689644307e8, 2.3527923948148954e8
2.0732030710075542e8, 2.620995974762052e8
5.831222093108985e8, 8.338784288010908e8
2.4376439289268008e8, 3.537115549938306e8
3.38606609450252e8, 4.0836475575611854e8
1.847608695050738e8, 3.11114898746175e8
1.6407288226313955e8, 5.319331263071795e8
1.8479567806650499e8, 3.91454654062202e8
1.2179502379428674e8, 4.5487998806740654e8
1.25723540660887e8, 1.9425302520395023e8
1.7053641038304082e8, 3.749789460832767e8
5.651591317092979e8, 8.516022750458523e8
2.0167428275618902e8, 3.2127176025187635e8
1.380496731098604e8, 2.151120127624393e8
9.686781537226562e7, 1.753674428555107e8
2.486174520064943e8, 4.1448728366781026e8
1.7477079676606676e8, 2.4255448305357516e8
1.5078151072515827e8, 3.612223580092652e8
3.4181577792075306e8, 4.180789286489998e8
1.2990142201055628e8, 3.9196358730526346e8
1.8937147174257874e8, 5.126184148918126e8
1.393567919791112e8, 2.5376957091376582e8
1.811478292749241e8, 2.910984332037276e8
2.0006423409262937e8, 2.960543781172865e8
1.8921624091417968e8, 4.3234178637961894e8
2.2760430897208294e8, 3.1348668296620816e8
4.455233574032789e8, 5.56589706820716e8
2.1599827689448318e8, 2.8998470561511445e8
1.7708416113142112e8, 2.4123970002351528e8
1.1782866632103297e8, 1.8481594119277015e8
2.1717044645616144e8, 4.6768920578197914e8
1.7746581116631967e8, 2.6516559792142877e8
1.982437315728455e8, 2.843429967420933e8
1.794670937876889e8, 2.700357397723821e8
2.70082683951817e8, 3.823350706584971e8
2.0633791335744438e8, 2.8092212418872e8
1.6476520411318174e8, 2.534162169918731e8
1.5778370979529005e8, 3.147992463841411e8
2.162324522438312e8, 3.7776893404845065e8
1.4218136464626607e8, 2.376355963636852e8
1.5172159466335332e8, 2.824078331653878e8
3.1939066554506767e8, 5.242532003519794e8
2.5151221842389315e8, 3.989572837204698e8
1.705153318446146e8, 2.9968796805867046e8
1.7928311249951148e8, 2.3168339846605068e8
1.1976402262485856e8, 1.9251389943694535e8
3.1089809611383146e8, 5.757559398996485e8
2.1942724801179627e8, 2.6017073608798316e8
2.177468702620114e8, 3.688635095656047e8
1.609969395513271e8, 2.3263307613597023e8
1.0397054551441605e8, 1.7406347780706766e8
1.7117366265727714e8, 2.6668684334363246e8
1.6682941189202482e8, 2.7536014122649014e8
1.2953819954455346e8, 2.386660731981838e8
2.0076323238889953e8, 2.6746668935552874e8
2.218868986679881e8, 3.1388791267840815e8
3.716995414843435e8, 4.5993595589024985e8
1.5283873335626975e8, 2.4649332969392285e8
8.341139926212431e8, 9.026341782485402e8
1.9836329876597703e8, 3.442517547779509e8
2.0184786164725602e8, 8.179624473501977e8
1.4289242687791425e8, 1.934451900919754e8
1.1586788368101014e8, 1.7785022875058627e8
1.2755318138276242e8, 2.358560263289095e8
1.2651786149426438e8, 3.7966114159374744e8
1.481798880941281e8, 4.646521330665934e8
1.1047375951384482e8, 5.694529808007463e8
1.7957936224738497e8, 2.548538163089249e8
1.2321967037115844e8, 1.8856338070848668e8
2.0803462782242996e8, 3.152441662544361e8
3.488935644251947e8, 4.462877668556777e8
3.8682721688093007e8, 6.547953036324062e8
1.6181128153702477e8, 2.655087773466517e8
1.6716777496456417e8, 2.5509438639100558e8
1.8457040566075048e8, 2.6592373849983975e8
1.8339003888144258e8, 3.2179018414409626e8
1.153622617806354e8, 2.1228637748573384e8
1.246015050235542e8, 2.8388831402321875e8
2.1016177437427157e8, 3.0526920750929844e8
2.6167367621900374e8, 3.55918802275097e8
1.8187399904047483e8, 3.051698253132011e8
4.667899793153291e8, 5.963888078095977e8
1.7668963201405606e8, 2.935611464456668e8
2.2930003120279077e8, 9.793839632822239e8
1.243284454710439e8, 2.1507949406263348e8
1.5516713749218136e8, 2.5613087044048026e8
2.656549391874629e8, 3.275599232387132e8
1.6595068703816128e8, 2.5454865864936766e8
5.387018258847854e8, 5.990910786337142e8
1.8496177123067328e8, 5.632342971368669e8
1.628648707818636e8, 6.630784378543847e8
2.0140779572421893e8, 3.0704416083606714e8
1.038724720055978e8, 1.5472860082583386e8
1.539799706686942e8, 2.252119156524439e8
3.714853158740129e8, 4.666989864647972e8
1.8684190471060356e8, 2.287727764916409e8
1.4358975756275237e8, 2.1237661140704557e8
6.451937131341382e8, 8.410647060020077e8
3.459934780945289e8, 4.2175121672204906e8
1.6768448469487822e8, 2.2454268563187397e8
1.2273449303067073e8, 2.0856473138584858e8
6.86678931973948e8, 9.011528110295731e8
3.279080662107062e8, 4.188384961807568e8
1.4768708924079528e8, 2.5417074731222528e8
4.157057335882665e8, 5.460186660332223e8
1.5112962770793062e8, 2.5051521800417542e8
1.5800280363068613e8, 3.4072308023511994e8
2.2587842481223673e8, 6.143513115937026e8
2.873476771695623e8, 3.713530944625084e8
1.3538448193550703e8, 2.3228182584274778e8
1.687741776863314e8, 2.5864261540252945e8
1.7617485693179372e8, 2.6015625101343107e8
2.3419675397486782e8, 3.2553947373902607e8
2.7138885926929086e8, 6.569870780201206e8
1.5464681078892142e8, 2.0293672365082166e8
1.7497510118463552e8, 2.777900707215547e8
1.812633058287032e8, 2.30933480560394e8
1.9116729624245548e8, 4.506092810655939e8
1.3964216315453386e8, 2.5926629209218097e8
2.814112644233588e8, 4.5082124539602417e8
2.8207505926944375e8, 3.9363237087178326e8
1.8655677405473232e8, 2.5639374015328258e8
5.3407093436363065e8, 6.556064089984415e8
1.9934256407912198e8, 3.099219433373186e8
1.7374898351372918e8, 3.027387142855078e8
2.3566147819722933e8, 5.84843119467621e8
1.9018956662789595e8, 6.577325771370356e8
1.074286618913704e8, 1.951982041468662e8
3.0105495689372635e8, 3.512682244539808e8
4.525227972265397e8, 7.232206347412168e8
2.2908232763787872e8, 2.9033171799897933e8
2.2755212231203195e8, 5.469127512103677e8
1.8818664705734235e8, 2.6296228567227218e8
2.3068226933308056e8, 3.425027973988257e8
2.2611310389767945e8, 2.8595220878501314e8
1.509621544026053e8, 4.463605317451283e8
2.052533675222186e8, 3.11276507740471e8
2.9027246466484946e8, 3.375539343591219e8
2.1401224374120754e8, 4.293413893520431e8
5.2578604000749385e8, 7.621916917571568e8
1.983299140215804e8, 2.6401913750043464e8
4.355900601419004e8, 5.693036836703476e8
1.493114958758827e8, 2.9714994727615756e8
1.554271282039497e8, 4.307047108183035e8
1.104804436368551e8, 1.9136128145989063e8
1.4958974606498644e8, 4.0691818548240554e8
1.6670343155910465e8, 3.11423013723863e8
2.1052362435767102e8, 2.913490192090276e8
1.1634176522835934e8, 2.4918440278819364e8
2.0144042567505178e8, 2.5800585832015312e8
1.7946142022059953e8, 2.3394688100646222e8
1.9251287784271607e8, 4.35837686702574e8
1.4669454370583168e8, 2.786817916187908e8
1.592160123652446e8, 3.699710738016597e8
2.024150194776107e8, 3.7671759474323267e8
1.0565487403373821e8, 1.4437582529389128e8
1.7153122459152243e8, 3.3997227093768346e8
1.1580178694839263e8, 2.1637267811760807e8
2.2162787475507468e8, 2.8450384779485154e8
4.036500990772717e8, 4.788034031820566e8
1.8068355869126272e8, 3.2539863890079284e8
3.312114691127147e8, 4.400433962857104e8
1.7701536672650352e8, 2.5512039796422952e8
2.2642445756919596e8, 3.0184260634740835e8
9.585857578297323e7, 1.6784968881133804e8
2.7179076428742915e8, 4.600143988536609e8
2.046938988075102e8, 2.950544253799256e8
5.247112892487868e8, 1.010112697043903e9
1.0544236835935268e8, 1.9254597410048568e8
1.4156363508782738e8, 2.036557058223151e8
2.1668349692099065e8, 3.472527555754485e8
5.863787308822534e8, 6.439046852640568e8
2.4111740058195537e8, 8.548081904343421e8
2.2924666803566197e8, 3.1754886834784895e8
1.8552329726691118e8, 2.8491169988123333e8
1.9528050457942528e8, 2.663643154138044e8
1.1617407515229788e8, 1.823049304125326e8
1.8416708331472826e8, 3.3277720279659957e8
3.9215918284407175e8, 4.7462625143582356e8
5.778518186009578e8, 6.452958111578372e8
1.5121366643800882e8, 3.0059425152523273e8
2.054834665472806e8, 2.941077725358148e8
6.415518939293807e8, 9.161635232946535e8
1.5376453052205184e8, 2.7168373097221774e8
5.27538789443702e8, 6.73403670737785e8
2.539503984516158e8, 3.692636067641851e8
1.1588349285044992e8, 4.9315736301872325e8
4.24812871136126e8, 6.994107897477684e8
4.495284617713437e8, 5.825115669799452e8
1.4750949656075922e8, 2.4534221731139505e8
1.8255063211508083e8, 3.203812515985159e8
2.4732657358141008e8, 3.55360013186797e8
2.801384955475157e8, 3.781039539486472e8
1.6084405204286468e8, 2.3845034663422474e8
1.3387309057466991e8, 2.4087593308862764e8
6.86367665489528e8, 7.510579783965714e8
4.1532238918700606e8, 5.689017475244585e8
6.72956232848028e8, 7.902767770382415e8
1.722156459544422e8, 4.29248665583995e8
1.932868231803329e8, 2.5135724657344082e8
5.740828004005473e8, 8.19826760124544e8
2.2797819586186057e8, 4.2879242088787884e8
6.264402147633448e8, 1.0035606488452948e9
1.773901861642548e8, 3.160424166489924e8
4.3053604425385547e8, 6.988363033926982e8
1.2948158363165686e8, 2.1392544365875024e8
8.902539942468967e8, 9.672720639601256e8
7.76865250495243e7, 2.2642349200517172e8
1.9664534775750524e8, 3.160947736404693e8
4.3276504121608156e8, 5.681865492137995e8
2.6238781998667854e8, 3.7231645736094016e8
1.2596170325282998e8, 2.2482293558786362e8
1.1184544931869343e8, 2.3919417684193483e8
1.9426908294355273e8, 3.365242212090737e8
3.656138118239651e8, 4.19315396783873e8
3.4718085413097554e8, 4.2957518296890193e8
2.204957936253224e8, 2.910049441636315e8
1.52815844503332e8, 2.3544374322833017e8
1.940998662810337e8, 2.888957528885166e8
1.7867540602559397e8, 3.060313969205301e8
3.6088392709819454e8, 6.668405085987638e8
2.1958645443646494e8, 3.138302083600633e8
2.0271140962595624e8, 4.64737900845241e8
1.6579813282691652e8, 2.3431359509452912e8
4.3406679972967327e8, 5.438729405539931e8
2.0504764609469408e8, 2.8457435699378484e8
1.6142873946474996e8, 4.7397036345318097e8
2.6114611676833177e8, 3.762640470712131e8
1.4684586269265512e8, 2.879265596488876e8
3.586698500155887e8, 9.597835014676574e8
3.139540570250728e8, 3.956279463238824e8
2.7523712001759005e8, 4.349398469027921e8
4.492333389550841e8, 5.0937651799946076e8
1.7208307839153847e8, 2.2730615338362905e8
4.25913809266698e8, 7.467257648643856e8
1.4994498265149918e8, 1.97417253821864e8
8.598647831303554e8, 1.0273868052148409e9
1.5662447060264337e8, 2.115303077232258e8
2.291453923097347e8, 4.158410809766629e8
1.693923075727245e8, 3.4083505089773345e8
2.066726535523138e8, 3.099536886869142e8
3.832489144261486e8, 4.6418604574382085e8
1.8917188264879948e8, 2.5052045038663387e8
1.9625564576919496e8, 6.811141877738011e8
6.134944383537866e8, 9.553782430889438e8
4.1104615472700745e8, 4.9516424340644413e8
1.0966997550460064e8, 1.9430657146784595e8
2.0304191390144208e8, 2.772411354189712e8
1.6620632122219792e8, 2.8393344257607436e8
2.111534525531198e8, 2.924241651316524e8
1.7656647429553035e8, 2.5263847953928545e8
1.8485568801609835e8, 2.955204835754646e8
2.2835443013139942e8, 3.100542614159209e8
2.2550599287218463e8, 3.936289367867003e8
1.371023537733408e8, 2.6016816813024956e8
2.009744372342341e8, 2.961159388592273e8
1.9993613192609963e8, 4.271478449444133e8
1.0861619524629837e8, 4.071964287936865e8
1.6490445708746192e8, 3.077574216064405e8
1.6040844717204285e8, 2.447737201979159e8
8.574774624467636e8, 1.05301062550988e9
2.0428150983786753e8, 3.3439968521957064e8
2.148090029040223e8, 3.007517474597096e8
3.8878173181308824e8, 6.822115252329093e8
1.9267660707002267e8, 3.428421023476607e8
1.358269381700615e8, 2.252133892953054e8
3.201272957330121e8, 3.8375924091793936e8
2.9364162034976065e8, 3.5351816160060257e8
1.2675266114349107e8, 2.014688639856986e8
1.1874926122747374e8, 3.4812281546659756e8
2.7310752428644705e8, 4.04420870057485e8
2.2038571897321528e8, 2.908767802045427e8
1.7774769479868737e8, 2.4045600697118777e8
1.9966067276434484e8, 2.8910830004403204e8
3.1936525516519684e8, 4.6617506937475723e8
1.7692747608844167e8, 3.898197809021345e8
4.602545773344578e8, 7.772839898258657e8
1.6915955553311986e8, 2.701382324780356e8
1.891036250273853e8, 8.795626129101775e8
2.2612185965581948e8, 5.492028682957029e8
3.7520460481247866e8, 6.091179594999586e8
2.6960753839989465e8, 3.89150534731895e8
4.4142774413205636e8, 5.435326016665564e8
2.65609702427695e8, 4.25114366085436e8
1.580560644877675e8, 3.186853952827591e8
3.618431966172348e8, 6.34514846367497e8
1.4275053093213984e8, 2.91707586885817e8
3.210309944843864e8, 7.993579901065631e8
1.9276900664303324e8, 2.622847000923094e8
2.2643997076035276e8, 2.8610231900029093e8
1.6514918270146382e8, 2.50034200070864e8
2.761989409506612e8, 3.8300859662416977e8
2.2023951536982685e8, 2.7043054028290755e8
1.495940607673106e8, 2.030209022430506e8
2.6755845857808682e8, 3.482242543938149e8
3.00713204603294e8, 4.7562237950267226e8
1.4643813459583122e8, 2.930345824252087e8
1.3032533756705882e8, 2.2030380680992565e8
1.3861715725996947e8, 2.5508973792928785e8
2.0201082204682207e8, 3.7414117828804415e8
3.923657719866422e8, 8.209895177024009e8
1.0894811838194324e8, 1.7251941336518463e8
1.4123007980385566e8, 6.72340491547854e8
1.3453742907815868e8, 2.2286871741890767e8
2.2474822926058814e8, 3.193420137785786e8
2.5611649270148146e8, 5.783677504266229e8
1.4650058586309555e8, 3.35715324885998e8
1.307224837510554e8, 1.6581866497964016e8
9.486438853689474e7, 2.2297407978091735e8
1.672693613972926e8, 2.926609242295706e8
1.4665278287201965e8, 2.1704038514621654e8
2.6259466588983512e8, 3.3293711674078995e8
1.183469108249257e8, 1.848135105422553e8
3.092111576702751e8, 3.850049369116157e8
1.5754622567527822e8, 3.471686481480325e8
2.1473068807537076e8, 5.110918151235498e8
1.0571459871122453e9, 1.2223082928121598e9
1.4854415828179035e8, 3.967981278020255e8
1.7250753940655452e8, 4.1790286475946003e8
1.7102154930830255e8, 4.7736830140397716e8
4.7411277560709065e8, 5.484244559533247e8
4.8130188471732956e8, 5.567149805217891e8
2.725069440518459e8, 4.092607504343813e8
1.1812593588953552e8, 1.7415379344218755e8
1.5113012650226063e8, 2.7851212119690114e8
1.875419769461108e8, 2.758069162627826e8
7.959884909931709e8, 8.951635843937515e8
1.487392138228269e8, 2.3348282411029774e8
1.4221493342887434e8, 2.6349273396507424e8
2.030778383469277e8, 4.5393951685540336e8
3.089290251890248e8, 4.854282590087768e8
1.4423781241119823e8, 2.873854204276166e8
1.7667565333045635e8, 3.1798614090707844e8
1.3786684168739715e8, 2.029199654818088e8
2.650844989671732e8, 3.877253742178465e8
1.1939066684568214e8, 5.309115518170238e8
2.0512011181686965e8, 3.438938072199724e8
3.890860328199063e8, 5.369075025481726e8
2.0072783302335805e8, 4.961766255797063e8
1.6290911278427938e8, 2.5813225281522486e8
2.327172331656803e8, 2.6796815667802882e8
1.4482317124831778e8, 2.091809609027558e8
1.480366558050867e8, 2.056017286920819e8
3.035756453647711e8, 4.133399050038723e8
1.7519044656095892e8, 3.5124778435929406e8
1.3579998483339325e8, 2.885359810526742e8
1.6165540147443664e8, 2.161343439142304e8
3.335804275822997e8, 4.131564881134026e8
1.3105691966120325e8, 3.394323003598964e8
1.6281788111375684e8, 2.2493725276547375e8
1.3037129200612618e8, 1.7828600604355863e8
1.8754785202415666e8, 2.4683577696841884e8
2.134815448262785e8, 2.8695263831661165e8
1.0746988181376143e8, 1.7818109688127846e8
1.7722330047667107e8, 2.3270402696569467e8
1.2166101539888532e8, 2.492859223980891e8
1.6706226098121452e8, 2.5044042520844486e8
5.846656991475319e8, 6.803704000205784e8
1.9044182242148724e8, 2.814914692547819e8
4.039032674331109e8, 5.2985373264671993e8
2.3990723101644585e8, 3.091676009805681e8
2.0927247237351555e8, 2.999130986808708e8
1.8079611941762325e8, 2.607078086675665e8
1.4561505724202117e8, 2.120281167658296e8
2.857700701338693e8, 4.170735996672351e8
1.2561935663934043e8, 1.861987671033288e8
1.253892073860042e8, 3.170530389916279e8
2.381505532095152e8, 4.68812171727415e8
2.6372800854649127e8, 4.0184709360727245e8
1.3401236640783559e8, 4.323534095179748e8
3.330933126025563e8, 8.623047461342863e8
2.3639252978185418e8, 3.4037551628811353e8
1.5949557268416038e8, 3.0332392628420144e8
1.673888759047299e8, 2.2747287857969654e8
3.255075018364722e8, 3.884440482903168e8
2.4362001746416077e8, 3.1805947307573605e8
1.4605366913945508e8, 2.764361743140152e8
1.6780437014242283e8, 2.1947483369165644e8
1.2281618031137195e8, 2.2121063787420174e8
2.1795743733928055e8, 3.3164041542362714e8
2.5409169332473868e8, 4.282908574685982e8
1.3572022350156647e8, 1.977340926369687e8
1.551793834719225e8, 3.1970380669929326e8
2.5380930288347533e8, 3.753480095342668e8
9.031590461237292e8, 1.0609137167004405e9
2.2069508164428177e8, 3.408579483698159e8
1.526856486350942e8, 3.3036368937742496e8
1.6816472466445062e8, 3.498347051351412e8
1.279116210899633e8, 1.9375735255598056e8
2.068460240614854e8, 7.88513898964915e8
3.807645434744507e8, 4.9054851335722625e8
2.1612280365915856e8, 3.053331888552138e8
4.350651667244096e8, 5.45688957028907e8
3.292574397387658e8, 5.814092980101649e8
1.869445578844297e8, 4.37930900212256e8
2.299382629055034e8, 3.13391999889318e8
2.598548782654708e8, 4.0364476500113106e8
5.041125476609809e8, 5.613354952333089e8
3.463107307444519e8, 4.882888663322887e8
3.575561879705151e8, 4.444480543469458e8
2.979173946289019e8, 4.4289734072318965e8
2.0149740801023477e8, 2.542942793325093e8
1.2451100770299545e8, 2.0955634373279053e8
1.1147845111872613e8, 1.521284676148464e8
3.8252457541665417e8, 4.461454122441953e8
2.5900631406872138e8, 4.748665699736328e8
1.6196581205798092e8, 2.4776222559571937e8
2.3780523517709926e8, 2.7332456962838596e8
1.5118967905718473e8, 3.3408814988528436e8
1.832475716840055e8, 2.8656447439240736e8
1.503625868028233e8, 2.3240237643904012e8
4.472230944793778e8, 5.323874699011328e8
1.7649609998003787e8, 2.228467586763456e8
1.5777128223873565e8, 3.547209450645793e8
1.6973578441105014e8, 3.9900313888672435e8
2.3479529980537203e8, 3.8034001028619254e8
1.6661083807517815e8, 2.3716493238774285e8
2.947919229835756e8, 3.6954572346694654e8
1.6278540885843268e8, 2.7732499943532205e8
1.362934727867716e8, 2.1675287799584466e8
1.848866445176018e8, 2.5001328835116765e8
1.9120156010260227e8, 2.3676652418407345e8
2.264370954860259e8, 3.6006735032702404e8
1.7837156492657146e8, 2.5539494126646614e8
1.650200733133665e8, 2.5214731714436528e8
4.246118992360967e8, 5.2855945075499016e8
2.156246155406816e8, 3.4331906028344744e8
1.3312576337235667e8, 2.115447048677666e8
1.852442380222677e8, 3.4283807031423634e8
1.575789088755817e8, 3.793869716551225e8
2.3261416452298942e8, 2.8702274118637973e8
1.4122300513718605e8, 2.321897491421131e8
2.3130443178514126e8, 4.551616834048956e8
1.6525507652482402e8, 4.3123105078410405e8
1.8449331194395208e8, 3.450916130653241e8
2.895168253285767e8, 4.763576794156199e8
1.962709198179205e8, 2.929943706327242e8
1.6604084731104833e8, 4.330766327582836e8
3.0684252594975936e8, 5.417939684320673e8
2.507161965308198e8, 5.567799370287008e8
7.850895258623631e8, 9.169889378663512e8
1.3469390485711247e8, 2.5875963333633292e8
1.4528066596891245e8, 2.7366255588356745e8
4.175932572221978e8, 6.399656250252951e8
1.2844058689933847e8, 2.2863290815029818e8
1.6138492356214496e8, 2.2630380286061275e8
2.248332673878236e8, 3.1891771588424605e8
8.737070311603488e7, 1.7893325727286527e8
1.6848193514463174e8, 2.462005697551055e8
1.8194396378283498e8, 3.2600302990132946e8
1.355760486275614e8, 1.9294998277372968e8
1.2824021327714138e9, 1.359861132789907e9
1.9833254322955167e8, 2.907132496047666e8
1.5889195537361848e8, 5.950177157401284e8
8.642073591508466e7, 1.7859063835572946e8
3.166752628064123e8, 4.2602375669800466e8
1.1753929698633716e8, 2.2114791869429266e8
1.8761179442761442e8, 2.467972728630774e8
1.2229924814264098e8, 4.3067308286121196e8
2.3585838791109025e8, 3.824924154889424e8
2.929695092229818e8, 3.7828422546586007e8
2.740793149996567e8, 3.460728613372103e8
1.9190859738197193e8, 2.6267374537265444e8
1.542627166683331e8, 2.6407691241790643e8
1.3540277017833498e8, 2.3234223253951108e8
1.928082910176686e8, 3.4157752061966556e8
1.1782934150387764e8, 3.3289631390554345e8
4.863150963966276e8, 6.949181309260458e8
2.039604121470924e8, 5.39259686330342e8
7.25369999488055e8, 8.807605094789171e8
3.2577897001262575e8, 5.0798443807386297e8
5.244003835836272e8, 7.430728090842521e8
1.5070220577967468e8, 2.3600075491453567e8
1.5572521634035906e8, 2.2238754412516677e8
5.929936937559425e8, 6.67207173450538e8
7.40876995605274e8, 8.782733647817638e8
1.9412753769165128e8, 2.676313661779952e8
1.7115841330531234e8, 4.181585401208501e8
7.574680271420047e8, 1.0212982273157208e9
1.4184826688679105e8, 2.7641909408956754e8
1.2441745743942645e8, 1.9438401507022277e8
6.718959130925695e8, 7.73749491590957e8
6.235507398465996e8, 7.122600971790879e8
1.940199197023347e8, 3.0067223578747946e8
2.7018165928042054e8, 5.128320168550123e8
3.0380193881277907e8, 3.748146554649395e8
4.914186306081821e8, 5.603020844775907e8
1.2827551986922188e8, 2.8594145191178566e8
1.7358060148905355e8, 3.884191685628374e8
1.811756673932116e8, 4.0634415460691345e8
1.1852557805963893e9, 1.332171576623187e9
1.559704964627744e8, 2.5877127760708857e8
2.459025105739863e8, 4.57732257034234e8
2.771414784990011e8, 3.5252519966689533e8
1.6088606366512844e8, 4.007311039001982e8
2.30535331195005e8, 2.936724820374328e8
1.882449730892004e8, 2.617949482276876e8
2.0119674528546837e8, 3.078975651371448e8
4.242884117015971e8, 5.44780246477816e8
1.5132244548218435e8, 2.5190668844618958e8
1.7676199158666053e8, 2.450356304302072e8
1.7565313152612647e8, 2.7674737637821585e8
1.3304211281899057e8, 2.240014216504961e8
1.5911435908471227e8, 2.6821485381219184e8
3.6246382151188153e8, 5.989684949356276e8
1.1204657462880725e8, 3.9215023562108505e8
1.5854647978830004e8, 2.5891165335536706e8
1.270912581489809e8, 1.8715463848271295e8
4.3691654513649684e8, 5.628577252355696e8
1.2558683811134872e8, 1.7442290715430367e8
3.637371861587405e8, 4.509811034813953e8
2.3669538752271324e8, 3.232515362819179e8
1.4172182655272827e8, 2.2027190941672876e8
1.4611576399063474e8, 2.646150594366974e8
1.6972117279779014e8, 3.233689760849706e8
5.1535853576776046e8, 6.038883609609843e8
4.799803830319598e8, 6.510908280085489e8
3.0311390311785007e8, 4.345163165896543e8
1.1946584819860244e8, 3.366376379721311e8
2.7731378117743397e8, 3.574578511095254e8
1.709071530777418e8, 2.7273565021910214e8
1.9199893162128246e8, 2.451764084969476e8
2.0047742778692794e8, 3.4316472775586694e8
1.6234554295751598e8, 2.851479041373816e8
1.1339752611189248e8, 3.2395771351962036e8
2.4263564774603716e8, 2.954666329701201e8
1.5875113426637232e8, 2.1527694298066643e8
3.394585155921916e8, 4.4134578736178523e8
2.03370192576034e8, 2.6438623878522578e8
2.610295622844385e8, 5.1666517146177846e8
2.4429114220111948e8, 3.494755977185773e8
2.6426782821164253e8, 3.4189978634358e8
1.967229972396472e8, 4.536673664864846e8
1.652751310157942e8, 2.61701026984287e8
2.5084237939754248e8, 4.494715536753253e8
1.2225870343714935e8, 1.9245797757757756e8
2.4207871346045196e8, 4.671328549638258e8
1.70001650401785e8, 3.3686003592927885e8
1.2452623689262752e8, 1.881484163559554e8
1.3871197299069968e8, 1.968470540459347e8
3.10188677786713e8, 5.526171962961442e8
2.919164122523357e8, 5.737875310591574e8
2.242762774430938e8, 3.484349726464596e8
1.3791079526114863e8, 5.002906216652729e8
1.8303690979526013e8, 3.122078801095373e8
1.988319922426769e8, 6.644953511100333e8
2.4298980293734705e8, 4.7340307130870134e8
2.3866232384242466e8, 3.928027599880187e8
3.1502715534139246e8, 5.3468468049266267e8
1.836026601055056e8, 2.43093375374499e8
2.3261865678170767e8, 3.90721468328884e8
1.927562933845235e8, 3.150764544317505e8
1.6714637656362772e8, 2.3311127874483976e8
1.2201166281083705e8, 2.878442659752861e8
2.3079306620982033e8, 4.320473385458889e8
2.736792666938641e8, 3.389359826785655e8
1.6715716437668666e8, 2.4432272598302802e8
1.9386717717155418e8, 3.0037253704124546e8
1.405337478725742e8, 2.4558675786999854e8
1.8100610012608606e8, 4.031373922282861e8
1.5073376414895377e8, 2.4927035726116374e8
4.6676682944187593e8, 5.38156333217911e8
2.1632012343070817e8, 2.792857703707245e8
3.332628488326646e8, 4.6135285884970635e8
1.8540436202762735e8, 5.198508036852852e8
1.1603616483893374e8, 1.850593197287352e8
1.570839605095474e8, 2.3528618248833445e8
1.0003069249072452e8, 1.4103720027367774e8
2.9532477185254455e8, 4.003639033260845e8
1.8924494098725262e8, 6.229142744240656e8
1.7822105821895042e8, 4.9130726520700204e8
2.2623100336831844e8, 3.721501935565514e8
3.696312845668859e8, 4.67840447792347e8
5.306190187560212e8, 6.252909262091993e8
6.499972321486653e8, 8.6766456964896e8
8.821301820053829e7, 4.5232850036003244e8
1.519324895045974e8, 2.7245230059880024e8
1.3768082014924124e8, 4.0267497382453567e8
1.534896857035878e8, 2.1771030380106634e8
1.5475107524673006e8, 3.4533537092714787e8
1.6174017310567197e8, 3.274560965444462e8
7.098413433289543e8, 8.318970614093257e8
2.2388182936934555e8, 3.4827726229937893e8
1.5572302153720304e8, 3.2360141053937e8
9.065805139620931e7, 1.8231473509149075e8
2.94698880888683e8, 3.86298759630571e8
1.475205651649473e8, 2.3330780119003272e8
1.5013735150962457e8, 2.0994998369079074e8
1.834294971845477e8, 3.3794701963625973e8
2.504588185185678e8, 4.566035393235262e8
2.050960607157362e8, 4.4953443894376624e8
1.877112241982545e8, 3.0894272150023615e8
1.2672769911215642e8, 2.1943282314453712e8
1.1871687406831616e8, 1.9867499577563432e8
2.2848703240295118e8, 4.837507433074128e8
1.6698990892176294e8, 4.058087535591883e8
1.4693578551385382e8, 1.8695716328371474e8
4.72938707344123e8, 8.707652467671392e8
1.5289564107116872e8, 3.409652896640326e8
2.37744328343829e8, 6.378652677623641e8
1.3672068721394962e8, 4.033492626534787e8
2.0236191836205858e8, 4.80421186690498e8
1.3750233561247915e8, 1.8983758870738614e8
1.4949895120032084e8, 2.247299282599639e8
4.554274904601936e8, 5.89949594230166e8
5.616916047543433e8, 7.172295903980842e8
1.8348369800689897e8, 2.9084304458566225e8
1.325334131055987e8, 5.1537316915269107e8
2.1832442068473873e8, 3.4445802496821904e8
1.489773735262817e8, 2.855593178570439e8
1.4244397849109894e8, 2.282817691085809e8
1.5048411388273e8, 2.0110154505892053e8
1.493614667021708e8, 2.9562009902697504e8
2.5445876466909188e8, 3.509306428146655e8
2.337803433976145e8, 3.9889593853638846e8
2.124948621200224e8, 4.169865572492746e8
1.0317252191592716e8, 1.662222915915744e8
2.8076692398503816e8, 3.4942910814855236e8
3.509357213327092e8, 4.3696709683937716e8
1.3457166384591636e8, 3.008378778027867e8
2.3104349612425345e8, 3.541961924787547e8
1.3895264933981588e8, 2.3212589495406535e8
1.3875900058352438e8, 3.0926782353847e8
5.835355554846368e8, 8.434994119961706e8
1.4218779071388805e8, 2.282487690059479e8
3.3903974944525075e8, 4.5979911099832666e8
1.7463186855559757e8, 2.7232722006124324e8
1.5353177697065616e8, 3.2608772362251437e8
2.2537538028411782e8, 3.182168558569325e8
1.5189245230748108e8, 2.8257803996822196e8
1.549738815533287e8, 3.294686035598873e8
4.014010502623036e8, 5.0807413128225046e8
1.161526236289646e8, 3.469575714291512e8
3.025395126836002e8, 5.386816189023267e8
2.0288679436780524e8, 3.255185458685252e8
7.19278919428018e8, 8.083065874916725e8
3.785910533957496e8, 5.321683350930065e8
2.5867763167814866e8, 4.262025279174789e8
1.7489375352382705e8, 3.316190583152493e8
2.3736436580602393e8, 3.132637775309856e8
1.579405824310905e8, 2.9882975194275725e8
1.317475530827955e8, 2.2488501738652837e8
4.1434969087682563e8, 5.0326693090398234e8
3.116033697507035e8, 3.715584257115067e8
3.130788570556146e8, 4.484757094986605e8
1.4717990925772703e8, 2.2667245411250603e8
1.1662800345001554e8, 1.926851318824639e8
1.968017883194811e8, 2.5954626156506023e8
2.1698906271411476e8, 3.106798832766352e8
1.417897894995047e8, 2.5620582271996233e8
4.0862778792362994e8, 4.8168897558386165e8
4.6766756166407794e8, 5.727153352348336e8
2.0737605210393143e8, 3.075168473728817e8
1.9223418770358083e8, 3.609388038101422e8
3.614445783884884e8, 4.670153129430594e8
1.7574598450764933e8, 2.699490129132707e8
3.1946399554850197e8, 4.2267360339398915e8
3.621728169318588e8, 4.6653059974508184e8
1.7595560505979112e8, 2.2704635453934148e8
1.7579111657317138e8, 4.4548362207073706e8
2.1708680751729563e8, 2.9298542909174436e8
1.7059821769014698e8, 3.6797313755229354e8
1.2837213270672426e8, 2.302647635679899e8
1.8669061352630994e8, 3.4545601878782284e8
1.6525024322691417e8, 2.4497921596243212e8
1.924295417988691e8, 3.059659877885163e8
1.413061366076643e8, 2.20262163855179e8
2.0430108015812966e8, 3.1131073625329065e8
3.245456764836431e8, 3.9992942567208177e8
1.3856067594723812e8, 2.12724172331287e8
2.66324511052422e8, 3.898281828992956e8
1.9366135660734108e8, 3.7457066480544263e8
2.8124102652958083e8, 5.2093039230411434e8
1.0334315346609978e8, 2.2289813335454327e8
1.1214724626517554e8, 1.7868525305131188e8
1.700863082655924e8, 2.759357740112542e8
3.964763042079801e8, 7.588775452360234e8
1.5691548445987126e8, 2.7801021453032964e8
2.2691617741734707e8, 3.0311586227624214e8
1.7599612733027285e8, 2.3255306107739127e8
4.594295914247067e8, 8.267981940287793e8
2.8801063886788464e8, 3.6359010181688565e8
2.7569891666321635e8, 5.889718399243588e8
7.114243914198372e8, 1.0712274704523642e9
3.0016608159029174e8, 4.3173926638298804e8
1.236103981498315e8, 2.6840245051521373e8
1.3603787705913985e8, 2.1795542411923268e8
2.1430381801267058e8, 4.005093413269127e8
1.6000584509710574e8, 2.4660311430990914e8
5.739519628144029e8, 7.814152652899213e8
2.082348100548593e8, 2.9733808795755833e8
1.691964350872679e8, 3.0501001240923125e8
5.2066175492641175e8, 6.839642377745371e8
1.9354787988169247e8, 3.885831363656185e8
1.6018708839121708e8, 2.4433850608100554e8
1.9406462202233353e8, 5.776918964049746e8
2.721321151716441e8, 4.025919500461718e8
1.1861539188327006e8, 1.9240152482794932e8
1.4040386814005318e8, 2.625318364792637e8
6.344804288207972e8, 1.1217533884688642e9
1.2280578278415613e8, 1.8933492854227018e8
1.5900556068845406e8, 2.3116758943418527e8
2.1199197893033445e8, 3.1055499346444404e8
1.4977910308254296e8, 2.387336250400233e8
1.5623354306684336e8, 2.3998089799078068e8
2.9158608434053385e8, 4.211798868408703e8
2.2858201968292466e8, 2.9065732294189286e8
1.2230351620669794e8, 2.0710805824018365e8
1.8057666719164768e8, 3.003340708197806e8
1.9790746781533715e8, 4.2540593422416884e8
1.2796572154961808e8, 1.9191444164944082e8
2.123423235765553e8, 2.827907648747579e8
1.7446767375109732e8, 2.1881828101279366e8
2.2696176563801035e8, 3.0241324236065024e8
1.0775019242331485e8, 2.3596229880083233e8
2.1567089913463974e8, 3.3140082397916335e8
2.6388315119127545e8, 3.5940988890409964e8
3.6626512507732415e8, 4.4850322677291775e8
2.022586910335694e8, 2.863214329434216e8
1.6184208845117918e8, 2.3487093050733095e8
2.401748123797965e8, 3.265525065836875e8
1.1124629506126797e8, 2.0459914119782937e8
2.8913919307332385e8, 3.5115761988742626e8
1.8333828358972955e8, 2.432630561379814e8
5.3345088060882705e8, 6.710788169233329e8
1.7579783688853917e8, 2.1823946946822473e8
2.0477279520858967e8, 2.9410331195829546e8
5.1670372520603746e8, 7.394250139160869e8
2.702589036938528e8, 4.0413742826295567e8
2.4014155452226183e8, 3.612800493586684e8
1.737189503451416e8, 4.491096767576019e8
1.5050600122525743e8, 2.3022026289705157e8
1.459999877783134e8, 2.295332696213685e8
2.0061080665939632e8, 2.705049402339424e8
8.572367473929374e8, 1.1877972453210363e9
1.7365118765252495e8, 2.6023109492468187e8
1.3761701853538206e8, 2.3524432110387126e8
3.5381878286909e8, 5.17197844567629e8
2.172574286764178e8, 3.338182307549366e8
1.9571685560008165e8, 6.469913451005093e8
1.606924464068872e8, 2.1923298066680238e8
1.6623989209938073e8, 2.4268336356388274e8
1.905713070377443e8, 3.438484588036687e8
1.9312011479253864e8, 2.7527081656552726e8
5.387575641610436e8, 6.346785464126587e8
6.566411168202748e8, 7.987277903436376e8
3.691964102769067e8, 4.6539321711184865e8
1.7870813542026547e8, 3.3865612158947605e8
1.7130832885080191e8, 4.7307345630745685e8
2.2105162583317965e8, 2.9061352651443756e8
1.4110122256442225e8, 2.121244979781342e8
1.407314817169198e8, 2.2744726767921132e8
1.392423306615136e8, 2.0305387600534266e8
1.5808106046958482e8, 2.2863887098141578e8
2.0309433082277098e8, 4.095792727956789e8
1.4356216575341895e8, 4.225712620241555e8
3.81822171998314e8, 5.62354955143083e8
3.166785228130179e8, 3.8460460745554054e8
4.5346517902175677e8, 5.522244043819678e8
7.887539548649098e8, 9.780285208828888e8
1.0799563325238048e8, 1.6988950436168855e8
1.554946586968613e8, 2.714348847412112e8
1.935464210942109e8, 2.425833229333418e8
1.3039824350592484e8, 2.9129679441914153e8
1.8556537265299806e8, 3.991149729073153e8
1.6638607448220575e8, 2.6740586385800794e8
1.1912258133575666e8, 2.2916436908418092e8
1.8802707496674132e8, 2.3619351008707166e8
3.7391752809687704e8, 4.599670462996426e8
4.480618446002284e8, 5.884954424897069e8
5.860084772324545e8, 6.697012709019997e8
1.7782817758563873e8, 2.6353360486046818e8
1.858663337885244e8, 2.5491217777536264e8
2.3532435654258922e8, 6.97031276298751e8
2.5319786811144385e8, 4.0390341824105936e8
5.016999005983895e8, 5.789893851509869e8
5.148095633445533e8, 5.831129374643998e8
2.145365518020131e8, 2.713404061661141e8
1.948971618814132e8, 2.6512146713076577e8
2.0393147474322015e8, 2.5182685514506647e8
1.6779510272985575e8, 3.208206786174576e8
1.2682769434402467e8, 2.843300275965588e8
1.4156280393421158e8, 2.80470337558614e8
2.712707093432289e8, 3.912494976060915e8
1.3451337461944398e8, 3.543852672449591e8
1.5831824944353628e8, 1.969546434347295e8
1.9890705622066924e8, 2.752913084499708e8
1.856200414294406e8, 2.8831428423250234e8
7.851838827409265e8, 1.128939992950195e9
4.079589821429729e8, 7.88032893058532e8
1.6410662495472774e8, 4.583661177899638e8
3.4650892386464083e8, 4.985977898746324e8
1.5654960296015385e8, 2.293626027912083e8
1.6549574919715255e8, 2.445830218910047e8
3.579993548096012e8, 4.544327474449839e8
5.542580456700344e8, 7.210860242221881e8
2.118791499566077e8, 4.9189841580241996e8
1.5827790918293583e8, 2.0992607046286443e8
8.585973832745259e8, 9.514701540671568e8
1.3059645285445781e8, 2.2992702676563212e8
1.3402676323305717e8, 2.517717180218945e8
2.9969324085113966e8, 6.087825669943285e8
1.397625385416313e8, 3.1654711350179404e8
5.0025161979048586e8, 6.456863699630064e8
1.2754586149861604e8, 2.0449261356375024e8
4.2987642936478007e8, 5.629531913047965e8
4.546496985315786e8, 5.675644410617071e8
1.3611408639452663e8, 1.970370876998393e8
1.1468407875955622e8, 1.997926769065623e8
3.2488729142174995e8, 3.8152151210852665e8
1.4477120445583218e8, 3.991839800652121e8
1.0270482279797123e8, 1.9652238668121865e8
1.2696066529855299e8, 1.9074956575408602e8
1.9301565816733083e8, 2.7750595836546695e8
2.1141078748841807e8, 4.0747260382654756e8
4.067847233282867e8, 5.2577233308835727e8
2.623905702926797e8, 3.752377935259935e8
2.4135163089121547e8, 3.4999513653302926e8
3.172525338905961e8, 3.972094448241477e8
2.090343248748682e8, 3.3922890204453695e8
1.7774696269463935e8, 2.618419170858541e8
5.3671592691229475e8, 5.702421091957752e8
3.3166881797502404e8, 4.1889422017270553e8
1.0933456148215657e8, 2.2594754332516548e8
1.393472428702821e8, 3.192306085808089e8
1.0406573607696535e8, 1.9090372142102104e8
1.3717380158099848e8, 3.878844039023331e8
2.1647891542781496e8, 2.713514011203084e8
1.5750435622534567e8, 3.227860659545925e8
3.3304647022512484e8, 4.6128144961817825e8
1.6164707010822153e8, 2.409828424939846e8
3.532653976874996e8, 4.390472170903293e8
1.1863862786088836e8, 3.174993343864714e8
5.1460272091745406e8, 6.161857331711919e8
5.452456515387331e8, 6.261372919163387e8
3.456076371837959e8, 5.876338507684331e8
2.2947865176669875e8, 3.036002158483251e8
2.2945852853580433e8, 3.6317691649584603e8
1.7719930604206493e8, 2.319749590349301e8
1.8369674866136175e8, 3.6632121965144795e8
1.6746814204427758e8, 6.549212438721383e8
2.025581336975909e8, 3.075169520039085e8
1.3549016562377176e8, 5.855668758406377e8
3.980817949966844e8, 4.850688725363329e8
1.6755954476130024e8, 3.692548062848042e8
1.867951161920205e8, 2.761481047750536e8
1.733894442648925e8, 3.190137095026198e8
1.2201305804911064e8, 2.2315518462586084e8
1.3324951161392872e9, 1.402703115350142e9
5.875910919932592e8, 6.780916918028544e8
2.2338665176902208e8, 2.7442776034934485e8
1.5423426814819917e8, 2.1660623665183952e8
1.6063083088498452e8, 2.3368321034950098e8
2.805782112340868e8, 5.745915247624854e8
1.3842701514720112e8, 2.3968128867918503e8
1.4915184067934847e8, 2.1615967645343736e8
1.7943816666030246e8, 2.5536032047806194e8
3.240125585362196e8, 4.681808724951723e8
1.5699843714498332e8, 3.531357584130597e8
1.5484895915018114e8, 2.613175647050215e8
2.2355508938596314e8, 3.0449473178817844e8
3.045304612580826e8, 4.950108489741606e8
2.738531635884051e8, 6.159821676318787e8
1.6843533261230558e8, 3.3453761839862317e8
5.038056607126688e8, 9.744357411145068e8
3.5643514998307574e8, 6.899735305999942e8
2.814992049779537e8, 5.834335147081186e8
2.1451231752056447e8, 3.4170436918359643e8
1.677483685493784e8, 2.838422613403262e8
1.366362087910625e8, 2.041469284718568e8
3.8903653983118594e8, 4.674762030966386e8
1.2877963132537168e8, 2.643950726029377e8
1.714629336720955e8, 2.4063511651316518e8
7.153046455258651e8, 8.142018287911857e8
2.3117787927156785e8, 3.203545929219369e8
1.2650564664982724e8, 3.052500793115474e8
2.3795018895296067e8, 3.4463162428410625e8
1.398204194969187e8, 2.4977290978987604e8
1.8027660003335947e8, 3.0667393995533186e8
2.356102934232114e8, 3.5090854037583315e8
1.752357772317171e8, 2.77092478679986e8
3.4809068409165543e8, 4.897748196484798e8
6.570936130770282e8, 8.227715249340181e8
1.1552479419887081e8, 1.8608588129690072e8
2.2180897214477623e8, 3.2131989862366164e8
2.921045398156483e8, 4.95618220563875e8
6.75548951444681e8, 9.844989309660941e8
1.7231898776287845e8, 3.177207719238699e8
3.698916656744714e8, 4.908873829958636e8
1.5122290630368426e8, 2.3795548702805564e8
2.4630026743488267e8, 4.625925213461723e8
7.977365080075767e8, 8.636791163107562e8
8.801811842411683e8, 1.0629983485043861e9
2.7413930829661024e8, 7.352730226062504e8
2.3487150446468744e8, 3.018239301087553e8
1.4507718758250836e8, 3.236423720983888e8
1.3018512969660166e8, 2.4853322669074073e8
3.194370874147512e8, 4.2495245645650935e8
1.5450236563889045e8, 2.3322312041373894e8
1.7880419273036858e8, 4.986286570189066e8
2.0182804221822122e8, 3.806806776965763e8
2.5310498946766788e8, 3.529471374415117e8
1.5589421842150268e8, 3.5946855919708043e8
1.4824755874327594e8, 2.0021158521833548e8
1.7816887906171003e8, 4.199785092137806e8
2.5230928726398742e8, 4.9188730990692115e8
1.7796890581444928e8, 3.133819187019138e8
1.6450149585629824e8, 2.7401255775853485e8
1.5973860442864823e8, 2.5432482251445758e8
3.788137063545717e8, 4.7582969297554964e8
7.79871517288938e8, 8.690569861725881e8
2.869810785349014e8, 4.707994049309319e8
1.64916752663838e8, 2.420736392544737e8
2.1183085512014815e8, 2.859313190351236e8
1.6172450074643242e8, 3.2582322830512595e8
2.9438115722589403e8, 3.430182244298431e8
2.9714597194336504e8, 5.745755271857103e8
7.836480049718745e8, 9.616372752456572e8
4.912589341974196e8, 6.431894996161922e8
2.3113398160404754e8, 3.310365102742915e8
4.03395551233372e8, 7.305387984142585e8
1.6416159721322334e8, 2.6328825178619233e8
2.062614602688164e8, 3.1716650758460015e8
1.5041785937813467e8, 2.8449345540372914e8
6.37004330364923e8, 7.301571851660274e8
1.3564675426846194e8, 2.6620138126873577e8
1.3231378409950644e8, 3.077281434351883e8
2.1232721912609825e8, 2.6374904191248137e8
3.0115067434184194e8, 4.311834005894853e8
1.3817837664592776e8, 2.977698601292285e8
1.17227976054393e8, 1.7600461381182688e8
1.5961920561649904e8, 4.2760152777556604e8
3.327854779761223e8, 5.617152523096603e8
3.937033232699801e8, 6.262923072985406e8
4.7547699922295743e8, 5.725679823334092e8
1.38537529759846e8, 1.8684056836675125e8
2.2019623109415972e8, 2.9515937197765017e8
2.4678063842889866e8, 3.9543495721097577e8
1.2613041865759896e8, 2.0564517563228595e8
1.491653778866011e8, 2.46746932727049e8
1.4805005347071585e8, 2.1060734472420827e8
1.6911706622986767e8, 2.1615446121532348e8
1.4243285406573707e8, 2.715762118408647e8
2.820574130769608e8, 3.7829930050675714e8
1.58958879275859e8, 2.5874372264598534e8
1.763853610255768e8, 2.3780317520874166e8
1.2522655891425519e8, 2.691911326857199e8
2.4292995932988137e8, 3.107141858909545e8
2.2297263543483642e8, 3.656093972373229e8
1.4347782154123738e8, 2.0834005855442783e8
3.0790569142410994e8, 5.0226300035393375e8
1.4440586539688015e8, 2.3872062911984944e8
6.182030102326754e8, 9.427294014193555e8
1.7271787484612402e8, 2.6137496648610032e8
2.5674131956515127e8, 4.440107573895835e8
1.7444876684257543e8, 2.7805322313383794e8
1.545008027424627e8, 2.7697995034409297e8
3.26082614826132e8, 5.952134720166547e8
1.679887653328713e8, 2.7785712391751105e8
2.715656079855141e8, 3.977484419588566e8
1.0993419282865456e8, 2.248342732088786e8
2.790607173785418e8, 3.6324977655483294e8
1.0816324278496732e8, 1.7785723309258837e8
3.917533519616245e8, 5.0999347326870304e8
2.0616800046101955e8, 3.74115560759353e8
2.1447493004106215e8, 3.2654866615916115e8
3.2238522814815766e8, 7.751125019046983e8
1.955795974446731e8, 3.2968612117931676e8
5.525839819463402e8, 9.243676474753644e8
2.673928148018157e8, 3.7037819694240534e8
2.743141998973382e8, 6.810843473839388e8
3.8860582314837873e8, 6.63836770438627e8
2.0783379512569895e8, 2.778584880681704e8
1.5932247708764875e8, 2.1479959321686253e8
4.106893356013329e8, 4.651806060470167e8
2.911523337969009e8, 4.0278929081835115e8
9.838075305288264e7, 2.054441843079746e8
2.4346540189536726e8, 3.11499065829077e8
1.009077156251617e8, 2.568722348868678e8
1.72699826642788e8, 2.755091555401364e8
2.2524519864654776e8, 4.5013691572895604e8
2.3504956326385245e8, 3.766144030540392e8
1.876497353140677e8, 2.993631453644791e8
2.704124936763678e8, 5.38679348765128e8
1.4352264025669223e8, 2.707313662588196e8
2.1541744569504395e8, 3.4281663317745614e8
2.0379423413921756e8, 3.0523558548319143e8
4.6162743707533056e8, 5.627835234591874e8
2.0021216579880023e8, 3.286593056928902e8
2.7333747727083904e8, 4.4451984995802367e8
2.1304882526811308e8, 4.3253490930135685e8
2.4731249526965287e8, 3.925508913361559e8
2.7755323062406236e8, 4.366989356897517e8
8.204842194978838e8, 1.1919203455872176e9
1.413609152364745e8, 1.8733275898488685e8
1.9121753173456535e8, 3.321586204360333e8
1.7074861069804037e8, 2.7078221613770413e8
1.1997814545092003e8, 1.680397686959499e8
1.6457739151564366e8, 2.2092559748092893e8
1.4916361453625306e8, 3.1273543868892556e8
1.0509063044957164e8, 1.6497197224735898e8
3.5590577120289016e8, 4.315873637300335e8
3.000167154586103e8, 3.6542333598227364e8
4.940519098514616e8, 5.564676146837795e8
2.733649863988604e8, 4.285942356822046e8
1.6519608116601834e8, 2.6335135726580384e8
2.3487842091336915e8, 2.9589765211779135e8
1.6491246998323953e8, 2.197036546387204e8
3.125125773832819e8, 4.204928543288473e8
1.6480258138943174e8, 2.05141168091984e8
1.312915255835754e8, 7.395304454027754e8
1.660282369694407e8, 2.8484715810774446e8
3.878374837942059e8, 5.1382289207346934e8
2.807046573833282e8, 5.592812300406196e8
5.814409564695204e8, 6.953473861668037e8
1.631311705444305e8, 2.8735014042163783e8
1.2351521286657754e8, 2.041751670271086e8
1.6060930309544906e8, 3.366990717206498e8
4.2267069207836205e8, 5.000341663545323e8
1.1395681003530169e8, 1.9380369890342486e8
1.8528610435402614e8, 3.70899018089228e8
2.3223924147739467e8, 4.8063037737270683e8
2.4113139200105667e8, 4.073475784272863e8
3.5352780737487686e8, 6.720102370161805e8
2.6256329017505094e8, 3.246122759085983e8
3.6813655109626615e8, 4.2960520337586594e8
4.0081765255804e8, 5.436775312397802e8
1.611789975208217e8, 3.47475380101525e8
1.868733398063786e8, 2.4902789381525952e8
1.8351914733031595e8, 2.775888758389569e8
2.1873022308747536e8, 4.9993541533895576e8
2.0357258777044663e8, 4.291207650397399e8
1.3142436401886573e8, 4.288633339137945e8
1.9005094675910684e8, 4.131659827855421e8
1.4527019914730373e8, 6.30017292723043e8
3.264722736237267e8, 4.2507881784303737e8
1.4404046350341994e8, 4.19356184509322e8
1.537134720743423e8, 3.41751370054792e8
1.2296399045576324e8, 2.5295148322376847e8
1.8414315055243292e8, 2.969970720306233e8
6.817375362013738e8, 7.902246538716437e8
6.215046920385661e8, 7.572500488926743e8
2.790360760260767e8, 3.793745762295917e8
3.53307712074921e8, 4.201349998208972e8
3.6995300097651285e8, 4.4421986736614335e8
1.8183206431241456e8, 2.7903641533165175e8
6.539718494228818e8, 9.005656208518736e8
1.7336078838921255e8, 2.7753096121704257e8
5.36705521478275e8, 6.334817705199289e8
1.8054434959407356e8, 2.770841626037614e8
3.966712819938444e8, 5.030134525393296e8
2.3224520951706967e8, 3.40085904158941e8
2.917785438131325e8, 3.476938643987057e8
1.7934351852020416e8, 2.673153152207412e8
2.45312796152229e8, 3.8808747596959156e8
1.2511430725760917e8, 2.2274497368122774e8
2.059530552263533e8, 3.0295055284643406e8
4.3892136877591914e8, 5.747137894774606e8
7.345504360172461e8, 8.037779587957262e8
4.6060337982062846e8, 6.097783131900365e8
3.311323320620295e8, 4.8410655779645175e8
5.472531064462249e8, 9.519071979323314e8
2.1761975216736925e8, 4.886828052738748e8
1.5917399724436447e8, 2.805170105337917e8
2.4023872505564576e8, 3.426052970121776e8
1.9129837767839664e8, 2.631817316793008e8
2.1440475622814256e8, 2.866578591621009e8
4.0795035350599957e8, 5.2634911460976404e8
1.892728035554034e8, 3.9353115657947975e8
2.3552438579824603e8, 5.214305458706547e8
2.328755361260767e8, 3.499129724155821e8
1.669743486673836e8, 4.2453488678991306e8
3.2618559216183114e8, 4.570895242144554e8
2.2705033918161651e8, 3.219007974325233e8
1.6300950349352753e8, 2.4648970322028896e8
2.4808776226638663e8, 3.1519985944890404e8
4.5829289414058805e8, 7.322973503312447e8
1.6902037891909507e8, 2.5942018450042576e8
2.34710441016403e8, 3.2878070787848437e8
3.0512300981730664e8, 4.1090808233227557e8
1.8507126089237675e8, 3.558946799381971e8
7.705465970097449e8, 1.2100930467716975e9
1.640998249907475e8, 2.5737624546270326e8
1.4343917669205192e8, 2.759605772903475e8
2.0016582909805003e8, 2.8003293568540615e8
1.713461609257861e8, 3.390279120716481e8
1.5583945858640996e8, 2.389504582086335e8
3.912920448155677e8, 4.946939585288105e8
1.737676742721537e8, 2.5428468611595404e8
3.781140936362691e8, 4.4143880778843844e8
6.38723825328736e8, 1.1420845048559046e9
1.751565745280513e8, 2.8290936988583314e8
3.1422653046787107e8, 3.859418822119285e8
1.9037649221168295e8, 3.811983699451167e8
1.6484420205488488e8, 4.5304002810807174e8
1.2409779287552676e9, 1.4195530514555058e9
4.482256437028526e8, 5.662869857554986e8
1.4050835844863224e8, 2.2982929427120325e8
4.011057192474265e8, 6.951600030871536e8
2.010370926493031e8, 4.0115855266527885e8
1.7834590335126224e8, 2.8499335219410384e8
5.06376832403307e8, 5.86858774894501e8
1.9086885451219812e8, 2.5314522055267003e8
2.2472560835680228e8, 3.614156999323466e8
2.2405934208351868e8, 3.6501210708761626e8
1.521948674249699e8, 2.4345767920574775e8
2.0484159295326018e8, 2.876855692256494e8
2.0944213876152846e8, 2.793796745385047e8
1.7970747838327885e8, 2.3747367258459762e8
2.0344776615674365e8, 6.931514154871538e8
2.0526237035611847e8, 2.6924131750940436e8
5.691257690441718e8, 6.278576139221493e8
1.9608986966531098e8, 3.023478189569164e8
4.834735949571648e8, 6.374954313978467e8
3.839963331499532e8, 4.437840724310603e8
1.1305785037586704e8, 1.8958290773639643e8
2.396225958605467e8, 3.204569280128842e8
1.5468277603940913e8, 2.3891582484409618e8
1.4951659600220302e8, 2.3861310416702214e8
2.0923394252911833e8, 2.800394970307001e8
1.1948166512944126e8, 1.9635293469467726e8
1.9175303379753888e8, 7.490849173739187e8
1.812796598612926e8, 2.792224516804815e8
4.739074508184348e8, 5.51674721260951e8
1.1803055736128032e8, 2.09834936218302e8
1.3738877720870578e8, 3.1119853695151895e8
1.8274486714867124e8, 2.6026517259379706e8
1.7129397856805715e8, 3.773983091751041e8
