(1,86070.29)
(2,108848.68)
(3,130292.44)
(4,137626.98)
(5,134844.46)
(6,127721.13)
(7,115976.91)
(8,99262.76)
(9,83730.71)
(10,70891.15)
(11,62897.41)
(12,68904.62)
(13,89380.95)
(14,113992.81)
(15,136205.15)
(16,143422.57)
(17,140764.62)
(18,132908.53)
(19,120659.52)
(20,103821.74)
(21,88191.25)
(22,74207.62)
(23,65140.7)
(24,69846.8)
(25,90176.35)
(26,114571.63)
(27,133548.8)
(28,140456.07)
(29,136620.83)
(30,127977.74)
(31,114713.02)
(32,97328.82)
(33,80389.27)
(34,65237.01)
(35,55932.97)
(36,63605.93)
(37,87314.72)
(38,114536.68)
(39,135030.66)
(40,140718.78)
(41,136480.07)
(42,127485.61)
(43,114443.1)
(44,97219.37)
(45,80897.1)
(46,68491.34)
(47,59544.99)
(48,64681.3)
(49,84852.18)
(50,108601.02)
(51,127143.01)
(52,132586.47)
(53,129100.32)
(54,120639.26)
(55,107611.84)
(56,91414.75)
(57,75561.3)
(58,61697.47)
(59,53164.68)
(60,58678.9)
(61,81450.88)
(62,107087.62)
(63,126846.44)
(64,133967.59)
(65,131654.5)
(66,124227.86)
(67,112234.12)
(68,96311.25)
(69,80870.37)
(70,69136.29)
(71,62481.65)
(72,71624.48)
(73,93766.96)
(74,117807.7)
(75,136157.03)
(76,142635.29)
(77,139166.63)
(78,131137.96)
(79,118970.93)
(80,102016.34)
(81,86006.15)
(82,72334.03)
(83,64486.55)
(84,72621.48)
(85,93773.37)
(86,116937.71)
(87,136003.05)
(88,143059.36)
(89,140435.65)
(90,132260.07)
(91,119203.78)
(92,102047.5)
(93,85932.01)
(94,73169.92)
(95,65235.94)
(96,70782.68)
(97,89677.73)
(98,112040.91)
(99,129685.9)
(100,134514.89)
(101,130508.28)
(102,121107.32)
(103,107623.76)
(104,89880.59)
(105,73109.25)
(106,59441.64)
(107,50824.09)
(108,56855.0)
(109,77348.16)
(110,99249.12)
(111,117676.01)
(112,121333.66)
(113,114562.52)
(114,102761.62)
(115,85994.99)
(116,65329.64)
(117,45104.09)
(118,27231.78)
(119,11942.5)
(120,13257.45)
###################
(1,86070.29)
(2,92496.86)
(3,98548.21)
(4,96747.73)
(5,87018.36)
(6,72949.53)
(7,58222.01)
(8,40767.26)
(9,23809.8)
(10,10138.52)
(11,565.74)
(12,3271.79)
(13,19334.7)
(14,38494.1)
(15,52563.27)
(16,56255.49)
(17,53048.56)
(18,44103.71)
(19,33517.01)
(20,19960.68)
(21,8200.9)
(22,0.0)
(23,0.0)
(24,0.0)
(25,18713.06)
(26,38797.77)
(27,54400.98)
(28,59562.01)
(29,54430.23)
(30,46001.67)
(31,34675.15)
(32,21721.68)
(33,7777.64)
(34,0.0)
(35,0.0)
(36,1735.11)
(37,19849.51)
(38,38093.69)
(39,52573.31)
(40,55922.04)
(41,52222.43)
(42,44766.11)
(43,33629.89)
(44,20421.99)
(45,8375.49)
(46,339.89)
(47,0.0)
(48,0.0)
(49,14220.91)
(50,28824.1)
(51,43537.53)
(52,46872.24)
(53,42161.02)
(54,33887.76)
(55,25199.05)
(56,14390.83)
(57,3321.64)
(58,0.0)
(59,0.0)
(60,0.0)
(61,17089.61)
(62,35403.2)
(63,49688.97)
(64,52506.83)
(65,49857.34)
(66,41851.92)
(67,31689.31)
(68,18522.84)
(69,6771.66)
(70,0.0)
(71,0.0)
(72,2997.67)
(73,21987.63)
(74,41800.74)
(75,55927.32)
(76,58966.55)
(77,56196.62)
(78,47888.03)
(79,38026.58)
(80,24239.76)
(81,10735.36)
(82,2638.01)
(83,0.0)
(84,5627.34)
(85,21927.26)
(86,38755.12)
(87,53484.14)
(88,61026.31)
(89,59847.05)
(90,50022.53)
(91,39154.83)
(92,25082.66)
(93,10568.82)
(94,1410.35)
(95,0.0)
(96,3220.65)
(97,17233.8)
(98,33165.83)
(99,47076.21)
(100,53059.7)
(101,50663.64)
(102,43147.4)
(103,34258.59)
(104,20650.57)
(105,8125.82)
(106,0.0)
(107,0.0)
(108,674.99)
(109,18947.0)
(110,36163.1)
(111,54099.78)
(112,58033.41)
(113,53800.03)
(114,46172.73)
(115,34570.15)
(116,22245.88)
(117,9249.15)
(118,1192.66)
(119,0.0)
(120,0.0)
###################
(1,86070.29)
(2,131264.0)
(3,175861.48)
(4,193338.36)
(5,196020.64)
(6,197278.79)
(7,187455.61)
(8,170374.3)
(9,154063.43)
(10,139059.4)
(11,130963.19)
(12,136984.85)
(13,163804.6)
(14,190347.74)
(15,200717.6)
(16,200717.6)
(17,200717.6)
(18,200717.6)
(19,188481.76)
(20,170556.12)
(21,155826.37)
(22,143455.45)
(23,134513.42)
(24,141939.36)
(25,169910.89)
(26,200717.6)
(27,200717.6)
(28,200717.6)
(29,200717.6)
(30,196780.86)
(31,183847.03)
(32,165503.51)
(33,147989.82)
(34,131706.3)
(35,122503.72)
(36,133093.44)
(37,157198.98)
(38,193378.45)
(39,200717.6)
(40,200717.6)
(41,200717.6)
(42,199924.39)
(43,187678.82)
(44,169503.14)
(45,152650.2)
(46,141305.36)
(47,132857.99)
(48,139615.77)
(49,163493.04)
(50,188566.66)
(51,200717.6)
(52,200717.6)
(53,200717.6)
(54,197479.69)
(55,186235.71)
(56,169481.16)
(57,152019.8)
(58,136781.61)
(59,126622.5)
(60,131633.31)
(61,156404.65)
(62,185310.59)
(63,200717.6)
(64,200717.6)
(65,200717.6)
(66,200717.6)
(67,193012.51)
(68,176891.15)
(69,161285.94)
(70,148919.8)
(71,140640.08)
(72,151363.34)
(73,179577.97)
(74,200717.6)
(75,200717.6)
(76,200717.6)
(77,200717.6)
(78,200717.6)
(79,190582.48)
(80,172543.76)
(81,155976.69)
(82,142943.83)
(83,134967.76)
(84,144052.05)
(85,175705.58)
(86,200717.6)
(87,200717.6)
(88,200717.6)
(89,200717.6)
(90,200717.6)
(91,190611.0)
(92,173882.9)
(93,157947.81)
(94,144912.16)
(95,137043.2)
(96,146100.23)
(97,166822.61)
(98,200717.6)
(99,200717.6)
(100,200717.6)
(101,200717.6)
(102,194124.84)
(103,180404.39)
(104,161092.16)
(105,142655.58)
(106,127189.86)
(107,117732.4)
(108,123677.05)
(109,150480.06)
(110,181028.53)
(111,200717.6)
(112,200717.6)
(113,194954.46)
(114,185102.46)
(115,167785.15)
(116,147378.26)
(117,125906.74)
(118,100273.22)
(119,60599.87)
(120,65230.48)
###################
