(1,21113.17)
(2,30647.82)
(3,38758.73)
(4,41259.94)
(5,40101.57)
(6,36359.65)
(7,31554.29)
(8,26400.43)
(9,20889.15)
(10,15794.61)
(11,13353.25)
(12,14942.88)
(13,20560.88)
(14,26710.28)
(15,32580.74)
(16,35211.47)
(17,34195.92)
(18,31027.22)
(19,26921.29)
(20,22334.89)
(21,17357.25)
(22,12606.09)
(23,10183.88)
(24,12295.81)
(25,17474.28)
(26,24154.27)
(27,29996.99)
(28,32107.33)
(29,31390.69)
(30,28360.78)
(31,24387.49)
(32,20165.75)
(33,15628.27)
(34,11444.64)
(35,9136.62)
(36,11084.98)
(37,16531.99)
(38,22626.14)
(39,27819.62)
(40,31263.44)
(41,31002.19)
(42,28293.15)
(43,24472.07)
(44,20026.94)
(45,15268.68)
(46,10885.19)
(47,8603.92)
(48,10241.36)
(49,15806.81)
(50,22081.01)
(51,28320.94)
(52,31440.5)
(53,31003.47)
(54,28107.64)
(55,24376.87)
(56,20048.72)
(57,15356.85)
(58,10767.69)
(59,7964.28)
(60,9614.46)
(61,14638.01)
(62,20653.92)
(63,26368.97)
(64,29590.97)
(65,28945.34)
(66,25764.46)
(67,21769.13)
(68,17340.13)
(69,13029.53)
(70,9148.66)
(71,7197.34)
(72,9345.77)
(73,15295.53)
(74,21755.34)
(75,28108.99)
(76,30988.99)
(77,30603.46)
(78,27771.68)
(79,24019.55)
(80,19608.83)
(81,14690.32)
(82,10124.89)
(83,7657.15)
(84,9640.83)
(85,15419.22)
(86,21912.86)
(87,27861.73)
(88,30663.16)
(89,29546.42)
(90,26579.4)
(91,22881.7)
(92,18693.26)
(93,13951.34)
(94,9549.18)
(95,7526.28)
(96,8999.01)
(97,13742.58)
(98,20013.78)
(99,27348.53)
(100,31413.4)
(101,31371.75)
(102,28266.53)
(103,24287.33)
(104,19850.78)
(105,15075.44)
(106,10510.66)
(107,8085.61)
(108,9722.97)
(109,15203.36)
(110,21751.75)
(111,28146.14)
(112,32472.91)
(113,32388.78)
(114,29353.39)
(115,25206.35)
(116,20310.16)
(117,14941.08)
(118,9943.63)
(119,5714.39)
(120,6965.39)
###################
(1,21113.17)
(2,22363.19)
(3,23106.64)
(4,21875.37)
(5,19324.97)
(6,14795.19)
(7,9753.36)
(8,4971.0)
(9,1582.55)
(10,0.0)
(11,0.0)
(12,0.0)
(13,543.26)
(14,3013.48)
(15,4833.44)
(16,6005.38)
(17,5652.7)
(18,4451.0)
(19,2833.27)
(20,1912.75)
(21,483.99)
(22,0.0)
(23,0.0)
(24,0.0)
(25,449.6)
(26,2388.47)
(27,4349.58)
(28,4234.38)
(29,3664.33)
(30,2449.64)
(31,731.68)
(32,0.0)
(33,0.0)
(34,0.0)
(35,0.0)
(36,0.0)
(37,0.0)
(38,1049.94)
(39,2269.31)
(40,4073.76)
(41,4380.23)
(42,3875.11)
(43,3135.27)
(44,1727.52)
(45,0.0)
(46,0.0)
(47,0.0)
(48,0.0)
(49,667.19)
(50,2382.69)
(51,4799.91)
(52,6461.27)
(53,6006.28)
(54,5126.18)
(55,3391.66)
(56,1719.66)
(57,41.2)
(58,0.0)
(59,0.0)
(60,0.0)
(61,0.0)
(62,1236.17)
(63,2742.69)
(64,3837.31)
(65,3431.5)
(66,2405.62)
(67,1109.14)
(68,21.98)
(69,0.0)
(70,0.0)
(71,0.0)
(72,0.0)
(73,859.32)
(74,2842.41)
(75,3975.0)
(76,4245.58)
(77,4380.94)
(78,3392.6)
(79,2110.95)
(80,34.93)
(81,0.0)
(82,0.0)
(83,0.0)
(84,0.0)
(85,551.24)
(86,2216.85)
(87,3540.59)
(88,4553.68)
(89,3383.51)
(90,2362.48)
(91,1547.37)
(92,594.15)
(93,0.0)
(94,0.0)
(95,0.0)
(96,0.0)
(97,0.0)
(98,1292.9)
(99,3843.18)
(100,6746.15)
(101,7311.25)
(102,5290.54)
(103,3485.27)
(104,1587.23)
(105,205.0)
(106,0.0)
(107,0.0)
(108,0.0)
(109,1216.65)
(110,4653.75)
(111,8359.05)
(112,11953.65)
(113,12043.8)
(114,11071.89)
(115,8633.88)
(116,5729.13)
(117,2857.55)
(118,0.0)
(119,0.0)
(120,0.0)
###################
(1,21113.17)
(2,41187.03)
(3,51806.1)
(4,51806.1)
(5,51806.1)
(6,50863.49)
(7,47705.36)
(8,43357.91)
(9,38574.28)
(10,34193.07)
(11,33030.9)
(12,36923.52)
(13,46130.42)
(14,51806.1)
(15,51806.1)
(16,51806.1)
(17,51806.1)
(18,50357.06)
(19,46827.56)
(20,42285.08)
(21,37268.38)
(22,32324.86)
(23,30756.3)
(24,35853.62)
(25,42298.34)
(26,51806.1)
(27,51806.1)
(28,51806.1)
(29,51806.1)
(30,50285.79)
(31,46680.64)
(32,42840.13)
(33,37368.26)
(34,32543.18)
(35,30703.89)
(36,34885.66)
(37,42044.13)
(38,50599.26)
(39,51806.1)
(40,51806.1)
(41,51806.1)
(42,49635.61)
(43,45998.61)
(44,41248.56)
(45,36220.59)
(46,31395.04)
(47,29158.25)
(48,33363.39)
(49,41362.45)
(50,50010.61)
(51,51806.1)
(52,51806.1)
(53,51806.1)
(54,49545.66)
(55,45743.76)
(56,41031.11)
(57,35602.02)
(58,30574.27)
(59,27500.38)
(60,30296.85)
(61,38262.84)
(62,47324.58)
(63,51806.1)
(64,51806.1)
(65,51806.1)
(66,49541.22)
(67,45581.23)
(68,40754.55)
(69,35281.59)
(70,30425.92)
(71,28055.72)
(72,32766.64)
(73,40806.24)
(74,48674.67)
(75,51806.1)
(76,51806.1)
(77,51806.1)
(78,49464.5)
(79,45448.69)
(80,40481.16)
(81,34720.56)
(82,29782.54)
(83,27092.32)
(84,31489.24)
(85,40419.32)
(86,49368.19)
(87,51806.1)
(88,51806.1)
(89,51806.1)
(90,50108.95)
(91,46507.14)
(92,41936.27)
(93,36683.92)
(94,31881.46)
(95,29684.32)
(96,32313.54)
(97,38525.14)
(98,48162.96)
(99,51806.1)
(100,51806.1)
(101,51806.1)
(102,50002.97)
(103,46538.17)
(104,42016.45)
(105,36746.91)
(106,31869.91)
(107,30487.21)
(108,33722.67)
(109,41040.77)
(110,51806.1)
(111,51806.1)
(112,51806.1)
(113,51806.1)
(114,50056.77)
(115,46359.27)
(116,41768.12)
(117,36499.71)
(118,31793.21)
(119,28419.91)
(120,31808.1)
###################
