(1,21113.17)
(2,33939.17)
(3,42663.17)
(4,44726.65)
(5,43402.92)
(6,39892.66)
(7,35280.06)
(8,29979.22)
(9,24277.93)
(10,19182.03)
(11,16398.98)
(12,18285.07)
(13,23472.31)
(14,29345.15)
(15,34922.17)
(16,37232.38)
(17,36032.84)
(18,33261.55)
(19,29077.98)
(20,24569.71)
(21,19721.52)
(22,14959.22)
(23,12190.9)
(24,13591.84)
(25,19234.7)
(26,25355.09)
(27,30749.74)
(28,32910.61)
(29,31967.08)
(30,28757.72)
(31,24732.35)
(32,20238.8)
(33,15873.22)
(34,11911.14)
(35,9402.34)
(36,11325.07)
(37,18397.91)
(38,26038.13)
(39,32311.2)
(40,35153.79)
(41,34307.71)
(42,31450.27)
(43,27085.68)
(44,22640.92)
(45,17688.46)
(46,12969.35)
(47,11071.98)
(48,13666.27)
(49,19633.34)
(50,25315.19)
(51,30762.81)
(52,34076.32)
(53,33336.52)
(54,29998.55)
(55,25801.23)
(56,21124.79)
(57,16301.23)
(58,12114.41)
(59,9683.67)
(60,12104.07)
(61,18741.92)
(62,24918.36)
(63,30589.81)
(64,33924.24)
(65,32980.31)
(66,29786.39)
(67,25790.67)
(68,21363.2)
(69,16467.96)
(70,12443.29)
(71,10456.06)
(72,11711.18)
(73,17402.24)
(74,22915.28)
(75,28482.95)
(76,31442.73)
(77,30487.71)
(78,27248.75)
(79,23141.71)
(80,18566.34)
(81,13664.43)
(82,9282.64)
(83,6948.59)
(84,8378.05)
(85,13820.16)
(86,20242.04)
(87,26882.42)
(88,30502.25)
(89,30396.69)
(90,27309.29)
(91,23262.4)
(92,18739.26)
(93,13972.65)
(94,9603.87)
(95,7344.61)
(96,8791.69)
(97,14379.74)
(98,21281.86)
(99,27616.14)
(100,31410.94)
(101,31128.38)
(102,27953.61)
(103,23895.12)
(104,19315.44)
(105,14467.36)
(106,9694.25)
(107,7150.91)
(108,8378.26)
(109,13500.67)
(110,20095.87)
(111,26464.54)
(112,30411.21)
(113,30055.64)
(114,27015.14)
(115,23022.38)
(116,18476.77)
(117,13475.92)
(118,8769.66)
(119,4757.69)
(120,6065.25)
###################
(1,21113.17)
(2,24703.59)
(3,27204.66)
(4,26723.26)
(5,22795.43)
(6,17666.68)
(7,12265.9)
(8,6567.25)
(9,1261.76)
(10,0.0)
(11,0.0)
(12,0.0)
(13,2292.63)
(14,6093.71)
(15,10030.45)
(16,12029.5)
(17,10290.67)
(18,7674.74)
(19,4214.9)
(20,2024.86)
(21,0.0)
(22,0.0)
(23,0.0)
(24,0.0)
(25,1469.72)
(26,3875.41)
(27,5824.31)
(28,7024.13)
(29,6093.89)
(30,4671.13)
(31,2738.67)
(32,783.01)
(33,0.0)
(34,0.0)
(35,0.0)
(36,0.0)
(37,1495.97)
(38,5015.1)
(39,6954.11)
(40,9197.1)
(41,7995.4)
(42,6173.73)
(43,4348.45)
(44,2756.97)
(45,820.78)
(46,0.0)
(47,0.0)
(48,0.0)
(49,1135.92)
(50,3187.91)
(51,5819.08)
(52,6851.43)
(53,6935.64)
(54,4818.48)
(55,2655.97)
(56,1510.16)
(57,0.0)
(58,0.0)
(59,0.0)
(60,0.0)
(61,1403.5)
(62,2654.79)
(63,4129.79)
(64,4245.35)
(65,2394.02)
(66,1454.88)
(67,239.71)
(68,0.0)
(69,0.0)
(70,0.0)
(71,0.0)
(72,0.0)
(73,574.72)
(74,2016.24)
(75,3597.76)
(76,5103.1)
(77,4402.66)
(78,2161.34)
(79,610.28)
(80,0.0)
(81,0.0)
(82,0.0)
(83,0.0)
(84,0.0)
(85,46.21)
(86,1800.07)
(87,3161.93)
(88,5034.0)
(89,5665.82)
(90,4051.87)
(91,2400.9)
(92,631.18)
(93,0.0)
(94,0.0)
(95,0.0)
(96,0.0)
(97,485.45)
(98,2468.43)
(99,4842.05)
(100,7772.43)
(101,8931.49)
(102,6499.13)
(103,3995.16)
(104,2168.05)
(105,254.39)
(106,0.0)
(107,0.0)
(108,0.0)
(109,659.82)
(110,3381.99)
(111,6987.5)
(112,9185.21)
(113,9535.66)
(114,8538.84)
(115,6832.07)
(116,4567.29)
(117,1902.54)
(118,0.0)
(119,0.0)
(120,0.0)
###################
(1,21113.17)
(2,47305.66)
(3,51806.1)
(4,51806.1)
(5,51806.1)
(6,51488.67)
(7,48479.5)
(8,44151.07)
(9,39120.87)
(10,34559.8)
(11,32683.08)
(12,38212.53)
(13,45898.17)
(14,51806.1)
(15,51806.1)
(16,51806.1)
(17,51806.1)
(18,50726.14)
(19,47271.73)
(20,42990.45)
(21,37978.06)
(22,33391.35)
(23,31903.79)
(24,35429.32)
(25,42978.74)
(26,51806.1)
(27,51806.1)
(28,51806.1)
(29,51806.1)
(30,49645.18)
(31,46269.66)
(32,42099.11)
(33,37557.66)
(34,32960.16)
(35,30353.73)
(36,33914.35)
(37,42343.93)
(38,51806.1)
(39,51806.1)
(40,51806.1)
(41,51806.1)
(42,50330.68)
(43,46674.02)
(44,42151.18)
(45,37241.72)
(46,32526.64)
(47,30939.77)
(48,35418.49)
(49,44234.32)
(50,49857.76)
(51,51806.1)
(52,51806.1)
(53,51806.1)
(54,49381.39)
(55,45290.18)
(56,40324.61)
(57,34751.76)
(58,29842.12)
(59,27876.17)
(60,32766.03)
(61,41615.0)
(62,49070.82)
(63,51806.1)
(64,51806.1)
(65,51806.1)
(66,50397.36)
(67,46978.92)
(68,42493.57)
(69,37099.48)
(70,32539.8)
(71,30918.54)
(72,34285.0)
(73,41056.29)
(74,47762.41)
(75,51806.1)
(76,51806.1)
(77,51806.1)
(78,49356.61)
(79,45250.88)
(80,40244.37)
(81,34470.21)
(82,29167.56)
(83,26648.13)
(84,28975.9)
(85,36717.89)
(86,45710.23)
(87,51806.1)
(88,51806.1)
(89,51806.1)
(90,49774.29)
(91,45991.65)
(92,41437.53)
(93,36080.91)
(94,30832.87)
(95,27775.9)
(96,31011.82)
(97,38280.84)
(98,48401.79)
(99,51806.1)
(100,51806.1)
(101,51806.1)
(102,49751.65)
(103,45997.34)
(104,41105.29)
(105,35552.89)
(106,30463.96)
(107,28314.17)
(108,30964.1)
(109,38422.6)
(110,46357.89)
(111,51806.1)
(112,51806.1)
(113,51806.1)
(114,49715.71)
(115,45876.5)
(116,41222.7)
(117,35764.57)
(118,30631.54)
(119,26271.87)
(120,29000.12)
###################
