(1,21113.17)
(2,30646.53)
(3,37459.82)
(4,39564.83)
(5,38726.6)
(6,36719.03)
(7,34509.89)
(8,31409.27)
(9,26815.67)
(10,22295.86)
(11,19737.31)
(12,21084.99)
(13,26528.39)
(14,32130.74)
(15,36443.58)
(16,38103.37)
(17,37019.47)
(18,33619.31)
(19,29388.68)
(20,24977.65)
(21,20415.78)
(22,15722.76)
(23,12683.55)
(24,14142.27)
(25,20036.04)
(26,26431.75)
(27,31031.7)
(28,34222.15)
(29,34744.26)
(30,32182.13)
(31,28090.93)
(32,23509.9)
(33,18695.29)
(34,14144.97)
(35,11783.82)
(36,13438.17)
(37,19850.99)
(38,27606.57)
(39,34042.51)
(40,36881.27)
(41,36498.4)
(42,33867.87)
(43,31148.26)
(44,27586.04)
(45,22609.07)
(46,17752.61)
(47,15451.57)
(48,17338.53)
(49,22948.3)
(50,28840.9)
(51,33380.89)
(52,35768.2)
(53,34855.64)
(54,31723.76)
(55,27567.45)
(56,23420.71)
(57,19186.29)
(58,15057.41)
(59,13083.93)
(60,15898.59)
(61,22569.77)
(62,28883.01)
(63,33757.67)
(64,36261.94)
(65,35393.53)
(66,32490.61)
(67,28458.98)
(68,24503.82)
(69,20020.07)
(70,16154.89)
(71,14570.76)
(72,17006.55)
(73,23026.31)
(74,28815.22)
(75,33374.87)
(76,35572.31)
(77,34512.69)
(78,31198.22)
(79,26975.96)
(80,22305.44)
(81,17496.92)
(82,13211.54)
(83,11115.43)
(84,14030.36)
(85,19715.29)
(86,26572.37)
(87,31802.45)
(88,33987.48)
(89,32894.63)
(90,29768.6)
(91,25698.07)
(92,21450.97)
(93,16910.85)
(94,12678.66)
(95,10596.56)
(96,12194.84)
(97,17218.56)
(98,23917.45)
(99,29300.45)
(100,31729.62)
(101,30827.74)
(102,28019.14)
(103,24230.92)
(104,20274.05)
(105,15683.94)
(106,11608.48)
(107,9762.43)
(108,11654.99)
(109,17314.94)
(110,24606.63)
(111,31503.95)
(112,34778.35)
(113,34478.8)
(114,31547.12)
(115,27217.73)
(116,21980.49)
(117,16670.62)
(118,11793.16)
(119,8025.92)
(120,8917.71)
###################
(1,21113.17)
(2,22041.32)
(3,21194.87)
(4,20749.73)
(5,18015.84)
(6,14302.81)
(7,10552.39)
(8,5883.54)
(9,1673.81)
(10,0.0)
(11,0.0)
(12,0.0)
(13,1576.45)
(14,4197.11)
(15,6687.9)
(16,8935.13)
(17,7464.86)
(18,4457.28)
(19,1979.94)
(20,110.47)
(21,0.0)
(22,0.0)
(23,0.0)
(24,0.0)
(25,1024.85)
(26,3444.87)
(27,5090.15)
(28,8786.92)
(29,9238.74)
(30,6832.2)
(31,2852.49)
(32,0.0)
(33,0.0)
(34,0.0)
(35,0.0)
(36,0.0)
(37,1886.46)
(38,5904.26)
(39,9957.98)
(40,12029.91)
(41,12001.15)
(42,10378.54)
(43,8172.42)
(44,4860.06)
(45,1287.2)
(46,0.0)
(47,0.0)
(48,0.0)
(49,605.41)
(50,2597.1)
(51,3388.9)
(52,5115.66)
(53,3574.93)
(54,1135.2)
(55,0.0)
(56,0.0)
(57,0.0)
(58,0.0)
(59,0.0)
(60,0.0)
(61,1550.98)
(62,3166.47)
(63,4762.17)
(64,5520.97)
(65,2494.49)
(66,0.0)
(67,0.0)
(68,0.0)
(69,0.0)
(70,0.0)
(71,0.0)
(72,0.0)
(73,1057.31)
(74,2847.49)
(75,3115.49)
(76,4193.6)
(77,2533.96)
(78,0.0)
(79,0.0)
(80,0.0)
(81,0.0)
(82,0.0)
(83,0.0)
(84,0.0)
(85,949.87)
(86,2578.21)
(87,3238.12)
(88,3348.39)
(89,1796.45)
(90,0.0)
(91,0.0)
(92,0.0)
(93,0.0)
(94,0.0)
(95,0.0)
(96,0.0)
(97,164.99)
(98,1804.71)
(99,2589.04)
(100,4367.28)
(101,4057.27)
(102,3252.98)
(103,2129.13)
(104,1113.88)
(105,0.0)
(106,0.0)
(107,0.0)
(108,0.0)
(109,1001.05)
(110,3402.77)
(111,6742.7)
(112,10034.85)
(113,10555.94)
(114,9340.73)
(115,6822.88)
(116,4379.43)
(117,1611.05)
(118,0.0)
(119,0.0)
(120,0.0)
###################
(1,21113.17)
(2,44451.53)
(3,51806.1)
(4,51806.1)
(5,51806.1)
(6,51806.1)
(7,51806.1)
(8,51806.1)
(9,47421.15)
(10,44154.2)
(11,43751.22)
(12,49137.65)
(13,51806.1)
(14,51806.1)
(15,51806.1)
(16,51806.1)
(17,51806.1)
(18,51806.1)
(19,48792.24)
(20,44790.02)
(21,40715.61)
(22,36518.18)
(23,34845.94)
(24,39598.5)
(25,51707.58)
(26,51806.1)
(27,51806.1)
(28,51806.1)
(29,51806.1)
(30,51806.1)
(31,48422.32)
(32,44314.3)
(33,39398.87)
(34,34226.06)
(35,33324.18)
(36,38175.56)
(37,48623.6)
(38,51806.1)
(39,51806.1)
(40,51806.1)
(41,51806.1)
(42,51806.1)
(43,50955.75)
(44,47797.68)
(45,43541.34)
(46,39603.68)
(47,39807.02)
(48,45886.67)
(49,51806.1)
(50,51806.1)
(51,51806.1)
(52,51806.1)
(53,51806.1)
(54,51806.1)
(55,48244.19)
(56,44702.93)
(57,40557.49)
(58,36185.3)
(59,35462.48)
(60,41075.35)
(61,51806.1)
(62,51806.1)
(63,51806.1)
(64,51806.1)
(65,51806.1)
(66,51806.1)
(67,50679.19)
(68,47828.07)
(69,43563.07)
(70,39538.81)
(71,40355.88)
(72,48190.51)
(73,51806.1)
(74,51806.1)
(75,51806.1)
(76,51806.1)
(77,51806.1)
(78,51806.1)
(79,48803.46)
(80,44710.73)
(81,40186.24)
(82,36051.17)
(83,35844.04)
(84,43647.94)
(85,51806.1)
(86,51806.1)
(87,51806.1)
(88,51806.1)
(89,51806.1)
(90,51806.1)
(91,48175.76)
(92,43884.78)
(93,39016.09)
(94,34790.85)
(95,34111.57)
(96,39578.98)
(97,48511.47)
(98,51806.1)
(99,51806.1)
(100,51806.1)
(101,51806.1)
(102,50847.83)
(103,47307.85)
(104,42598.6)
(105,37082.5)
(106,32641.14)
(107,30998.03)
(108,36855.56)
(109,46618.83)
(110,51806.1)
(111,51806.1)
(112,51806.1)
(113,51806.1)
(114,51806.1)
(115,49044.82)
(116,45134.9)
(117,40116.55)
(118,35790.12)
(119,34246.14)
(120,38459.12)
###################
