3.5362832621226263e8, 4.828450561447258e8
1.503169461578969e8, 3.553432232397481e8
5.519717066210225e8, 8.10000002058905e8
1.13911289865711e8, 3.106628584985578e8
1.348175975519315e8, 3.077964196885304e8
4.960276425113753e8, 6.298955292984195e8
2.1301572902517912e8, 5.0527615487356853e8
4.5614349828806084e8, 6.047552476303761e8
4.0141995041414905e8, 5.2027505283644754e8
1.7753629474316737e8, 2.5251233889731073e8
4.305667184485552e8, 5.665770632119812e8
1.6797998396777326e8, 3.465179659960245e8
1.7651346431061256e8, 2.3608209795083547e8
2.458960942763814e8, 3.32597975748442e8
3.1681950640561503e8, 8.761140134134642e8
1.50795328386017e8, 2.0902085246517062e8
1.3891278597291487e8, 3.385683751378463e8
2.998172567841559e8, 3.77934872453054e8
1.452586258483354e8, 3.769212079702776e8
3.03283217779297e8, 6.249074160235163e8
3.917311823179632e8, 4.9892290964594036e8
2.0600158551197398e8, 2.9825109887045217e8
4.061610205939411e8, 4.7427141935002565e8
1.7181309297224888e8, 2.5825391084538317e8
1.740369552121692e8, 2.6999765987843823e8
3.778618326932603e8, 4.595313824965651e8
1.8310959979639268e8, 3.2155363157592297e8
5.905412404592191e8, 8.01163267770688e8
1.7947419683971784e8, 4.649845108496666e8
3.6023231340625924e8, 4.343020783527372e8
1.624960609588769e8, 3.7732273460718185e8
1.40984039320056e8, 2.231035882042634e8
5.372852913550024e8, 8.591411604054672e8
1.767132123932634e8, 2.4227700547712654e8
3.028877529099491e8, 5.904919023948629e8
1.438516462305675e8, 1.9161862755619943e8
2.84993525386403e8, 4.504630635005449e8
2.3216642112961894e8, 3.036442522646736e8
4.6573202265159494e8, 7.2025353011994e8
3.020463306930557e8, 4.0016283349998957e8
1.9034461736307085e8, 6.252941255288693e8
3.4575932387325364e8, 5.2295621117670166e8
1.2258526603761612e8, 1.913498654861029e8
1.2199295271920861e8, 2.0785370940984595e8
7.963235572500724e8, 9.013901237290691e8
1.1991000390496017e8, 3.276461530830932e8
2.192369413030519e8, 3.1968929891992676e8
6.1736582119606e8, 1.221983133130953e9
5.881898376888782e8, 6.488960404506572e8
2.1933903524319375e8, 3.648403483637332e8
2.869894152592473e8, 4.3517868513246965e8
8.556938106172695e8, 1.1524584793252604e9
1.805548795004113e8, 2.6616307919512412e8
1.7610198671678892e8, 2.30832810238244e8
1.683441088250927e8, 2.8278683749224573e8
2.9414090351059717e8, 3.9923975835639006e8
2.7998876300270534e8, 4.569927504216641e8
1.555758381075322e8, 2.9149963303638697e8
2.424562040818026e8, 3.3568099920413786e8
2.1800015412209916e8, 3.339009502163598e8
1.7892021338439775e8, 3.53232424257164e8
1.405134110489246e8, 2.1605861351185817e8
1.4356342089844558e8, 2.2755241992583627e8
4.41853711457645e8, 5.831319571738094e8
2.1956292306998146e8, 3.825757691122842e8
1.381712141963085e8, 2.635807172630905e8
2.8913298436658907e8, 3.7396814988041675e8
1.8057283970243007e8, 2.715392565009429e8
1.2952765881017342e8, 1.915076718480624e8
3.634423610638177e8, 4.5919091607655245e8
1.1004862264308022e8, 2.19557931001333e8
2.9386925522052205e8, 3.964388897505518e8
1.0396563254369783e8, 4.105374316216402e8
3.387834087516187e8, 6.321013408002024e8
1.545894410861537e8, 4.768076938440337e8
2.449444474788984e8, 3.3814422055829525e8
1.5387976009485492e8, 2.47452778433999e8
1.1203539185220738e8, 3.002237486114638e8
5.689687568834883e8, 6.756854543796551e8
2.685349763923632e8, 3.286715776001012e8
4.4950792043724644e8, 5.533067907570297e8
1.7613522024219084e8, 4.1196594501987565e8
4.022559687611583e8, 7.063357185051458e8
2.1127758921731386e8, 3.229148362368581e8
1.8997661341093132e8, 3.019249630659576e8
3.212619902687517e8, 5.438021278486974e8
1.3556250851383978e8, 1.9356409996527404e8
3.124845942730771e8, 3.78488958713756e8
1.3597588599363914e8, 4.202199280052207e8
6.224366442941266e8, 6.899155786860502e8
1.8714832544446933e8, 2.444990676411159e8
1.8435436325427866e8, 3.159962758532496e8
1.489114355141728e8, 3.256339213213774e8
4.012890180571303e8, 4.7890333387539625e8
1.9422729391525617e8, 8.516060566083769e8
2.831217473655623e8, 3.561605774490237e8
1.4835445631829652e8, 2.2325048992122006e8
2.5791292431596062e8, 4.457978830887394e8
1.392414685274347e8, 1.8967190590698418e8
1.6991813924747893e8, 2.3468070661125967e8
3.9339792402477133e8, 5.094575317416604e8
2.5144854600191262e8, 3.46011402946834e8
1.3203230441537052e8, 1.9731891043202922e8
1.7973674933895567e8, 2.6220759947460312e8
1.8127721015997517e8, 2.4782357466782445e8
1.9505285973677218e8, 3.069025169046944e8
2.962080577572034e8, 4.1707410501601636e8
1.8542261737381184e8, 2.6404093225354674e8
3.032386552865913e8, 3.566073953880726e8
4.666141511465901e8, 6.125582803971323e8
1.4832024675189102e8, 2.079245880813079e8
2.414291154098904e8, 3.850379024975182e8
1.4326057391911352e8, 5.042100773654815e8
9.695818418240766e7, 1.6718051478360173e8
1.468817480391418e8, 2.0598464648604658e8
3.6143256531398964e8, 4.210183663011386e8
3.9421631672858596e8, 5.256589738262134e8
1.323354156248534e8, 2.14295266161943e8
5.941253728775835e8, 7.629761077848859e8
1.4630264319613868e8, 2.3856661851901966e8
2.962292180969677e8, 6.257806760848726e8
2.3564697603423023e8, 4.065878000438353e8
4.286772824705502e8, 5.282244738196592e8
1.510567652015622e8, 2.405742952373213e8
2.199622644625541e8, 6.007048051122379e8
1.4202991165017763e8, 3.615799254776063e8
4.575211271627127e8, 5.679415025027262e8
3.3973568121083736e8, 4.3057300435758567e8
4.214085266447144e8, 7.989322954419765e8
1.5553575214381024e8, 2.2562977630291897e8
2.700462554278528e8, 3.7722564530004585e8
4.9382143241808146e8, 5.708616611337612e8
4.1658012432137775e8, 6.169036659063003e8
7.776178205603167e8, 8.913868786057128e8
1.2685318314756523e8, 2.6739814828851163e8
1.1061917957021968e8, 1.7880321678818592e8
1.397111578652244e8, 7.929112707653079e8
2.0242618580317697e8, 3.3327556837562776e8
1.845990061106007e8, 2.7572421276407456e8
1.237863519172749e8, 1.925886565236125e8
1.1234283446790127e8, 2.211548967001806e8
1.357618602611335e8, 2.830199019258198e8
2.773531184449011e8, 5.103662490104524e8
1.3481235366127145e8, 2.2556022988761812e8
1.843471860339392e8, 3.737801935382074e8
4.339943943183964e8, 6.652645364141779e8
1.6254732481326708e8, 2.412848732127348e8
1.5775163336595783e8, 4.275662484760086e8
2.0246069936278525e8, 3.25017037882206e8
1.329661455138687e8, 2.292616686111721e8
2.1858043818158284e8, 3.367398217954917e8
8.61534013184877e7, 1.5883495475476754e8
7.711727591914191e8, 8.97535864895345e8
2.4375598041703647e8, 5.0890057948174256e8
2.4827091190577444e8, 5.1991079258146125e8
2.0866010161918882e8, 2.77980726882075e8
1.4920479058107483e8, 2.5762239079950416e8
4.3495706657384306e8, 6.511445228046432e8
3.686136323886465e8, 6.398299213395445e8
1.5659156609941858e8, 2.3784854052514246e8
1.4458711899387288e8, 3.514359726262949e8
1.6649703563728288e8, 2.361836574981156e8
4.3413532433335346e8, 5.434781573086833e8
1.454443877409734e8, 3.605142988517669e8
2.6014123491576368e8, 3.4554796401616675e8
1.828066429596827e8, 2.5565121629584628e8
1.5097037781768134e8, 2.5586451010330528e8
2.3300657020472503e8, 3.5265167280419207e8
1.3012684527297239e8, 1.9974943781430328e8
6.372526873299059e8, 8.203960612996976e8
5.335747686527796e8, 6.410371991446944e8
2.580654157124656e8, 4.223303280349425e8
2.5092602780461088e8, 3.5297548237041765e8
3.308740735412233e8, 7.421422619537358e8
1.5097577271750653e8, 3.5024109967597026e8
3.811305293493888e8, 4.4439719571676946e8
1.824399126238689e8, 4.132553679006554e8
3.7753098626359254e8, 5.345390862408186e8
1.8220946376918802e8, 3.723855472773763e8
4.1937943278185344e8, 7.113093366363206e8
1.1931384482852508e8, 3.043504106659833e8
1.8320671903918874e8, 2.8429880742055196e8
1.4101685421829864e8, 2.2001905636087632e8
2.0656324303182e8, 4.404553901482424e8
5.63015658355336e8, 8.014649612950515e8
3.5350333159928286e8, 5.146081111282046e8
1.958141679283734e8, 4.233031545616652e8
1.1036345406639133e8, 2.985871688668841e8
1.7111219353418344e8, 2.8634091949773e8
1.2707419825084266e8, 3.6613271459535563e8
1.6862780188293618e8, 3.5128178662792754e8
1.4596453710485345e8, 2.802932596360365e8
1.6224558375441805e8, 3.094996059899681e8
1.2716642536925583e8, 1.9930784246789038e8
4.4410169325507504e8, 7.865338198661289e8
1.4424265184975687e8, 4.102883343788767e8
3.388840662981057e8, 4.61687719213134e8
1.2497348613420345e8, 3.0030277116212034e8
1.7256054586461207e8, 2.3791293326936358e8
1.361583811948284e8, 4.172293879669808e8
7.23722496617671e8, 1.0016157924978224e9
2.681120567819293e8, 7.153034696626593e8
1.785578572580968e8, 3.1704252539298344e8
4.912176373050668e8, 5.778980358463973e8
1.0003693277491213e8, 2.1889487861768514e8
2.0983034861686116e8, 2.9777997806024e8
2.676558343112763e8, 3.632893795718447e8
2.104977476810186e8, 4.709816225958878e8
4.70317681489833e8, 7.088027543716434e8
1.4587543300480604e8, 2.1712852241142997e8
4.879723641494027e8, 5.873147850430831e8
1.518255376843206e8, 2.945348848090353e8
3.237198536767079e8, 5.2340669259544665e8
5.938205750668125e8, 8.295369644074728e8
1.5206504993293062e8, 2.026483107407991e8
1.2701367353848667e8, 1.8153590025468695e8
2.218767208805805e8, 3.526498636176164e8
2.1144747623849398e8, 3.0040719500922585e8
1.5997253650379854e8, 2.3728916045654988e8
1.6663918527328822e8, 2.6363766602186078e8
1.7836150561549115e8, 2.624648492302515e8
1.8944707427456307e8, 2.984225891626992e8
1.2927553504284535e8, 1.9058591616043735e8
2.2227304964079878e8, 2.929722781074816e8
1.4803019618599412e8, 2.4010716270020843e8
1.2408763150111438e8, 2.094307830156373e8
1.039719304054801e8, 3.6157454429080594e8
7.773215227631401e8, 9.633964521941438e8
1.6575745586784488e8, 8.267841585250641e8
3.2193759213547844e8, 4.1190848791456854e8
1.7308726844535276e8, 2.7209296049141914e8
1.059298087821762e8, 1.7646334534323388e8
1.3444436081947982e8, 1.9171893548722735e8
1.8657414889136654e8, 2.8153581180082184e8
1.5844107025705165e8, 2.856783241061848e8
1.669688396024032e8, 2.468320389162301e8
1.9640755662208477e8, 4.401038731458384e8
2.5313300831620467e8, 3.4747702071031344e8
1.9139642913081694e8, 5.672641399296831e8
1.4642579832828102e8, 2.3600090390824944e8
1.1627173570247576e8, 2.1338062916248226e8
7.518782311124371e8, 9.253164344695255e8
1.3666253426009125e8, 1.9461644571161345e8
9.767027177694062e8, 1.1765784168538373e9
2.190043025782181e8, 3.4923183087015426e8
1.7639454814970595e8, 3.009127294530958e8
2.9199189124740005e8, 5.406119927867576e8
2.314221684766565e8, 3.1038624656469065e8
4.251161223800167e8, 6.519670379715673e8
1.71913676998711e8, 2.411205556430507e8
4.036573128637291e8, 7.139267037418368e8
4.264473282906221e8, 7.952743203471577e8
7.028926106828655e8, 8.008232747446123e8
1.894858567180697e8, 3.580870786496094e8
1.2855692294314477e8, 2.5312362716435483e8
2.3263031311009786e8, 3.1042222633048546e8
5.2070294173177266e8, 5.899076077555904e8
3.1774308898324245e8, 7.25029386616844e8
3.6129024764946795e8, 5.09509250064165e8
1.90012588104928e8, 3.1779284880953485e8
2.304772878664239e8, 3.457255839697017e8
7.563122055826075e8, 8.329877502194312e8
4.7178474635460263e8, 8.128605252956342e8
1.792954893604988e8, 9.284345579028242e8
7.378223871717777e8, 9.636433466820189e8
1.9752117239054367e8, 3.2847006272007316e8
1.4016043069531766e8, 3.289075283051863e8
1.1227349128021601e8, 1.901753332336333e8
3.9197225296763337e8, 4.6738655219726855e8
1.897600063194644e8, 2.7558858312913173e8
1.6589794361232126e8, 2.524903615693028e8
1.956789982235997e8, 2.9547621679873896e8
7.905462154823396e8, 9.742498135587119e8
2.5153671099203792e8, 3.370073050295433e8
3.396808450876498e8, 4.7406560935485584e8
2.3689385241492078e8, 2.9566614515272474e8
2.8953057134401345e8, 4.1726280638349515e8
1.4499340554564485e8, 2.3568385391438186e8
2.3619316986289537e8, 2.921734190966922e8
1.7069132430741787e8, 2.3004175177394655e8
2.951272918712745e8, 4.8689834138896e8
2.0075121759734935e8, 3.7173511990021783e8
2.620997445389932e8, 7.539964235672143e8
1.1848990053097126e8, 1.9922663651520273e8
1.7890353070824993e8, 3.0272728959358704e8
1.752024346487934e8, 3.262352098464111e8
2.1736081089182684e8, 5.0728102404895914e8
1.2637520318025766e8, 8.010846164574735e8
1.4534730904565942e8, 3.531519131748674e8
4.522938539746691e8, 5.783418268628017e8
1.475670355283216e8, 3.1013530204407203e8
6.739222682505914e8, 8.84201353390503e8
2.942064887047493e8, 5.978436230448685e8
1.5453789290138236e8, 2.9655368996830213e8
5.047438273793897e8, 6.266087054086186e8
1.7634995228909183e8, 3.079744454444678e8
1.8249376791386697e8, 2.580202566449583e8
1.0205597356866695e8, 3.519483365771449e8
2.4383598712346938e8, 3.108265773244328e8
5.341139023442323e8, 5.974863034877917e8
1.5102892207861954e8, 2.6259187839249843e8
1.2726662507055965e8, 3.614106492144786e8
2.266245188644496e8, 4.2021903693146783e8
1.8856378197679675e8, 3.453032048505649e8
1.6125931416726607e8, 2.203351547528048e8
9.547240307481511e7, 1.6587602092568272e8
1.3656191775166726e8, 2.3847643520267946e8
2.071628118125308e8, 2.915405340108985e8
1.547678497606987e8, 3.3853615304931176e8
2.862345269079296e8, 8.592546325883386e8
1.1871629718488914e8, 2.1206812302304885e8
1.369238554213228e8, 2.0420774939740524e8
1.3514647208561534e8, 2.039401435481997e8
2.0562548378610605e8, 4.275204457954242e8
1.8542195654382455e8, 4.3602356243236846e8
3.467890876898683e8, 4.5545042774058825e8
1.1985205248652811e8, 1.9102450668596342e8
1.2700526511333075e8, 2.3548511743835685e8
4.4739999595242447e8, 6.429295297786896e8
1.2217113103733645e8, 2.1415191506332487e8
6.937463397541227e8, 1.092226409533244e9
3.959195633117218e8, 4.527453936740714e8
1.0387726294648753e8, 2.1675483264700946e8
2.2225508038599128e8, 2.89967478758123e8
2.7360546655103636e8, 3.688322773984387e8
1.59090320996687e8, 2.4111319189262587e8
2.680559352773792e8, 3.881944494157217e8
6.785622676916425e8, 7.863143702462296e8
6.390129300639439e8, 7.736627562076279e8
7.267101496530472e8, 8.304615129578875e8
1.2387663140995604e8, 2.0247917079038754e8
3.8377135408184123e8, 4.6275728113029706e8
1.2211662013375464e8, 5.1651616210682696e8
1.088269386367584e9, 1.4768698710454354e9
1.417931476551944e8, 3.6277631708572674e8
3.114225289801412e8, 4.8074752134730434e8
9.645124774863681e7, 2.788223465843975e8
5.930112094796389e8, 8.247774378851193e8
5.921101706702178e8, 7.775999819530038e8
2.0070510929101992e8, 3.7325653056103075e8
1.330943355134462e8, 2.4037802210531294e8
1.4452123994885945e8, 5.054232544874997e8
1.6769690640762445e8, 3.018095337079509e8
1.7621368992767382e8, 2.699135190060231e8
2.0341500788650963e8, 4.068545336040119e8
3.09289294797249e8, 4.182529664050394e8
2.427121095547181e8, 3.0975205227628773e8
1.3476834038565192e8, 2.2349274250722164e8
3.7060912345977163e8, 4.6341685169049174e8
1.2354585366246074e8, 2.414102277446277e8
2.503549956291836e8, 4.123795516129714e8
4.5377444720409477e8, 9.369988928334502e8
3.4021531997466016e8, 4.0857678350777835e8
1.3466057212795973e8, 6.029401813848587e8
1.325044331140314e8, 3.511953316528654e8
1.7306829708641872e8, 8.419636416178576e8
8.044872495021224e8, 1.0031780677473736e9
1.5337869269662878e8, 2.4565206065208527e8
1.4377832913815325e8, 2.4240184094161397e8
1.7436283567844903e8, 2.4272160918150812e8
4.316445452243472e8, 7.958151020959135e8
1.3127377745223287e8, 2.12513934119423e8
1.6747561353263322e8, 2.3336558416790804e8
1.8552994770974883e8, 2.6190728884638265e8
3.533386597071795e8, 6.117368939457757e8
1.832264966466021e8, 2.6477031623698792e8
2.242903321323421e8, 5.306539031318728e8
4.136806633203836e8, 8.296048178659694e8
5.094366148921561e8, 1.0205712450085251e9
1.471037476915355e8, 2.501285725507697e8
2.7399476979184943e8, 5.154220083370732e8
1.5048878870800927e8, 2.713080606848607e8
1.615931048679303e8, 3.436079617084477e8
1.6018779323045012e8, 3.229242118633862e8
2.4850554763442633e8, 4.021927900334051e8
4.34185325062767e8, 4.911983857537841e8
1.0755731494488211e8, 2.4528147101631138e8
1.8881295899662426e8, 3.0040443979156435e8
1.346842838153172e8, 3.1621172917158806e8
1.4231594177778792e8, 2.8144486124943095e8
1.9825725981526193e8, 4.292677577368238e8
2.0205605321619162e8, 2.6514281422578755e8
1.716293256456531e8, 5.072559515028844e8
1.1505156688677302e8, 2.4030261571117225e8
2.6014716924076003e8, 4.771266733139317e8
3.6259471043236834e8, 5.150963661123534e8
1.9836773004369545e8, 2.5545032656886846e8
2.295206162277101e8, 5.55410204471864e8
2.06155668021965e8, 3.625336955983542e8
1.8858823635215485e8, 2.6824652318156728e8
8.54764021887292e7, 1.578692685657208e8
1.6216669769694123e8, 3.9917482723735553e8
1.1187491152942607e8, 4.335746969528054e8
4.5211621795959514e8, 6.012309954510722e8
1.335016753632451e8, 3.6007200485429806e8
1.993701779580139e8, 3.858780510255572e8
2.9321843382497275e8, 3.638995296739371e8
4.812251701924262e8, 7.535327449397483e8
1.2067809154757744e8, 1.907067526726124e8
2.326200427728449e8, 4.0439427320013297e8
1.5174795257685155e8, 2.1993238313972387e8
1.756692005601786e8, 2.863084089555439e8
5.333021709072316e8, 6.369059810099657e8
1.408146785708434e8, 2.796650245873006e8
1.4400868490465224e8, 2.6297289161932898e8
8.184311639730955e8, 8.643794229063144e8
1.2485314105942419e8, 3.028338110053885e8
4.533623081021882e8, 6.589447276992856e8
1.0593241740839343e8, 2.0336143415163007e8
1.8669264466381824e8, 2.750792987839521e8
1.2689861380791502e8, 5.838935914914458e8
2.1704624214045122e8, 3.753949944071219e8
2.4885659879671475e8, 4.453180484867237e8
1.783232976107261e8, 2.572068407030558e8
1.2880024132708335e8, 2.2541748069959524e8
3.862471441006965e8, 7.804765816076928e8
1.4645121206899795e8, 4.1059212216587275e8
9.686304488602778e8, 1.0653796497591287e9
1.9023687153926098e8, 2.8516038106042975e8
1.588039010569293e8, 4.280315999375414e8
3.664953646802729e8, 6.086368665700709e8
2.3668816512842646e8, 3.53760317010993e8
1.7797142440144083e8, 2.255802624880551e8
4.1995771171716934e8, 4.9607059771212536e8
1.2903569814155528e8, 5.0280834833229995e8
1.7228317139931086e8, 4.3952997224599195e8
1.5298883830583167e8, 2.343304033702877e8
1.2937521455722101e8, 2.14398016585999e8
1.1224984398961785e8, 2.27459445460365e8
4.436138717663896e8, 5.232569937331007e8
6.162055314715868e8, 6.793422004474679e8
7.256591351694891e8, 9.472338576623807e8
2.0110237738260093e8, 3.066035953591114e8
2.3375592788116223e8, 3.1684959943179214e8
2.541431503378895e8, 3.252073706366624e8
1.7125210420969555e8, 2.753458358773191e8
1.6148914217652956e8, 2.2594932109711868e8
1.6128139209858444e8, 3.8875210382052195e8
1.9026640797359073e8, 4.0404044186773217e8
1.3807484083078682e8, 3.3889714773605406e8
1.0799563840651979e8, 2.181983739382841e8
1.4858820179451275e8, 2.6297040572066358e8
2.68281018821484e8, 3.7103587686930776e8
3.8117722941323024e8, 6.373508591262605e8
1.375579376568524e8, 1.9030887109483048e8
1.442507853208884e8, 2.390330952958495e8
2.0188506998023027e8, 2.815954610054647e8
1.5756459448642993e8, 2.529677561126224e8
1.1981263968523008e8, 3.602497904130762e8
2.3943015244802156e8, 3.224569952696497e8
2.4222489328851935e8, 5.177141260780375e8
2.042316581709874e8, 3.3570810224588525e8
2.860257595596292e8, 3.9132328125816685e8
2.4087026573881847e8, 3.2059374165298945e8
1.2427232396682349e8, 2.3302022013643652e8
1.4171540216233572e8, 2.644573915163266e8
5.995206871441185e8, 9.986579473728949e8
3.465656980778967e8, 4.233342591325337e8
2.5679075850533676e8, 3.855595457779344e8
2.114639898652324e8, 4.350206191432886e8
5.113024493110088e8, 6.28416124545423e8
3.082395686744607e8, 3.9518762258818334e8
1.272143584088637e8, 5.384286352165723e8
2.4890067086860648e8, 3.1992565733451897e8
1.2841151082356475e8, 1.8287631947363254e8
1.5860817715124467e8, 3.415085797630016e8
1.9986945846082795e8, 3.8369941181364745e8
1.8395607162669444e8, 5.276081027627813e8
1.3952590902317908e8, 2.0492628657199514e8
1.0551353397373086e8, 1.895301311251386e8
2.391192502339351e8, 3.786381204105557e8
5.142784591366983e8, 5.831427464282141e8
1.2680789267274457e8, 1.6883423405341327e8
2.5050136375425044e8, 4.6958726590415263e8
1.6692894206595504e8, 2.679217969808701e8
1.6920183468299493e8, 2.6558329358843097e8
2.010131125624962e8, 2.7657872794486e8
3.799836112440206e8, 9.203830573885329e8
8.768985645226977e8, 1.1553100462870271e9
1.5024828426277107e8, 3.516645212255899e8
1.5646333964743838e8, 3.2318765120772445e8
7.02302621789435e8, 8.079964162284981e8
1.6020395082401305e8, 2.396672416116049e8
2.6123764729830056e8, 5.998741957772411e8
1.2440906365377507e8, 2.974084068856694e8
2.1332897503270072e8, 3.423341874699604e8
1.9701314272225386e8, 3.3203177627791166e8
3.828843362737681e8, 8.013579298264109e8
2.2854359803879365e8, 3.0091984160303396e8
1.60233620071131e8, 2.1298364350133285e8
1.1336305980710007e8, 1.9913918211655864e8
3.572868081725976e8, 5.499096811844395e8
1.2427233569215146e8, 3.687093514699513e8
3.8034542270022833e8, 5.127743551575435e8
4.420154589659438e8, 6.458074132294489e8
1.2478560049874899e8, 2.9264885796002847e8
2.3298525043477467e8, 3.0530103326213473e8
2.89911403538289e8, 3.737220716356218e8
3.130234622750139e8, 3.996360386271512e8
1.3423594331638202e8, 1.9667060162011632e8
1.3245244323118673e8, 1.9028338151123327e8
2.2131700665917438e8, 3.679473326109012e8
1.2994983853309526e8, 2.110644271667284e8
1.5997449671668756e8, 2.7012155378050363e8
3.564479813810977e8, 4.783231002882909e8
2.3303765891315863e8, 3.332132368708897e8
2.4563371545587707e8, 5.476559209692087e8
2.0470563648500642e8, 2.7525039128097796e8
1.6380033582526535e8, 2.236256027691012e8
1.543150581459846e8, 2.474848998170318e8
2.4121256279825777e8, 3.4578715332194567e8
4.8012093512190336e8, 8.969678939552771e8
1.475173907162592e8, 4.603041345536517e8
3.089996194458875e8, 3.940425691201756e8
1.3909229201881048e8, 2.3791912089563003e8
3.4675559075185156e8, 3.973061246630299e8
1.9767786079773882e8, 2.887052807890228e8
1.4708012111963618e8, 2.3105516643529385e8
1.493157112273129e8, 4.292582723414276e8
1.8132548634864917e8, 3.332405499685708e8
3.8072105985428315e8, 4.462199385067664e8
6.903040618707789e8, 7.852556508060056e8
4.679422516056709e8, 7.301693234134865e8
2.3512589747418448e8, 4.1220215299221873e8
1.3458557282018077e8, 2.3799520952819514e8
4.7326175370733017e8, 6.165474708883622e8
1.9223077194514364e8, 2.879443008819784e8
1.6606063610962647e8, 3.6366145666032004e8
6.534726055921661e8, 7.48190042469861e8
1.666721029073448e8, 2.3587276986840767e8
8.367752887076651e8, 1.085878045203458e9
1.523653329462032e8, 2.2459114292568386e8
1.399052919817873e8, 2.194920434684097e8
2.2324767223675543e8, 3.22996819850921e8
6.664922991777732e8, 8.07908123551673e8
1.4980368955226743e8, 2.327796272909815e8
1.8672015339429638e8, 4.284374616061612e8
1.2069944182187286e8, 1.874648760715421e8
1.4876266017570588e8, 3.264436326140141e8
1.528432640742865e8, 2.3412544316390607e8
1.2715768696291673e8, 2.0843487597981134e8
2.5106991554615125e8, 3.386241848612148e8
1.738790598411066e8, 4.3745118182185084e8
4.36010125195549e8, 7.478074695772225e8
1.4991888068754205e8, 5.825736354163759e8
1.9101023746588996e8, 2.5621792787663007e8
1.4510028479657584e8, 2.2515338979404908e8
1.3295269112962787e8, 1.977782816023026e8
2.498492204946593e8, 5.0598258317487216e8
1.6016717167590773e8, 2.7076772697383827e8
4.58892618019039e8, 5.2575213702966803e8
1.0448210879657322e8, 1.876449497088094e8
3.692069984819678e8, 4.4796108392857146e8
1.6370611502039135e8, 2.529269432094892e8
3.606286461533203e8, 4.23103769149391e8
2.2188969393510026e8, 4.4056079114732635e8
1.9724781441781336e8, 3.365856456414681e8
2.6864514848556995e8, 3.552017731930271e8
3.072587646881013e8, 4.20171247730391e8
1.4745646364289737e8, 3.009276615664316e8
1.6334006108891076e8, 3.247336833080741e8
1.3028884943367977e8, 3.0007729381726587e8
1.2239090932641329e8, 2.719865580867516e8
3.193225067503243e8, 6.530186709363346e8
6.080239173676075e8, 8.868746005345821e8
6.66838046588563e8, 9.860858776627924e8
1.307918154423848e8, 2.635709342323972e8
5.428134078787766e8, 6.427851540996982e8
1.9202107835391518e8, 2.7474215275562245e8
1.4413787375049376e8, 2.1512005127295285e8
2.3786962716038698e8, 3.914547709354696e8
1.7641298524172777e8, 4.3498178412141734e8
2.2579906104605657e8, 3.259233021834885e8
5.411473252436637e8, 6.435662243045675e8
1.5999521349106434e8, 3.1218749387998015e8
7.31222100435224e8, 8.609847091693252e8
2.778745535655329e8, 3.978183470536425e8
1.8841036389257398e8, 2.541788715306219e8
2.4117186015135375e8, 3.273372860817071e8
4.4632852184463984e8, 5.3184502686071146e8
1.8262405283011237e8, 2.789650323462653e8
1.3898169685528284e8, 2.039783993731582e8
2.9442680580397934e8, 3.602618172061878e8
8.209143762031864e8, 9.212306376691436e8
1.534278692201939e8, 3.1616801468734497e8
1.3318382788561748e8, 2.2546545277673367e8
2.462844107021397e8, 3.1922946963548785e8
2.512076242790938e8, 4.355179775064776e8
1.8853683938413647e8, 3.6145406790263176e8
1.8695404769166395e8, 2.28050459511035e8
2.00776135427971e8, 8.583783225935421e8
1.30767166461148e8, 4.355360721477753e8
1.9935437511520997e8, 4.5489489359538466e8
1.5967056136781308e8, 2.8226359329133296e8
1.3047141438955043e8, 2.4631852472057942e8
1.3095317363532175e8, 2.421158305203376e8
1.63295087138403e8, 2.611976206785034e8
1.204395494052065e8, 2.084639691141671e8
1.6793792654212323e8, 2.3223667429692897e8
1.3901187701936597e8, 1.909179615279048e8
1.5562943225468183e8, 3.235490928496837e8
2.785584037375499e8, 3.858172308124683e8
1.8183012183939967e8, 2.780705436341989e8
1.3020307484873857e8, 3.163648850489353e8
7.159952297840521e8, 9.150565756139646e8
4.6152639633039606e8, 6.932009549999088e8
1.7557574618203196e8, 2.8235429784389555e8
1.4377012534520927e8, 1.7705824066720966e8
2.2398874958958933e8, 3.6169446439989793e8
1.5433874036076048e8, 1.9943140482216582e8
3.3812429201734924e8, 6.118458674840425e8
1.288518665479986e8, 2.0680162522404605e8
1.886863925026026e8, 2.869138764529772e8
2.3691956522707647e8, 4.0646725734075093e8
1.957392571203914e8, 2.7233689888908106e8
3.3969618722771287e8, 4.720743899801779e8
1.9802612315601406e8, 2.9750347973030794e8
2.658480171206995e8, 5.2061009115513754e8
1.508784918916364e8, 2.703119435794963e8
2.5394139264956263e8, 4.2778840154399806e8
1.4239870391197097e8, 1.8670673106348732e8
1.8009511118624547e8, 2.677872022261854e8
1.2811072939884129e8, 1.787398347589663e8
1.900044485415149e8, 4.865901919001224e8
1.3772703056904972e8, 5.856371156910778e8
2.4785178720030844e8, 4.443679132262524e8
2.5154723396384627e8, 4.7420444124559796e8
5.644750976152283e8, 8.059035592742015e8
1.943531048072141e8, 6.168366585226588e8
1.5179739583593768e8, 2.3136423765086842e8
1.425712130248127e8, 3.1360829273254746e8
3.094211666324375e8, 4.627859435656454e8
2.1586355112060583e8, 2.948836737480605e8
1.4674088191436416e8, 4.5391525175510454e8
7.039782595967603e8, 1.0368083865651262e9
2.9431296427255243e8, 3.626562256131043e8
4.180050558864643e8, 6.78212856923282e8
1.6398521316090536e8, 4.1434596956424075e8
1.7746136327274054e8, 2.6060655034422335e8
1.4648010540723887e8, 2.699128915486324e8
2.07336971757981e8, 4.53733155164218e8
1.7173075693580657e8, 4.8418140727987105e8
1.7622293756138185e8, 3.845978506971879e8
1.4297702433213624e8, 2.293481746134174e8
4.476754855946433e8, 5.51173396074968e8
4.1120064553412175e8, 5.981114737325226e8
5.0101954894147563e8, 7.577115429368036e8
5.2842297531635964e8, 6.305917891451497e8
3.0562231083996695e8, 6.25627217085562e8
1.7160827022421855e8, 6.539746793328637e8
1.4585093308565792e8, 2.2623037354302108e8
4.8989789343323016e8, 6.175055581114248e8
1.6516761910699427e8, 4.1001522487322605e8
3.4758002694383174e8, 4.0460180411148053e8
6.768648878433914e8, 8.53155179721747e8
3.630055307640261e8, 6.692265839371285e8
2.9577234455105484e8, 5.2825259470497876e8
1.6594119756394175e8, 2.2669148184649658e8
5.157064963090716e8, 8.57330437237372e8
5.447007062071235e8, 6.497851085668261e8
4.5454561448365164e8, 7.866520769781531e8
1.2504377218874732e8, 2.926812996885755e8
2.593174903136966e8, 8.278612638439556e8
4.3110452177977836e8, 5.297994486757144e8
1.9623794074357057e8, 3.5722660019809407e8
1.8888360899904147e8, 2.9079730331225264e8
5.530100530048218e8, 6.134578084909637e8
3.3358698210671675e8, 3.996947889845528e8
1.7930170139787984e8, 5.1096640030744094e8
3.6323101357453775e8, 9.082276183368458e8
1.4069264737671053e8, 2.0061403909342328e8
1.0670116817950156e8, 1.7343509051131818e8
1.9321421198434561e8, 3.4087572896832114e8
1.4648295786723092e8, 2.1968763172726133e8
2.408354160059175e8, 4.540278781316169e8
1.1378069492368333e8, 1.9555818505855986e8
3.5848513275790644e8, 4.2463961515725493e8
3.894322414532547e8, 7.142867039562452e8
1.883966967711879e8, 2.337552090265819e8
2.3317369498778066e8, 3.65298934631853e8
4.2532701750910246e8, 5.353932100419129e8
3.587347609035503e8, 4.751650349471096e8
4.3478333583875185e8, 5.520414695382491e8
2.213734687399128e8, 4.8594412763744825e8
3.8085668859523237e8, 5.3081904232337296e8
1.530700294916455e8, 2.469452256398539e8
1.1764692174201116e8, 1.8860155143800265e8
1.2503714405002846e8, 2.1630164885150203e8
3.278097196539038e8, 4.0559277057318765e8
2.3314281671502674e8, 4.654128688465485e8
2.975322709244586e8, 5.920397728381008e8
1.7348184434606916e8, 2.5776725117779768e8
1.0214222902700454e8, 1.8278683197090283e8
2.752102402123407e8, 4.63682220315934e8
1.8732797386461622e8, 3.059860589719291e8
2.4520190743394655e8, 5.2301904267170805e8
1.0708428829974827e8, 2.5023175037514025e8
1.4425200018436012e8, 2.965802102986317e8
2.7132540184178644e8, 3.6682099582171386e8
1.3501057936031938e8, 2.8806779744041765e8
5.1992523689836234e8, 6.275499076355346e8
1.4201589090774587e8, 4.2670740888896185e8
3.9065791300754946e8, 9.584117377147055e8
3.8346102688753045e8, 8.646778507980374e8
2.822782674792568e8, 3.60784561333647e8
1.7135465171225494e8, 2.3561753089263692e8
1.4271963519153652e8, 2.3238900102177706e8
3.1947214850991285e8, 4.104461116896853e8
1.623950151971562e8, 2.9670738348985815e8
1.61595640395582e8, 3.363032179642697e8
4.4453983679455817e8, 1.0054188010776478e9
1.9557675371119913e8, 3.583232742477834e8
3.619275822357515e8, 6.498696270729548e8
1.0469874354223344e8, 1.6331744437128454e8
2.3833892867164123e8, 2.9573383325928557e8
1.8212016742897e8, 4.647502658016054e8
1.7232582987156996e8, 3.1535234175414467e8
5.459178366358949e8, 6.987735263401518e8
7.246388598847047e8, 9.642268939309682e8
1.6537991636505234e8, 2.2510527097559988e8
2.3639729109292695e8, 3.479727565597957e8
1.2380576070481692e8, 4.2478409725611585e8
3.956097214667285e8, 4.8168266739736813e8
4.0092990487524605e8, 6.390905095771366e8
1.727450669658101e8, 2.711216708778011e8
1.576257503018661e8, 3.340192177706356e8
1.6886977570226097e8, 2.5891844130235636e8
3.283050012560344e8, 4.0175643958504725e8
1.4567638846410662e8, 3.2274684306124556e8
1.7707933724770588e8, 2.78577349710207e8
1.769015035013056e8, 2.845517117911959e8
2.7833674927955884e8, 7.123871032346936e8
2.089076793226664e8, 3.5685616178536284e8
3.323025243290157e8, 3.9759350333029467e8
1.8583223455937657e8, 4.019343362087187e8
1.688665845141669e8, 6.076295645307885e8
1.2127133174817656e8, 1.7627013271718088e8
1.561024310277859e8, 3.326280396146034e8
1.8035883705584577e8, 4.708297610216561e8
1.7892959231478387e8, 2.7462414968337643e8
1.1985832518220103e8, 3.657491042320418e8
1.9207238184290743e8, 3.085966321850356e8
2.1410060940239403e8, 4.110968505419095e8
1.4967606762912124e8, 2.3300991056451356e8
1.951375272460176e8, 2.61354047241203e8
1.4475799666060686e8, 2.5241936888443026e8
1.2522641604577987e8, 3.349622315686142e8
3.7734763739015454e8, 4.686498271026306e8
1.4034316427082e8, 2.4880392575633872e8
3.404831274768826e8, 4.36962478285351e8
2.0848938168963477e8, 4.627051200186803e8
1.2764041736694111e8, 3.351789519741517e8
1.0626005583172524e8, 1.6276529935253555e8
1.9227065124954432e8, 2.5801608540819913e8
1.3815811617069557e8, 2.6649952551209334e8
2.913876674041407e8, 3.5676740928704935e8
5.3012351269318897e8, 7.689328124862866e8
1.0682060063681361e8, 1.8317073992458078e8
3.5253949262201345e8, 4.531604681524569e8
1.6514856748624372e8, 4.625374054259658e8
1.378379386858433e8, 1.8858704763830036e8
2.18561710670875e8, 4.764245169314817e8
1.2494051953328057e8, 2.535467211608182e8
3.392029775556617e8, 6.346798182483248e8
2.597492048468789e8, 3.7166937618964094e8
2.6995186181587803e8, 4.842500159561817e8
3.266316513131877e8, 6.390836468730196e8
1.437775845318781e8, 2.6094062153526208e8
2.7932499242165446e8, 5.0209898608832055e8
3.284271887317345e8, 5.245900704354279e8
3.1740812401720464e8, 4.6977036254210585e8
4.1002358382677734e8, 4.8234450332991225e8
1.2814718010333897e8, 3.645914408538339e8
4.220826335507531e8, 4.945584866068542e8
1.1117624335023008e8, 1.8403408472676158e8
3.237860868794827e8, 4.8444403670296043e8
1.622759870820956e8, 6.6398139314102e8
4.155902416548072e8, 5.650745751641062e8
3.631174814969911e8, 5.3322500319788545e8
5.94851411420306e8, 8.066581475358729e8
2.8202201595679045e8, 3.5976129421903163e8
1.8367611588018435e8, 3.414488185690881e8
2.6328414922351328e8, 3.726710453286107e8
1.2893060760426888e8, 2.4796116569156644e8
3.9601017430622077e8, 6.091849144303516e8
2.0326792089018366e8, 3.3243932225498885e8
1.9900209839761466e8, 3.637645933556082e8
1.6541207383039805e8, 4.208817682697241e8
8.457641211364397e8, 1.4986644220144863e9
1.6644370568331522e8, 2.3824596644044137e8
3.519130807976186e8, 5.1650844183495414e8
3.4515158464897734e8, 5.710423610216717e8
3.5266528719185275e8, 4.0608362801907885e8
2.0661243860036254e8, 3.8554697659737045e8
2.975684240871369e8, 3.548035248471212e8
1.5784158668332e8, 2.721680553171099e8
1.5738601179868564e8, 2.2226001293261763e8
7.694924670136136e8, 1.002712601706812e9
1.7952033746591786e8, 2.931489077091253e8
3.572616973168098e8, 6.036767062527798e8
5.661791268194604e8, 6.734191824970397e8
5.928116944009789e8, 7.589910874003909e8
1.843495574126815e8, 4.194248478507379e8
3.6976100682409203e8, 6.24567823515061e8
1.480022524636129e8, 1.9786515123221728e8
3.869737897480275e8, 6.440378962637253e8
6.0090775701378e8, 6.83563849428452e8
1.492857376142925e8, 2.155450015460598e8
1.3021741308313823e8, 3.3287064211143935e8
2.0497350722006664e8, 4.897834715050966e8
1.3962661292174634e8, 2.3602822415539718e8
3.557634559793698e8, 4.5643732337868714e8
5.519290329777106e8, 7.886502945841943e8
5.244405814082396e8, 6.649576740939581e8
1.5405086501733238e8, 2.192229535529369e8
1.8256079063725454e8, 2.6611870525843197e8
1.5331316128702015e8, 2.1829313062639526e8
1.7470831161270958e8, 2.4602537706534383e8
1.3408003813953014e8, 1.9513155738078994e8
2.4729445995052007e8, 3.7969187445782804e8
4.7352324132518286e8, 5.938524892995679e8
1.3694151105090794e8, 2.0901260467576423e8
2.0112525913002458e8, 3.07838525551948e8
9.09628927730329e7, 1.5366490783012575e8
2.5665475931660053e8, 3.8811736222890145e8
1.356496296673515e8, 1.8671998579176483e8
1.2762389803960845e8, 1.9479218811867973e8
4.1223377908354574e8, 4.90341090836352e8
1.3019308619590706e8, 1.9545627464616045e8
1.2773555021683376e8, 6.01562663585185e8
1.4729979073411733e8, 2.265345609531053e8
1.441800792569476e8, 2.962936174900546e8
3.3677562299459857e8, 7.100364643166595e8
1.494283056980744e8, 2.5017735987754047e8
3.928438921920162e8, 4.8309805543848443e8
1.6808669100396836e8, 2.4819276094086802e8
2.2355708730405468e8, 4.6469851498730916e8
1.6691290015709227e8, 2.6620008547863638e8
1.8339248552570307e8, 2.251725008158194e8
4.835310877231619e8, 5.901582007046325e8
1.3922137121878886e8, 4.134621376854299e8
9.64571853747511e7, 1.8881919340507168e8
2.0009572496758994e8, 2.9825949470142156e8
1.1094985453416447e8, 1.7835439741530186e8
1.63194147924391e8, 2.7596673760152155e8
1.3487671861630803e8, 1.7764926768978265e8
1.4403707563260728e8, 5.544716355627182e8
1.0962125500953145e8, 1.7019729159194046e8
1.1120312132517184e8, 2.3066863454565576e8
2.44582929398929e8, 3.995643496977085e8
5.179457262271468e8, 6.702407393708701e8
2.788954952463312e8, 4.991761535142611e8
1.5028641471213827e8, 2.927206127994116e8
1.657421075895522e8, 3.519551915940337e8
5.13905196732179e8, 6.041878730613976e8
2.2332694255816925e8, 2.99567706260164e8
1.8618512288348693e8, 3.08120540295869e8
1.548438506579461e8, 2.4672965170418906e8
4.4383852960102373e8, 6.099194907432873e8
5.47245026833794e8, 6.264605866451592e8
4.476431871127405e8, 5.1803413332686776e8
2.6951106434123576e8, 4.4567989925552595e8
1.5525764544397044e8, 3.824656290353217e8
1.383105301957e8, 2.318813990028734e8
1.3565291703989235e8, 2.5283094403296304e8
1.8548786368672937e8, 3.1757084900152534e8
2.0723907722483283e8, 3.535363658008292e8
3.242260455561544e8, 4.9083721725861293e8
1.639894789970163e8, 2.5004911658950034e8
4.7170715237078595e8, 6.114319291491823e8
5.398003399691867e8, 6.515893366809591e8
1.5106790877199498e8, 2.5470534149482757e8
1.4629282032696682e8, 2.2666095779178396e8
1.870497155751295e8, 2.58132368829303e8
6.295944735720444e8, 8.996936707604858e8
2.748352605416082e8, 3.8327196904912704e8
3.64736145798336e8, 4.3549423706235915e8
1.9790101898983678e8, 3.435484271974676e8
1.8031246832632226e8, 5.797433483304852e8
1.9438958776733997e8, 4.4182652801869285e8
1.1789256099296933e8, 4.921345457863485e8
1.2511751224025974e8, 1.9546459188329992e8
1.600404103941664e8, 4.391725643352924e8
6.399108365924193e8, 9.343471580402292e8
2.0115306407701114e8, 3.30959000773813e8
1.387328949601405e8, 2.1662013960632333e8
9.685019913238367e7, 1.869683614669232e8
2.809587002159533e8, 4.632772030226884e8
1.7677388311644986e8, 2.4586079163050106e8
1.5113541481730428e8, 4.255242815589367e8
3.654943108924164e8, 4.5681060338099504e8
1.2515560524255666e8, 4.363389657799307e8
1.8769951476334843e8, 5.560337982085268e8
1.4097993315496758e8, 2.802703399723744e8
1.5057089523919404e8, 2.733725282501304e8
2.0934557037943983e8, 3.153924084452402e8
2.135731825892417e8, 4.6937665359931797e8
2.3831909246409413e8, 3.249374265571065e8
4.7197304361198366e8, 5.870054159488596e8
2.254613734948274e8, 3.033691176418717e8
1.630484651215431e8, 2.3141426930250242e8
1.1908526343952161e8, 1.907927859973e8
2.6239676025841856e8, 5.51893105360833e8
1.7793435457359353e8, 2.6174280266297403e8
1.7702461998870158e8, 2.685943777789957e8
1.464921763799836e8, 2.330618203520943e8
2.715898130945793e8, 3.94341898938602e8
1.9235640088567445e8, 2.9432101755808365e8
1.7314635936388752e8, 2.5856590547023138e8
1.5081124440856472e8, 3.346361961355695e8
2.1433989606047863e8, 4.0161045455160326e8
1.4436611430076113e8, 2.4468343303898248e8
1.6128619770153552e8, 2.8923140170270276e8
3.55653851509166e8, 6.059812819445707e8
2.798854660967139e8, 4.3720542063627344e8
1.6850092980185154e8, 3.117388079306635e8
1.6521030102599308e8, 2.2260073219195223e8
1.2489617287588385e8, 1.942189710164766e8
3.866964157048186e8, 6.480933432145317e8
2.9586007608894295e8, 3.385899872335792e8
2.481224510359336e8, 4.333877316742488e8
1.6577574562375417e8, 2.5068596848757556e8
1.0328946307339877e8, 1.7496678751701707e8
1.6139658822111565e8, 2.5835117399321342e8
1.667818588596817e8, 2.8993558435520476e8
1.2675467020779632e8, 2.4501116369822305e8
2.0052390485246274e8, 2.687983184617174e8
2.6395453178495818e8, 3.539493295191856e8
4.149880904928826e8, 5.07956612400006e8
1.489523154492125e8, 2.510678100660624e8
9.067362987568477e8, 9.8396444981752e8
2.1674307622512704e8, 3.8048950521643865e8
2.3238093263303128e8, 8.612578822508267e8
1.4034285202787182e8, 1.9239809461820087e8
1.1778654119721296e8, 1.7949636927013287e8
1.2149150866634731e8, 2.3852048279601374e8
1.1940134898762453e8, 4.113535519297955e8
1.4378544584822434e8, 4.8607280110951114e8
1.0203041969476235e8, 5.983548919097663e8
1.9244404550870615e8, 2.6594031378662553e8
1.2272865323673998e8, 1.9227074719465405e8
2.3334508075759882e8, 3.522672043191644e8
4.465319848643786e8, 5.51358974821099e8
4.792560081191716e8, 7.655530628993187e8
1.5495695796841002e8, 2.6600017944407505e8
1.603766665108663e8, 2.5516120844645262e8
2.1054975367586333e8, 2.987242577447015e8
1.7623702531005234e8, 3.4903842354249275e8
1.1640922595156562e8, 2.2350556253311e8
1.4050448780146307e8, 3.218211128246702e8
2.3271748324209118e8, 3.3150721862046427e8
2.805711160757641e8, 3.806743068072766e8
1.7901460345587915e8, 3.138896323153626e8
5.3528839765000343e8, 6.681132318665919e8
1.8513202710639015e8, 3.2039712150818634e8
2.6330157456928462e8, 1.0235289833293576e9
1.246598286694208e8, 2.1633678851426032e8
1.6036288814708677e8, 2.792848571102163e8
2.858880898834957e8, 3.407825814242605e8
1.647561399240135e8, 2.5366271149001303e8
5.92451611594346e8, 6.573493765584265e8
1.8338143462336248e8, 6.250934367101732e8
1.6242063735956e8, 7.229219676532606e8
2.3065772797796124e8, 3.325033580894218e8
1.0788133356323983e8, 1.6039556205664894e8
1.9807691166729966e8, 2.729558728798208e8
4.4113322090558046e8, 5.303484220675522e8
1.8311228147070634e8, 2.2447881448010564e8
1.4039930257464522e8, 2.2244930709460285e8
6.889698783495601e8, 9.291140183554795e8
3.473897445870391e8, 4.2380068404906255e8
1.8795062716701704e8, 2.4706778174974182e8
1.2256437939624889e8, 2.1453573796271122e8
7.014424001147865e8, 9.426644616353654e8
3.901216115510149e8, 5.0017399495945877e8
1.3768632880081856e8, 2.5854312967153597e8
5.1035647661851853e8, 6.39609115257213e8
1.4397602932305655e8, 2.519097983517532e8
1.4785625412608072e8, 3.3419715406530315e8
2.5665144298075387e8, 7.152625500359049e8
3.176614993238842e8, 4.086208335968727e8
1.286374807743772e8, 2.2882228040967622e8
1.8334863970972195e8, 2.742528127136225e8
1.7073604175705785e8, 2.5801249109179276e8
2.1189429365393075e8, 3.1669149944761705e8
3.013430020542264e8, 7.125675175705235e8
1.495012243119222e8, 2.0000594118878174e8
1.571124791976384e8, 2.7812969287874323e8
1.7079463614586008e8, 2.2520276357190728e8
1.845285443324276e8, 4.987092748899852e8
1.3396349413163069e8, 2.611997295115033e8
3.168950674636851e8, 4.8024600738405883e8
3.124669852234058e8, 4.2229681616415346e8
1.7806502728639108e8, 2.4461616322705585e8
5.554825408506011e8, 6.920215679301254e8
2.0552831657409155e8, 3.2298312104757845e8
2.167300236246734e8, 3.468862044126645e8
2.6249935296772802e8, 6.641158214784878e8
1.8464219482531908e8, 6.538094332822385e8
1.1093546462879321e8, 2.000516358728275e8
3.57702362378263e8, 4.23609155080033e8
4.802207838377772e8, 7.615739080158876e8
2.73199920076189e8, 3.4224676657014936e8
2.4395093831528e8, 5.764659989975142e8
1.844271824554249e8, 2.5978468930167553e8
2.472158802094259e8, 3.903449118853202e8
2.048158053450475e8, 2.6438220480681065e8
1.4675760937915608e8, 4.6076668090010273e8
2.1074040875350708e8, 3.387162525779161e8
3.3658734633586633e8, 3.803433115963116e8
2.110224949193052e8, 4.3718562790278274e8
5.93284812135952e8, 8.60941941829396e8
2.137243439199185e8, 2.8330340703788304e8
4.988094679911251e8, 6.357466313595194e8
1.4488342952662137e8, 3.239219155549973e8
1.8226026200755888e8, 4.7534415687978524e8
1.0792020472842205e8, 1.9724591129573154e8
1.5152348899931464e8, 4.462810513369328e8
2.065868059211861e8, 3.8887501215434426e8
2.5056824638941872e8, 3.419669811169597e8
1.2257020754936051e8, 2.593627037908502e8
2.0554955030514622e8, 2.6509002277142793e8
1.8259833071990734e8, 2.5611103768870276e8
2.045336820371905e8, 4.859501112513582e8
1.377090880223041e8, 3.0977196494196355e8
1.5621395070597756e8, 3.939122921982122e8
2.025925706468082e8, 3.913354214427093e8
1.0567648033432879e8, 1.443862770671582e8
1.6086230808033976e8, 3.5076163813537896e8
1.0836220651043476e8, 2.1707955694297993e8
2.2175197979771128e8, 2.86386317004252e8
4.084322932362874e8, 4.890317154243216e8
1.654116800528737e8, 3.25276244159918e8
3.992974192622115e8, 5.0838509604042333e8
1.7359147777281484e8, 2.6022564903460452e8
2.1487626928303146e8, 2.931952900435212e8
9.56595814181308e7, 1.7554366329671693e8
3.107511236058259e8, 5.2341132006709975e8
2.0997761779257888e8, 3.0938059805503505e8
5.336954666745538e8, 1.0551395047677575e9
1.0684137002791384e8, 2.0312580655206105e8
1.4567591418373808e8, 2.1317981641592795e8
2.2597294597540134e8, 3.6126767506140673e8
6.713202733648396e8, 7.338811045451946e8
2.8631328901025087e8, 9.358106708951821e8
2.4358678967946252e8, 3.4455249612497604e8
1.9157938339811215e8, 3.1087522011466694e8
1.7629939741614944e8, 2.4220100428096208e8
1.1427062670773378e8, 1.847827970936656e8
2.127445027034392e8, 3.681322650787713e8
4.072103250647625e8, 4.954320670721636e8
6.718978047114046e8, 7.42895425454123e8
1.4828604140940556e8, 3.335046814780112e8
2.221431646117995e8, 3.138987494149138e8
6.905648145522459e8, 9.883310473586388e8
1.5049405065948126e8, 2.799509723369196e8
6.033350387639401e8, 7.651915856940645e8
3.199629790367496e8, 4.472070240922077e8
1.1356248249551684e8, 5.66452025252538e8
5.004161222622925e8, 8.064179839615759e8
5.182161953788209e8, 6.602111627209796e8
1.4972439276049975e8, 2.5365944030469844e8
1.5608111530737412e8, 3.1783261874745387e8
3.2072955301001626e8, 4.340926491121592e8
3.202016211237916e8, 4.1965751204811555e8
1.6124629974372652e8, 2.5293960720617422e8
1.2793128868786289e8, 2.4081098067231214e8
6.97963515297868e8, 7.646415859642476e8
5.050893527326417e8, 6.676245818380032e8
7.339060876896572e8, 8.731783499898919e8
1.7381292338157272e8, 4.886472648418571e8
2.180574580642085e8, 2.734625241344458e8
6.019002522311956e8, 8.964178065264912e8
2.65717098788262e8, 4.749288067786007e8
6.570286704037976e8, 1.0514344224355944e9
1.9979725610159808e8, 3.805422525719113e8
4.943231993263632e8, 7.662342811215156e8
1.2989246239473554e8, 2.1665040809075394e8
9.71928259057612e8, 1.0429407043658608e9
8.606805024897368e7, 2.4271601221106455e8
1.8455981373946235e8, 3.192391222941783e8
5.2602612937479013e8, 6.609253826241909e8
2.7862313869402766e8, 3.975553468632763e8
1.2483838450075059e8, 2.3531760800374708e8
1.1338018364023532e8, 2.5570797412706286e8
2.021243802040597e8, 3.590034778404682e8
3.694424454042006e8, 4.236928613214938e8
4.0042640844675666e8, 4.8151552065473884e8
2.127211460681234e8, 2.858685939757049e8
1.480256498731665e8, 2.330221601053189e8
2.200292641990526e8, 3.1869740314593226e8
2.0858580823287272e8, 3.496169968513361e8
4.053497398237975e8, 7.39092301659194e8
2.7360297081224203e8, 3.693407351020169e8
2.7027275048079187e8, 5.309926729493052e8
1.8386117890956435e8, 2.580218279890854e8
4.650246058894174e8, 5.86910677261019e8
2.1001295769696546e8, 2.930780138252411e8
1.6780633997412404e8, 5.302307144297203e8
2.993813707957809e8, 4.4620584558538646e8
1.3896694486770296e8, 2.952681144074765e8
4.1098090885706466e8, 1.0278280971109151e9
3.439739896390224e8, 4.3018610197629136e8
3.022492644055561e8, 4.807501045244606e8
4.9203989165583116e8, 5.629318592435182e8
1.5969511512670726e8, 2.2231603128370452e8
4.5592478196134967e8, 7.970417557592624e8
1.440125121194666e8, 1.9868092564709133e8
9.133534654700437e8, 1.0939227216167123e9
1.3849460668817565e8, 1.97029377243433e8
2.6204645121657175e8, 4.8839749719360983e8
1.6780051310273978e8, 3.8487987937554955e8
2.0295627852542323e8, 3.385810708742132e8
4.107203340862429e8, 4.9387069394007504e8
1.878892590321301e8, 2.5554871407055023e8
2.1311099735019866e8, 7.283460331414008e8
6.611136713708827e8, 1.0468474480495929e9
4.527906431347431e8, 5.436192249320103e8
1.0743796179898074e8, 1.929556621336571e8
1.8455154863220182e8, 2.635303954653303e8
1.7887757034393054e8, 3.1923943251274776e8
2.2980357171976918e8, 3.1659023972710913e8
1.798085866392034e8, 2.6049403418426567e8
2.1744687823803148e8, 3.257391668867405e8
2.179159273769267e8, 3.059529401334285e8
2.241866486705143e8, 4.1457159130598e8
1.3340133570088574e8, 2.6615142314907914e8
2.159898485998048e8, 3.097649138713848e8
1.821101195470575e8, 4.4923774284733474e8
1.1588629184727761e8, 4.675280494394919e8
1.6653771185637605e8, 3.23711859459237e8
1.5939399015840957e8, 2.4195688306472114e8
8.556293442416418e8, 1.065111219979829e9
1.9063005632301286e8, 3.690311968300281e8
2.613686787802483e8, 3.6278611452034e8
4.264170343079529e8, 7.521498306224486e8
1.9695749278480604e8, 3.5718283686006296e8
1.2883224578722768e8, 2.4202688204810682e8
3.306165122575071e8, 3.9463096672236544e8
3.0513856246694064e8, 3.6366396647693384e8
1.2741312248325326e8, 1.974838705122157e8
1.2330741370557728e8, 3.6070880579262114e8
3.5483231019629735e8, 4.6629947347605044e8
2.2484210703733802e8, 3.0067891069259673e8
1.8177792841216487e8, 2.442036602792368e8
1.9465741002110183e8, 3.016797049649447e8
3.455295644667116e8, 5.264182743251822e8
2.094792680776837e8, 4.253128266804979e8
5.3069952567502606e8, 8.544004576430784e8
1.594729753184173e8, 2.6921115494998616e8
1.956591140230496e8, 9.54168889499069e8
2.885658458248631e8, 6.514254410762545e8
4.239663302358956e8, 7.259828823289268e8
3.369766770963139e8, 4.6690703777808625e8
4.768405996851603e8, 5.800085145036786e8
2.9603339488533986e8, 4.784544320907448e8
1.51590336921133e8, 3.27999705811638e8
3.7622441403799725e8, 6.943817509986315e8
1.3801560971226922e8, 3.2053453799136806e8
3.668209163128404e8, 9.048670560730895e8
1.7636936101579666e8, 2.574845479150253e8
2.0027791288980895e8, 2.6022010178765383e8
1.4561396240532616e8, 2.3483814947483826e8
2.794917152245993e8, 3.944370475798501e8
2.3599873648631525e8, 2.8578075412483305e8
1.4924797814992005e8, 2.0810150622449338e8
2.9611268362923414e8, 3.7752030968591094e8
3.460288387092788e8, 5.475779493634249e8
1.2972786516887332e8, 2.8875212499583215e8
1.1784026418898453e8, 2.135415016537129e8
1.3710693184321663e8, 2.424104132413552e8
2.4017997960396385e8, 4.577257500417626e8
4.5370977731259704e8, 9.008984082044239e8
1.1549778876131949e8, 1.7843731819520202e8
1.4637398361368418e8, 7.07831323954005e8
1.266310439612693e8, 2.2235880984568828e8
2.3621324614011133e8, 3.3159793873567253e8
2.741386277251546e8, 6.2466512274498e8
1.3770197832740694e8, 3.341494724771395e8
1.2406293442908981e8, 1.6088644510542157e8
9.558238988954401e7, 2.3411707078306234e8
1.539840600498357e8, 2.971963561658035e8
1.54623443287589e8, 2.2959773322543025e8
2.56124253161429e8, 3.339199045386725e8
1.2969846968253767e8, 2.0586036912209114e8
3.2182466606154084e8, 4.019234597459341e8
1.5105563544810563e8, 3.68022359996984e8
2.043070253569061e8, 5.2145949374874383e8
1.044527975820222e9, 1.2488389613661258e9
1.3847101859223506e8, 4.147342839825563e8
1.846413898427703e8, 4.763392189283027e8
1.5704084936533085e8, 4.992405798035089e8
4.9309193660228735e8, 5.703790865840887e8
4.862526449719622e8, 5.668485660000045e8
2.759160911287265e8, 4.248533045998071e8
1.1509698855206154e8, 1.7123072300131863e8
1.4103365713474375e8, 2.943521773330084e8
2.0019432166727644e8, 3.022619096047796e8
8.339784273096855e8, 9.469455476388047e8
1.382465690840831e8, 2.1979193867575976e8
1.372325376748011e8, 2.656794116014803e8
2.4370673520964208e8, 5.1653503464931446e8
3.5481144935008216e8, 5.2975750111273086e8
1.4060013169461873e8, 2.990143362209107e8
1.883528107491681e8, 3.483302006252422e8
1.6166683926519924e8, 2.2781137322041014e8
3.019670431356942e8, 4.3862435312303275e8
1.1813627228229657e8, 5.3115054900391775e8
2.110321222894305e8, 3.7884963253300434e8
4.2104840796745116e8, 5.780140232051433e8
2.1969839238004082e8, 5.353585390494613e8
1.6016206847788292e8, 2.6452557978582746e8
2.4591022696431676e8, 2.8327610790448403e8
1.3162085426082401e8, 1.9496920282123733e8
1.412792572386002e8, 2.000074972882632e8
3.2980085456426394e8, 4.538924531609033e8
1.792445250990626e8, 3.8265142040230006e8
1.3809184310649806e8, 3.1022298708187103e8
1.541792259775812e8, 2.1449918286361226e8
3.6638046363567114e8, 4.48806407201194e8
1.1332743292426896e8, 3.600572819988441e8
1.78355249067487e8, 2.4581755442488566e8
1.1977428748910527e8, 1.6750162319155642e8
1.7712103627312195e8, 2.3838740181995034e8
2.244940780350067e8, 3.0632547195775574e8
1.1096122367349641e8, 1.8761038987492833e8
1.686389276505345e8, 2.2639912133716145e8
1.2189612916676721e8, 2.6647445405779165e8
1.747173710049683e8, 2.5308448890197977e8
5.967767745248224e8, 7.077308523816234e8
1.815998940580899e8, 2.9617586050631464e8
4.287377775076196e8, 5.997801393511475e8
2.5978954048760414e8, 3.484211148557222e8
2.1860262439965114e8, 3.189373590131854e8
1.8831520962995827e8, 2.8124887235216975e8
1.401008825379607e8, 2.054420769903901e8
3.0070627805561584e8, 4.4306150798892087e8
1.2762184554394203e8, 1.9457460146355826e8
1.2261047111917585e8, 3.3993798868637586e8
2.402854179581256e8, 5.265588761516292e8
2.995961908924105e8, 4.397717819519439e8
1.31290543008249e8, 4.814952625333092e8
3.67211619427193e8, 9.402662948598573e8
2.4376853489028025e8, 3.5442458095402974e8
1.605860704637188e8, 3.631108838218263e8
1.8719926911757654e8, 2.4807252780094695e8
3.657737832274484e8, 4.2850147131694627e8
2.4484972298327738e8, 3.206432409407742e8
1.351890643601225e8, 2.8091309635099655e8
1.7092670569054005e8, 2.2602046457412195e8
1.375990726891603e8, 2.367499474492992e8
2.730293974522446e8, 3.964898560454469e8
2.6250479536394462e8, 4.6387694923759377e8
1.3858081721555367e8, 2.103340694635714e8
1.8927602401286864e8, 3.6282790854699486e8
3.002573243043115e8, 4.4122483644922596e8
9.64392230679332e8, 1.1345220653165557e9
2.2876330254183775e8, 3.579708363808044e8
1.3608586031912762e8, 3.512581248312122e8
1.630114760434555e8, 3.5648361288983065e8
1.1921943642796849e8, 1.8141293027048025e8
1.82711125803714e8, 8.449710539010305e8
3.726079386240011e8, 5.102857226239926e8
2.040787828190475e8, 3.002054388145872e8
4.544928474602101e8, 5.667240146350393e8
3.879863841448993e8, 6.2348896254669e8
1.7518920711957034e8, 4.616847097125262e8
2.6674819980731514e8, 3.619806736886449e8
3.2221352528467745e8, 4.6463575906288314e8
5.389160976596515e8, 5.997811778667151e8
3.962463065382369e8, 5.502479655336797e8
4.150328070354434e8, 5.1235409657790875e8
2.892196821392131e8, 4.460699614166878e8
1.9363607346039397e8, 2.4624303023548925e8
1.206778399019303e8, 2.0898076380048567e8
1.0991825522664228e8, 1.5106851634395486e8
4.5281660588968956e8, 5.139352808174727e8
2.922312849762282e8, 5.1307709642639196e8
1.5542156434868133e8, 2.43065641685612e8
2.2005444100081408e8, 2.58767116485521e8
1.4811413475370064e8, 3.536302233423583e8
1.621425006586967e8, 2.681663495927056e8
1.5940531815221357e8, 2.4384249301616505e8
4.6550913102849036e8, 5.607588979275736e8
1.6697959694706893e8, 2.1280436956348947e8
1.5164583658537313e8, 4.3514795235530263e8
1.501026171968356e8, 3.678714646410526e8
2.173558123326267e8, 4.043396698170009e8
1.6474274794426188e8, 2.4019893037486076e8
3.1414193168090874e8, 3.945974375746241e8
1.7619096205484852e8, 3.023669627575158e8
1.4027072128954414e8, 2.2406197115671453e8
1.9698527535279432e8, 2.654314699062645e8
1.9172767241911376e8, 2.3867881985122296e8
2.6156590412416193e8, 4.053112384049506e8
1.882628366978249e8, 2.6475934895210308e8
1.6462011751701838e8, 2.5375223580713823e8
4.491970137350022e8, 5.590517013498297e8
2.1916489215747482e8, 3.809865498423304e8
1.3136369109245387e8, 2.1298688703073585e8
1.9694821995941898e8, 3.5430667092026764e8
1.422284812042936e8, 3.792478779265962e8
2.5370576518345937e8, 3.191195053194874e8
1.4518273751620552e8, 2.3736851824789146e8
2.781553941832936e8, 5.23119723480966e8
1.566655131069883e8, 4.429232415427033e8
1.6605341626414832e8, 3.715063006430569e8
3.398016766469502e8, 5.630119514086215e8
1.83979892772115e8, 2.91661510072519e8
1.6448886468655083e8, 4.657612485656412e8
3.461905121157172e8, 5.831996342366883e8
2.673028278173193e8, 6.144676842981216e8
8.215234824074878e8, 9.578620818600038e8
1.2981678433318992e8, 2.795119411223925e8
1.5476692502147758e8, 3.372889753681112e8
4.605268288558044e8, 6.937755586433592e8
1.2021559547071768e8, 2.310240919044305e8
1.5155608006606916e8, 2.2184205339729282e8
2.4368258858761802e8, 3.4784584161793035e8
8.948352203530361e7, 1.8908940600988677e8
1.4479073685151935e8, 2.2299265724797773e8
1.743433383658746e8, 3.4411500101374084e8
1.2795005183001733e8, 1.9738235105879256e8
1.3042526621886852e9, 1.3835552948675344e9
2.0548144679193187e8, 2.98477731591771e8
1.6209842104020274e8, 6.675835116293277e8
8.49736488908603e7, 1.8281421906468135e8
3.4532265593311393e8, 4.630277953228687e8
1.2127031588081884e8, 2.3418612777152658e8
1.8971870240389886e8, 2.4982272026195782e8
1.1026432625268617e8, 4.7932965252976096e8
2.331306232402867e8, 4.006199543957305e8
2.992343539314129e8, 3.9344050960039544e8
3.229948722352261e8, 3.9930793230138487e8
1.9380340123928353e8, 2.71352753778094e8
1.484733954580016e8, 2.861083211074714e8
1.3603585152127513e8, 2.5070420620449194e8
2.1025599888551074e8, 3.946458042474163e8
1.3130006811524864e8, 4.225685361217016e8
5.736044141536494e8, 7.779685191468722e8
2.1980160921677494e8, 6.090500171972158e8
8.033399638076795e8, 9.794739031799799e8
3.617813459951534e8, 5.4896537499149e8
5.706709201703191e8, 8.03656766425905e8
1.4759759143296954e8, 2.270040026842815e8
1.4933576381309402e8, 2.252575086257571e8
6.953642839382915e8, 7.723787332248986e8
7.66567717529565e8, 9.261301064898245e8
2.4561188270012483e8, 3.274789420749598e8
1.6513602547384924e8, 4.4805044828381044e8
8.157952127821125e8, 1.1041333783442318e9
1.5129793483837643e8, 2.932887071142545e8
1.1909097702381858e8, 1.896352851944347e8
8.275953755797641e8, 9.482117864142796e8
6.945405655914862e8, 7.816367803155577e8
1.910981036724309e8, 3.098893998265551e8
2.9418937991858035e8, 5.787113837731178e8
3.356909939937507e8, 4.0768808839803255e8
4.9543966878548574e8, 5.76834267001527e8
1.278049777811841e8, 3.44214063216199e8
1.9962530129991457e8, 4.5180028968095714e8
2.327094467430135e8, 4.9392709789605117e8
1.2004512343716877e9, 1.3680361232798615e9
1.3751625101620507e8, 2.4662289252715808e8
2.753015654248396e8, 5.710515030444942e8
2.983445684946807e8, 3.754920386529483e8
1.5262017741701278e8, 4.6698924811857885e8
2.4438325931490716e8, 3.104928482871122e8
1.7810182930379316e8, 2.5906949815334558e8
2.039036037126073e8, 3.118756468528628e8
4.405210836440287e8, 5.596333910214021e8
1.4963103057376683e8, 2.5364196380026683e8
1.7807484005564377e8, 2.4637501675129855e8
2.27499600129126e8, 3.337181541321487e8
1.3221180135451074e8, 2.3511715899824908e8
1.4999842184211528e8, 2.6707190309939858e8
3.624930408361518e8, 6.299319433323585e8
1.1099389445155247e8, 4.2229700104681987e8
1.4742208906775475e8, 2.7332049138406324e8
1.2534063850357613e8, 1.8573241059207347e8
4.4583704348699856e8, 5.813574401503407e8
1.371179683130748e8, 1.8900707447303653e8
4.0272830924062407e8, 5.018862013315562e8
2.5632865311878306e8, 3.400012997006855e8
1.3916041956366032e8, 2.174854671218322e8
1.3117902975620157e8, 2.6179659698883152e8
1.9201337369174182e8, 3.7769993098842645e8
5.667929874872259e8, 6.557617426576111e8
5.402891146690447e8, 7.163848141888641e8
3.375061985574247e8, 4.7478075818509936e8
1.1722106211804458e8, 3.791571130889729e8
2.953605250608606e8, 3.865759853281235e8
1.7416095499107388e8, 2.928248466873697e8
1.9169293755682257e8, 2.469827256479366e8
2.118045852198487e8, 3.914819761337843e8
1.6434313507102755e8, 3.13430422761242e8
1.2165269906995666e8, 3.6606692940956634e8
2.4785804707981682e8, 3.0375588877219087e8
1.76929991429918e8, 2.336776090898675e8
3.7527614291965973e8, 4.919508546868431e8
2.0229277782961744e8, 2.6708052495678663e8
2.884117938975079e8, 5.34426600796935e8
2.652165134390773e8, 3.800168618716274e8
2.7651739680184585e8, 3.5566978716182417e8
2.1933715360369113e8, 5.048438363852455e8
1.4304627844106197e8, 2.4698255946680722e8
3.016152920579896e8, 5.57195131253303e8
1.1302243714164115e8, 1.8403635652242386e8
2.850417215073315e8, 5.22670900961808e8
1.931682749393e8, 3.7000153351309776e8
1.1925439389321241e8, 1.753838463636306e8
1.3324589584464948e8, 1.936343194820849e8
3.411280303338576e8, 6.157240822745776e8
3.0403613310717815e8, 5.988059381012363e8
2.725931809720634e8, 4.2142149921494645e8
1.4221560071073112e8, 5.493620176158749e8
1.9315902425995043e8, 3.418654475759567e8
2.4577481978542754e8, 7.40591818263116e8
2.5058441161267468e8, 5.295106879849826e8
2.7281347151063895e8, 4.607732208543201e8
3.7330890480654866e8, 6.124118091652564e8
1.7625449192808655e8, 2.4128620745038572e8
2.9838700390399045e8, 4.707793122513677e8
2.107882056125322e8, 3.509160983698801e8
1.629203207888272e8, 2.3075484686949992e8
1.1991092284324297e8, 3.158667129134611e8
2.813726162668998e8, 4.949791938341473e8
2.966353114470836e8, 3.656025083720361e8
1.7392708214139098e8, 2.5254390130326864e8
2.318427369371296e8, 3.3514052314296657e8
1.4036321785563484e8, 2.4510145997533253e8
1.872779527190405e8, 4.3827522826194006e8
1.5203663258184963e8, 2.6376500247458726e8
4.613874351458612e8, 5.424275394018158e8
2.4758342945400542e8, 3.135465923028653e8
3.700403286930571e8, 5.319173186658778e8
1.941627209458249e8, 5.718716674170805e8
1.1015725893476905e8, 1.8226338660327822e8
1.5096299464235237e8, 2.385998513214664e8
1.0228343906369375e8, 1.4322332365388548e8
3.274700462689505e8, 4.3436537765824765e8
1.9354536971237168e8, 6.261507312906709e8
1.677988001084709e8, 4.7378933807141054e8
3.095128748914765e8, 4.644653691117616e8
3.6881863356023943e8, 4.738003815531944e8
5.703591326459069e8, 6.71277934839093e8
6.900858308644848e8, 9.338022641495919e8
1.0805251710461618e8, 4.71535680701931e8
1.5290719403170958e8, 3.043639189562584e8
1.362997055285829e8, 4.2803733964832515e8
1.4795399881216925e8, 2.2976692780503553e8
1.5007502735824203e8, 3.476288263275645e8
1.584621177672236e8, 3.771323672816696e8
8.120949365205078e8, 9.335090876919346e8
2.370956223742756e8, 3.6359114088325137e8
1.6051306004740626e8, 3.7414051514489555e8
9.165294511558694e7, 1.821892849487109e8
2.969657624475067e8, 3.866714175706459e8
1.4216057558256763e8, 2.529844285862405e8
1.4662524734827635e8, 2.0403794352534255e8
1.7463512309274718e8, 3.4240620508679444e8
2.934105911146577e8, 5.405356029037721e8
2.533206638092488e8, 5.1484068442344195e8
1.820459530817859e8, 3.162501705714151e8
1.2096276349229209e8, 2.2618394398461053e8
1.1844285377397585e8, 2.1122319660661015e8
2.219043572541847e8, 5.061237607553422e8
1.6028031541641045e8, 4.5668930211104774e8
1.2781792177697614e8, 1.761442853682001e8
5.185630650269642e8, 9.235400171739154e8
1.531323287470429e8, 3.775065963120978e8
2.5742770653695378e8, 6.885358312769419e8
1.5140129960686985e8, 4.350532474338326e8
1.8954816944584504e8, 4.7438943258233094e8
1.4477855399035582e8, 1.9991974527649447e8
1.4174548077541807e8, 2.1432104083195895e8
5.077702150144035e8, 6.485638407971756e8
6.199027386260921e8, 8.050835968051358e8
1.700898632915715e8, 2.7424837027489835e8
1.1305885643430634e8, 5.38101262090105e8
2.3980138916257116e8, 3.779237854223796e8
1.4076639657880688e8, 2.9961145805582654e8
1.3409932270404977e8, 2.307348383991318e8
1.4050502758960328e8, 1.912345414200896e8
1.437083599236142e8, 3.098629600960826e8
2.6250336338408545e8, 3.642894044907218e8
2.7191136182988304e8, 4.785183578353703e8
2.2171476388465554e8, 4.216054630477176e8
1.0316642105960688e8, 1.6588876605988136e8
3.3104452327901435e8, 3.9843008283358896e8
3.954968700266272e8, 4.963678299249076e8
1.2826746060708639e8, 3.113864611146232e8
2.555256740022008e8, 3.8076150569312453e8
1.5395128337769222e8, 2.498954267639682e8
1.359198455624679e8, 3.6845102860605574e8
6.360056813276252e8, 9.167489589598298e8
1.3846664082158053e8, 2.432815649326183e8
3.632701340662598e8, 4.8933326591885823e8
1.7552687466019204e8, 2.804094146413686e8
1.6377282742812145e8, 3.5356793303671646e8
2.4189536397274727e8, 3.451032933795981e8
1.551725903202811e8, 3.246489740250277e8
1.6184749592667052e8, 3.3713584103293985e8
4.490134980715275e8, 5.589912181420863e8
1.2304515841248238e8, 3.936406478511313e8
4.12707456026066e8, 6.793187011325811e8
2.5252497035041896e8, 3.7735988590401185e8
7.772792772025672e8, 8.677971406694281e8
4.253606197396689e8, 5.887154430611291e8
2.5621442816163754e8, 4.907151088302711e8
2.29465971765775e8, 3.8911696098291355e8
2.445997406167482e8, 3.216800365080962e8
1.5007062590777445e8, 3.498291780219262e8
1.202094671021171e8, 2.3352294968127418e8
4.1367481959037143e8, 5.035395432548911e8
3.1181181982239085e8, 3.729395362464148e8
3.4743452265798247e8, 4.7723549389249206e8
1.633389843219804e8, 2.5517141255079493e8
1.1553606055393423e8, 1.8818349754230306e8
2.158222291585079e8, 2.838412709235975e8
1.5912728010302305e8, 2.6810333000084317e8
1.3813754171668583e8, 2.747184788580414e8
4.4483357916491395e8, 5.233552990649457e8
4.7047972597627777e8, 5.985164098833611e8
2.6432902357838112e8, 3.557566619038853e8
1.9258886744506603e8, 4.0118709767707705e8
3.911524614375311e8, 5.012387193983102e8
1.548440898450945e8, 2.5025436721374086e8
3.826497811874187e8, 4.8681960108443505e8
3.595636599167032e8, 4.690541446743177e8
1.8362630052519017e8, 2.340346046450771e8
2.3676038090372348e8, 5.737476067488788e8
2.410634081383279e8, 3.19125697204313e8
1.708000665758885e8, 3.7572857247505903e8
1.2755289204722796e8, 2.3962628643979853e8
1.850050310179389e8, 3.626248489988218e8
1.7667930725795487e8, 2.5041576714849782e8
1.8495246724816075e8, 3.181853151433321e8
1.41077676814475e8, 2.370520989853918e8
1.584556403565524e8, 2.696738188949027e8
3.5017695452809596e8, 4.2608776736792284e8
1.2550182369000858e8, 1.8917324538438e8
3.209132855981766e8, 4.481382781143038e8
2.3080722656011173e8, 4.5453368206034887e8
3.386637461349502e8, 6.031392844803072e8
1.0445565831350508e8, 2.2463101235142556e8
1.1192764579147969e8, 1.8136375870138437e8
1.6349613518779626e8, 2.7910504731089365e8
4.2799614177317446e8, 8.185447060886203e8
1.7318738572033495e8, 3.130739243350877e8
2.5878392582481828e8, 3.3582064199108845e8
1.84195232175817e8, 2.3895296921139845e8
5.07295364619691e8, 8.941437771193421e8
3.4144307272082114e8, 4.1877337022416973e8
2.879797137526465e8, 6.490671383569566e8
7.238391849336365e8, 1.1322038735919545e9
3.576500724478096e8, 4.962536568171897e8
1.2589275544141947e8, 2.898425327371217e8
1.2628376122059323e8, 2.066250714334604e8
2.3182366022748858e8, 4.4006833886144966e8
1.593216082575751e8, 2.4884701085753533e8
5.551247872258356e8, 7.894029216173084e8
2.0268538171663415e8, 3.001537034633657e8
1.8843160505617005e8, 3.4564958520626426e8
6.002996398836166e8, 7.811816676206318e8
1.9599410604358524e8, 4.1462838263942367e8
1.7012198390478396e8, 2.6764787507214713e8
1.8825279872705737e8, 6.282273206468099e8
2.6430037290279657e8, 4.1152136727151364e8
1.2967415575250718e8, 2.045280478987223e8
1.404266963088164e8, 2.7107529851980287e8
7.030946892397467e8, 1.2491077404987702e9
1.08384651587563e8, 1.84080229582855e8
1.3973031733525568e8, 2.080969143342955e8
2.163045071602792e8, 3.1933408599929255e8
1.4040982131378463e8, 2.227163415386475e8
1.7006112532009062e8, 2.4676256049985182e8
3.228062681260669e8, 4.6229165921911305e8
2.9187455770656645e8, 3.595289047033317e8
1.213539347869236e8, 2.2161674785918236e8
1.7423358616503444e8, 3.074497857390392e8
2.141200400739197e8, 4.976772745435414e8
1.2168432109661134e8, 1.8753374656986767e8
2.684226969913049e8, 3.5108447589044225e8
1.6973248201469636e8, 2.1638978705500755e8
2.1750437686878285e8, 3.095346923514801e8
1.2234271739813282e8, 2.7985273732031846e8
2.71224541666892e8, 3.9612439403863025e8
2.3316716064411557e8, 3.4418928790403056e8
4.168452157895133e8, 5.0120978201645344e8
2.1398734777131498e8, 2.9738720552985966e8
1.6427905124713066e8, 2.4462658647617373e8
2.8922019106427544e8, 3.8379745684316504e8
1.0665800882830688e8, 2.0035690438255534e8
3.058229244832886e8, 3.702844931149457e8
1.833125472225874e8, 2.4953313491615137e8
6.173499079472587e8, 7.747876604532557e8
2.160611580615099e8, 2.595575129107885e8
2.128534379795145e8, 3.018000552772858e8
5.57353305392942e8, 8.168598705808847e8
2.916615208339059e8, 4.193862031241105e8
2.701255814839176e8, 4.069699946206315e8
2.2965340206633258e8, 5.485405050669606e8
1.3918564701233688e8, 2.262684120072364e8
1.3600368421647543e8, 2.1796810641215417e8
1.991670721574788e8, 2.723168418976645e8
8.703591168228528e8, 1.2032047580008705e9
1.8142501128980717e8, 2.666770658447672e8
1.4073504737691066e8, 2.3780630326032117e8
4.3341627254732674e8, 6.359579189199582e8
2.991269454779213e8, 4.080819459143756e8
2.1527762257593766e8, 6.642286034135661e8
1.5801062766930208e8, 2.1992893046884322e8
1.5551038693018034e8, 2.3613905492355573e8
2.2881035666786546e8, 3.910174643606323e8
1.6711207540803382e8, 2.6197444385344827e8
6.081418064611691e8, 7.005618551695304e8
7.216937754453033e8, 8.893813459212393e8
4.0832902134599686e8, 5.045165427341618e8
1.864677848407412e8, 3.6832741905991685e8
1.97001706023902e8, 5.262003397241016e8
2.4510247676722798e8, 3.232236056429185e8
1.3477684725140083e8, 2.1035399627413186e8
1.4040001795910513e8, 2.3082356159549713e8
1.4089716763864663e8, 2.0847999704685852e8
1.4525694786804584e8, 2.1695596007088885e8
2.3719165650774437e8, 4.5712780606442446e8
1.390532485325593e8, 4.474347035865228e8
3.9546821909153193e8, 5.85115752729176e8
3.7935437320855355e8, 4.5000542934052485e8
4.7602769994461423e8, 5.765601870769029e8
8.94445377249366e8, 1.0894536188348405e9
1.0842280160789579e8, 1.7160050136649442e8
1.529315771742117e8, 2.735608878611295e8
1.941113386786724e8, 2.4630776811721772e8
1.322086726553842e8, 3.123046902863596e8
2.0650770341938156e8, 4.4641059591591555e8
1.6000089145963424e8, 2.7407263460582066e8
1.254268645108382e8, 2.660313146442023e8
2.1002729011585808e8, 2.526762319097777e8
4.429040746028355e8, 5.2577377653283846e8
4.978710014837836e8, 6.351445928974348e8
6.273961831852163e8, 7.074659378792951e8
1.881337188836847e8, 2.84010937277652e8
2.12457753321817e8, 2.9062791979930997e8
2.7018315806167626e8, 7.683452804489069e8
2.7001737411535656e8, 4.250066153684957e8
5.404977518283043e8, 6.165977358804818e8
5.3205376729855263e8, 5.961937964961039e8
2.6808380637434858e8, 3.250467484287663e8
1.7623949199718845e8, 2.4497313700698313e8
2.064498944179301e8, 2.5532615321512634e8
1.5640092823154268e8, 3.199391634965666e8
1.2343409238582218e8, 2.941290031371636e8
1.3879995439739722e8, 2.791372785917783e8
2.528957533694366e8, 4.0045448606643337e8
1.2687129088943098e8, 3.8617893820792705e8
1.701395245219467e8, 2.1195760069506878e8
2.0724567503620076e8, 2.831176774884774e8
2.2327864971077964e8, 3.31207234836655e8
8.740599202399318e8, 1.2144618054345543e9
4.689411867713229e8, 8.635159221780446e8
1.8244230214952686e8, 5.178665684074145e8
3.9014002577889764e8, 5.657773103364979e8
1.6720156169706637e8, 2.4375012556016064e8
1.8662058060183036e8, 2.6746016620530686e8
3.7387450866318476e8, 4.8429908333632064e8
5.90601018143072e8, 7.768745826975628e8
2.0606359083823583e8, 5.2236562092457086e8
1.432363553414763e8, 1.9419318396135598e8
8.905636607025948e8, 9.865496122626276e8
1.3378757125247729e8, 2.3973207368044272e8
1.3215815557554346e8, 2.615707943604928e8
3.236878259767453e8, 6.654176476732267e8
1.3614197702660948e8, 3.4783884360694885e8
5.329822732103675e8, 6.968181046492023e8
1.2079947464740202e8, 2.087614969481468e8
4.7452948305561405e8, 6.130533284083527e8
4.8411803344217473e8, 5.963961667909484e8
1.3648485472196776e8, 1.9627982321992463e8
1.1657726298371226e8, 2.1089456076688117e8
3.69885986850838e8, 4.254314175344258e8
1.3447987527077392e8, 4.630016674659344e8
9.793704586138968e7, 1.972308653624924e8
1.1710210037507677e8, 1.8768467669086045e8
1.951766930139911e8, 2.8544404224843514e8
2.413719932698767e8, 4.556178096539068e8
4.421134595549675e8, 5.946254568596299e8
2.4568333081631327e8, 3.6907120457009214e8
3.305355653103224e8, 4.4640376673467696e8
3.2279475953087527e8, 4.0519914064996094e8
2.1254811461223143e8, 3.6447938344428504e8
1.6977307548552403e8, 2.6242045020047784e8
5.798383017385571e8, 6.150706084302812e8
3.38011138920436e8, 4.469512387555978e8
1.037314901759843e8, 2.27873622712041e8
1.4084190208268836e8, 3.4423659752039737e8
1.0309613449819356e8, 1.924056332743434e8
1.600324451899575e8, 4.276752631878624e8
2.4577257589776388e8, 3.148300524827292e8
1.499413614642736e8, 3.3445699015371656e8
3.677222892075986e8, 5.0420753416013736e8
1.718735150644778e8, 2.497342215339685e8
4.0947080550307024e8, 4.899971993523276e8
1.3488392086504427e8, 3.5711630084981704e8
5.342457415415507e8, 6.335908080825006e8
5.623254653282759e8, 6.342581481695738e8
3.985862900883346e8, 6.866736362922812e8
2.3317411351669323e8, 3.0596652167225087e8
2.3294629542193073e8, 3.68601522353007e8
1.707174729876587e8, 2.28855733397468e8
1.8853658359856638e8, 4.276741657346321e8
1.9235945402830648e8, 7.084084492802272e8
2.2872214813714394e8, 3.35784404171702e8
1.3905757786477792e8, 6.115588553012818e8
4.209572553673068e8, 5.118498065114454e8
2.0337247285258427e8, 4.140972477264151e8
2.011701337084556e8, 2.856283387757302e8
1.6090311304772386e8, 3.271553206792985e8
1.2551893579691315e8, 2.330131956260139e8
1.4347847478901715e9, 1.5116260064053733e9
6.49018107683889e8, 7.536346927530322e8
2.271225095849686e8, 2.789724898389113e8
1.664765897832742e8, 2.303900175089845e8
1.5292079934941426e8, 2.3471626035844022e8
2.8790776686033404e8, 6.097069689568778e8
1.4284670512522042e8, 2.398721908214561e8
1.7468528718240002e8, 2.3927150919264266e8
1.678458302323714e8, 2.4809832910978884e8
3.586817833202784e8, 5.091630324703697e8
1.5943357392628178e8, 3.8606433335673e8
1.3918492865027812e8, 2.5637211654155597e8
2.5086060134663898e8, 3.323182346343728e8
3.739856728436411e8, 5.750831052425675e8
3.423429431429218e8, 6.871911821212733e8
1.5929844641868857e8, 3.570390932007442e8
5.82630224632375e8, 1.085516594116052e9
4.113165870947666e8, 7.522130528097724e8
3.3083152173928994e8, 6.479124492418511e8
2.270488721392128e8, 3.5786639335831904e8
1.5957731099131057e8, 2.768265018386456e8
1.352806821756871e8, 2.1162029011991227e8
3.973692842066237e8, 4.841312452263628e8
1.210357352048065e8, 2.732907887604811e8
1.6628612233304754e8, 2.3384183931784576e8
7.576262694489703e8, 8.588383063510629e8
2.1688542454706976e8, 3.0536175727130824e8
1.2292335471131949e8, 3.36836803697686e8
2.502847171040196e8, 3.5603580214596003e8
1.4952979041404107e8, 2.791105171535603e8
1.9031035577303478e8, 3.371089757636346e8
2.6766395531092843e8, 4.1224216125814265e8
1.8418294843503422e8, 3.176451307082291e8
4.245328690980904e8, 5.906049124730095e8
7.288162033888243e8, 8.977375985375272e8
1.2784729508959158e8, 1.979066770672654e8
2.7385858466924685e8, 3.692845072603617e8
3.109832631647396e8, 5.740610122373302e8
6.83588185631904e8, 1.0042491430857614e9
1.885537376311812e8, 3.3608289347889805e8
3.97564002819332e8, 5.3388937663785756e8
1.515434264337113e8, 2.446593564129612e8
2.7577992801000357e8, 5.238759458792138e8
7.849127000216799e8, 8.537694705319351e8
9.092109026112986e8, 1.1002191810202408e9
2.903891176157362e8, 8.12704337841331e8
2.5217188603074825e8, 3.2113151092369086e8
1.3873432234298518e8, 3.589052446022207e8
1.209083188322206e8, 2.615768655753902e8
3.1711965930644214e8, 4.558901222845695e8
1.397868691156974e8, 2.0854500710420826e8
1.9361109587512025e8, 5.2746663166486686e8
1.9804554908890706e8, 3.966490435701782e8
3.063543077707456e8, 4.0824180542406833e8
1.5318057993079352e8, 4.050514278902601e8
1.3831867946300164e8, 1.9589649331927246e8
1.579307989774673e8, 4.306828037640199e8
2.5148170949151105e8, 5.415859789417561e8
1.6109037147503513e8, 3.130821272973461e8
1.5577001352143475e8, 2.6117669083983794e8
1.5593425474885646e8, 2.6493050746935508e8
4.351318950298182e8, 5.2723736774341786e8
8.692004744546839e8, 9.52687708295044e8
2.809113346535156e8, 5.168332226358086e8
1.569034092670581e8, 2.4623620111372736e8
2.2557313222194698e8, 3.0888992576353323e8
1.4947713187971044e8, 3.507097969026798e8
3.022445123444311e8, 3.539249303349917e8
2.972587650378667e8, 5.840995825481988e8
8.776139079616727e8, 1.0761249370612388e9
5.239111912892712e8, 6.976686122921457e8
2.513012223867784e8, 3.7511680003710985e8
4.7703178929470086e8, 8.114853314601401e8
1.9505564200109485e8, 2.9830474135848165e8
2.1409332463549414e8, 3.1423977392453015e8
1.4983264543016043e8, 2.9671706322671264e8
6.840471444433396e8, 7.891409090461775e8
1.3755333105959263e8, 3.037256476751775e8
1.3317141355482231e8, 3.217052769624313e8
2.3826299794167718e8, 2.920983658776676e8
3.795709721112071e8, 5.2190276409622025e8
1.3160901819911018e8, 3.0970938610519415e8
1.1789177822682351e8, 1.9223419381316453e8
1.5784154402970502e8, 4.557442192640349e8
3.538662654190959e8, 6.000881629799944e8
3.9470588034902173e8, 6.592838177757318e8
5.383939211622208e8, 6.380144439181262e8
1.3300379577586533e8, 1.894376178116895e8
2.4375179618615624e8, 3.2340239629626024e8
2.7666045766664803e8, 4.598701901239905e8
1.2116238703943206e8, 1.9505535889211747e8
1.512787681890692e8, 2.5561328812381217e8
1.3586050986876294e8, 2.0248531338253078e8
1.5354926298186246e8, 1.991275602784466e8
1.465675422771568e8, 2.8134462091857666e8
2.99431946241312e8, 3.923668509247431e8
1.560576640429079e8, 2.661472724159693e8
1.7557402772606462e8, 2.3981176787762922e8
1.2956443535377848e8, 2.9358998534526974e8
2.5711029767456523e8, 3.25708073055622e8
2.396966851756938e8, 4.1705997772299194e8
1.3779658942046347e8, 2.009800707875645e8
3.270448474984095e8, 5.867975295244136e8
1.4507761148862186e8, 2.4385695287134928e8
6.726285705669756e8, 9.947324239845717e8
1.7771563688905734e8, 2.6454093651630145e8
3.309578003901794e8, 5.2960902886455405e8
1.791581071214451e8, 2.9298703710076314e8
1.4117295701202112e8, 2.7955234832033616e8
3.469903147758609e8, 6.652737706745468e8
1.9830944817062232e8, 3.117293213961103e8
2.6123485025550777e8, 4.016560518082852e8
1.0899219841343263e8, 2.3287995085125226e8
2.5581466595553124e8, 3.4183242089267975e8
1.1007348178953332e8, 1.8964844500949132e8
3.767867615253347e8, 5.0777525278035057e8
2.6368220577636784e8, 4.885139428616323e8
2.159115460620958e8, 3.48456670825919e8
3.5131714359723634e8, 8.405250285992064e8
1.9467322992391735e8, 3.3887237167158896e8
5.895193849789953e8, 9.69690368921213e8
2.7984554992939246e8, 3.8101483407356447e8
3.3075973374570346e8, 7.99807059163645e8
4.0393637293853503e8, 6.928360893285745e8
2.1743247561838594e8, 2.9281206589156926e8
1.58410947387684e8, 2.140773888321136e8
4.52207847130967e8, 5.075056246549673e8
3.2821028805411476e8, 4.4595240133205587e8
1.0545145960543096e8, 2.2193221845007378e8
2.6755170024734798e8, 3.399699791204679e8
1.0487162992648149e8, 2.8449964541277796e8
1.614995093624848e8, 3.088174420196889e8
2.508967497272467e8, 5.374974865539886e8
2.2228468439228356e8, 4.067775448069424e8
2.2249781798515883e8, 3.346909112327153e8
2.7233519200648147e8, 5.781140697800227e8
1.4360440409077054e8, 2.9756332166709083e8
2.0591359946535078e8, 3.822307178020117e8
2.2141547852409458e8, 3.179806945318671e8
4.6821404667204237e8, 5.871140695912962e8
1.9449238246307504e8, 3.3959065666088855e8
3.2089450436008346e8, 5.098980428189477e8
1.8677188319532892e8, 4.4746611554091066e8
2.6372385614911e8, 4.3102126327545136e8
3.219691612727964e8, 5.1520596057573617e8
8.839538521721741e8, 1.3065607209298193e9
1.3813564050711676e8, 1.9052488429645234e8
2.1567048169718263e8, 3.8069268668930584e8
1.6513074574204096e8, 2.6852987951738924e8
1.3365497049397206e8, 1.8426873196985334e8
1.5293767094529134e8, 2.103260970837868e8
1.4257143437257975e8, 3.300387136240166e8
9.959579230184388e7, 1.6576443902558044e8
3.6311957075048333e8, 4.410865909676747e8
3.076752765606818e8, 3.732788195471215e8
5.3171035677432406e8, 5.989960646612107e8
3.156367773849922e8, 4.68356525708627e8
1.5920232430291393e8, 2.6670531781398022e8
2.1758814493786964e8, 2.8411057202686363e8
1.6528630525586888e8, 2.2427597078809345e8
3.7630583408367544e8, 4.914628883463888e8
1.393894966207958e8, 1.8190191711450338e8
1.269577829963053e8, 7.787691821549982e8
1.4322610645029804e8, 2.7819427846387327e8
4.131675674693095e8, 5.667787061504079e8
3.395476742171116e8, 6.491275674050375e8
6.047743612091506e8, 7.107206538945287e8
1.8887414050026023e8, 2.992847946722283e8
1.2111418788201492e8, 2.0741234929184872e8
1.456233718307366e8, 3.403485045342525e8
4.418801328336699e8, 5.309313655041515e8
1.1150798108834383e8, 2.09579253433467e8
1.8748779167480925e8, 4.314232681661288e8
2.9145118987820256e8, 5.401242895625907e8
2.863304274138374e8, 4.563234384329541e8
4.081213054310229e8, 7.349142425811818e8
2.769125973707512e8, 3.397751713869263e8
3.7116068807354224e8, 4.3415496873959756e8
4.284968981380087e8, 5.887056559167001e8
1.4939227025997934e8, 3.7047204722266483e8
2.0034189472906184e8, 2.6234269094231722e8
2.0667177811343563e8, 3.010607949515222e8
2.6321643303781426e8, 5.509711539338748e8
2.1539611090658638e8, 4.7866443283542675e8
1.0837714176679818e8, 4.2313263806122416e8
2.04039916494509e8, 4.3167892969442743e8
1.426107714605075e8, 7.015651056790928e8
3.673463233901053e8, 4.7824989757776976e8
1.5686728778953224e8, 4.4600714663117844e8
1.564013983769029e8, 3.734161367857814e8
1.1899021697913235e8, 2.4344390757771552e8
2.010786253528517e8, 3.306222741042178e8
7.238952516287969e8, 8.452962324902259e8
6.438130276043916e8, 7.959126623150575e8
3.0373878569667083e8, 4.075406607742101e8
3.8841669172911394e8, 4.567207695032981e8
4.0197336929375815e8, 4.916945974129692e8
1.7750711778320602e8, 2.8670433520018935e8
7.092920956182992e8, 9.700087363267903e8
1.542093499971697e8, 2.6153542223377562e8
5.667197718817472e8, 6.626343664879373e8
2.1419620240106598e8, 3.1628608725331926e8
4.3776117323291063e8, 5.418158135821418e8
2.504836421088596e8, 3.692463750080129e8
3.0925000234505886e8, 3.7605231660321385e8
1.8800232710159826e8, 2.7108590204007286e8
2.6260967626232815e8, 4.406162373756798e8
1.362177077660488e8, 2.2610269019808704e8
2.0855974906257373e8, 3.0700026769034094e8
4.847388165759261e8, 6.22979527170525e8
8.108330907042401e8, 8.817396000938641e8
5.1501421446873367e8, 6.73478683210383e8
3.7704239522487503e8, 5.274761659563647e8
6.050362969172535e8, 1.0201710436327071e9
2.4423330836701888e8, 5.273705261716474e8
1.7997081399740762e8, 3.1467938932276124e8
2.753493538009357e8, 3.829617480579426e8
1.7437078626444462e8, 2.4352289628211334e8
2.1313350702943492e8, 2.816998204364046e8
4.4887923584717745e8, 5.749245333148534e8
2.3851632883853123e8, 4.613655549879391e8
2.715217375832749e8, 5.629091017627618e8
2.2318061494049639e8, 3.6640837625435466e8
1.575637011139901e8, 4.527663620134585e8
3.4217180054055357e8, 4.9717246306820834e8
2.4858170477787045e8, 3.459381182323893e8
1.4633337401732677e8, 2.454980747275309e8
2.785724610657999e8, 3.4552774147979724e8
4.4864759751694477e8, 7.640381545127292e8
1.7813601178493235e8, 2.7217008622909033e8
3.0301174818745893e8, 3.9461143561100286e8
3.528715643858053e8, 4.634212612309209e8
2.0782459478687432e8, 3.8939500130636287e8
8.36025761556279e8, 1.2915878436346061e9
1.9506568790895617e8, 3.004169076600795e8
1.371846900998635e8, 2.8403132503887606e8
2.0264676373858842e8, 2.9230222070999503e8
1.8264300651923534e8, 3.966248865095498e8
1.6404237162388486e8, 2.5874857366678554e8
3.757567631384672e8, 4.9956556828709286e8
2.1018206314656973e8, 2.8788687912588716e8
4.007061910777462e8, 4.671695959180308e8
6.745180459922433e8, 1.1827119747056775e9
1.8558802657118836e8, 3.036860309144772e8
3.560893774447595e8, 4.29385009843588e8
1.7497948064516023e8, 4.057406316279772e8
1.544243553604733e8, 4.7664748565213174e8
1.3452387949772227e9, 1.5315810086540642e9
4.756698527227072e8, 6.011935249662373e8
1.3692513672820756e8, 2.2275071392891124e8
4.6836204205451167e8, 7.540533248207496e8
2.0241165702412736e8, 4.730554323847804e8
1.908701127852119e8, 3.0685088729392153e8
5.697045429206095e8, 6.514101263509735e8
1.9037259458620062e8, 2.533044115802901e8
2.4512459133813018e8, 3.96063422304455e8
2.421074608308013e8, 4.212855611483018e8
1.468750651634779e8, 2.540685956717374e8
2.0555631793508273e8, 2.815713232324441e8
2.183471029103913e8, 2.956190199374416e8
1.8268579738312274e8, 2.4974235915055346e8
2.2699951315291876e8, 7.38158117079385e8
2.3076922853986382e8, 3.050108473965491e8
5.813263961733205e8, 6.398776226709244e8
2.1155616488537067e8, 3.291917004159485e8
5.1209322986792827e8, 6.927910373005463e8
3.8766240467798525e8, 4.485332694804751e8
1.1164907638060883e8, 1.8904831208237296e8
2.6752343712655854e8, 3.59423681164396e8
1.500211094709686e8, 2.338437504044425e8
1.5560157344987416e8, 2.494221427166881e8
2.0935309542812827e8, 2.7836160890536046e8
1.209253969268239e8, 2.0263796925711924e8
1.9825901518573374e8, 8.024660414096466e8
1.7848901212684038e8, 2.720706280422712e8
5.205276314693312e8, 6.098378695576545e8
1.254419699281238e8, 2.2079698463732132e8
1.3267873655815648e8, 3.501603078339874e8
1.648712534961177e8, 2.4072391237179506e8
1.6564306045973462e8, 4.362270498679399e8
