(1,88066.42)
(2,114132.69)
(3,134757.35)
(4,141394.61)
(5,138767.38)
(6,130948.49)
(7,118827.38)
(8,103323.96)
(9,88092.98)
(10,74188.34)
(11,67396.37)
(12,74654.79)
(13,93529.1)
(14,115875.83)
(15,135794.39)
(16,141238.81)
(17,138339.16)
(18,130376.91)
(19,117848.72)
(20,102256.25)
(21,87938.35)
(22,75221.33)
(23,67456.22)
(24,72670.0)
(25,93018.09)
(26,115617.28)
(27,133284.83)
(28,139750.23)
(29,136239.49)
(30,126492.65)
(31,114414.05)
(32,98615.13)
(33,84050.55)
(34,71206.96)
(35,62343.49)
(36,69604.48)
(37,90494.14)
(38,113664.06)
(39,131903.49)
(40,138407.0)
(41,135804.1)
(42,127559.22)
(43,115872.8)
(44,100513.47)
(45,86209.23)
(46,72458.31)
(47,64108.89)
(48,70237.18)
(49,92439.58)
(50,115293.65)
(51,133969.92)
(52,139044.83)
(53,134799.15)
(54,125499.51)
(55,114383.71)
(56,98763.12)
(57,84360.58)
(58,72384.38)
(59,65179.23)
(60,70825.79)
(61,93345.79)
(62,117825.24)
(63,135361.42)
(64,140491.86)
(65,138529.76)
(66,131372.03)
(67,120518.07)
(68,105084.54)
(69,89917.34)
(70,77401.11)
(71,70166.26)
(72,77003.36)
(73,96306.25)
(74,117798.5)
(75,137298.94)
(76,144694.85)
(77,142105.07)
(78,133769.73)
(79,122586.99)
(80,106164.8)
(81,91542.05)
(82,77312.53)
(83,68850.66)
(84,76339.07)
(85,96602.34)
(86,121487.11)
(87,140414.24)
(88,145890.12)
(89,142192.38)
(90,133417.81)
(91,121014.13)
(92,104811.54)
(93,88450.69)
(94,76364.89)
(95,69251.87)
(96,74554.1)
(97,95286.68)
(98,119279.27)
(99,137488.54)
(100,143440.5)
(101,140007.38)
(102,130203.92)
(103,117280.94)
(104,99237.06)
(105,81392.04)
(106,67376.14)
(107,58027.21)
(108,63618.22)
(109,82430.1)
(110,103057.94)
(111,119638.5)
(112,122744.74)
(113,115945.42)
(114,102951.48)
(115,86113.08)
(116,64972.21)
(117,44811.57)
(118,27466.0)
(119,14862.84)
(120,15381.92)
###################
(1,66283.57)
(2,69644.52)
(3,74748.15)
(4,72165.33)
(5,69729.03)
(6,64252.62)
(7,49421.44)
(8,30452.72)
(9,9547.91)
(10,0.0)
(11,0.0)
(12,2434.74)
(13,10866.37)
(14,22519.06)
(15,33477.86)
(16,36939.25)
(17,37584.17)
(18,28431.38)
(19,17036.97)
(20,10897.46)
(21,3551.26)
(22,0.0)
(23,0.0)
(24,225.13)
(25,12546.05)
(26,23980.47)
(27,32197.28)
(28,31588.14)
(29,38617.66)
(30,34039.22)
(31,22322.08)
(32,10040.28)
(33,0.0)
(34,0.0)
(35,0.0)
(36,1596.41)
(37,14681.98)
(38,21243.01)
(39,31462.28)
(40,34682.2)
(41,39888.53)
(42,34478.21)
(43,23705.81)
(44,15793.75)
(45,4273.13)
(46,0.0)
(47,0.0)
(48,0.0)
(49,10031.19)
(50,18804.29)
(51,26424.32)
(52,29790.16)
(53,38967.5)
(54,33536.52)
(55,19489.05)
(56,10045.85)
(57,971.27)
(58,0.0)
(59,0.0)
(60,0.0)
(61,6961.16)
(62,19592.67)
(63,30284.37)
(64,29850.37)
(65,37240.75)
(66,33363.85)
(67,28150.99)
(68,18337.74)
(69,7822.07)
(70,0.0)
(71,0.0)
(72,2791.57)
(73,14311.89)
(74,22809.48)
(75,30951.76)
(76,34171.68)
(77,38308.46)
(78,34355.88)
(79,25069.33)
(80,14179.66)
(81,1304.12)
(82,0.0)
(83,0.0)
(84,631.77)
(85,14971.01)
(86,24314.18)
(87,27734.05)
(88,30597.64)
(89,33529.66)
(90,29245.75)
(91,21012.69)
(92,9610.48)
(93,0.0)
(94,0.0)
(95,0.0)
(96,696.19)
(97,11859.4)
(98,23064.15)
(99,30166.53)
(100,31202.4)
(101,36128.86)
(102,32738.74)
(103,21031.8)
(104,13982.27)
(105,4018.03)
(106,0.0)
(107,0.0)
(108,528.59)
(109,7441.64)
(110,16042.06)
(111,24912.9)
(112,29068.61)
(113,37739.07)
(114,31428.47)
(115,23896.25)
(116,13170.82)
(117,4057.48)
(118,0.0)
(119,0.0)
(120,0.0)
###################
(1,115165.87)
(2,154216.13)
(3,191160.43)
(4,200717.6)
(5,200436.9)
(6,200717.6)
(7,193524.12)
(8,180838.43)
(9,172982.98)
(10,157261.49)
(11,152142.9)
(12,161916.5)
(13,180886.69)
(14,197605.32)
(15,200717.6)
(16,200717.6)
(17,200717.6)
(18,200717.6)
(19,192167.78)
(20,177385.22)
(21,162086.28)
(22,157727.65)
(23,148977.45)
(24,159409.21)
(25,183731.39)
(26,200717.6)
(27,200717.6)
(28,200717.6)
(29,200717.6)
(30,200608.01)
(31,191566.84)
(32,179074.03)
(33,165556.44)
(34,154685.15)
(35,140525.26)
(36,153915.35)
(37,177026.32)
(38,199676.91)
(39,200717.6)
(40,200717.6)
(41,200717.6)
(42,200717.6)
(43,191713.35)
(44,180864.13)
(45,163748.31)
(46,153233.93)
(47,140562.78)
(48,154363.17)
(49,177006.54)
(50,200717.6)
(51,200717.6)
(52,200717.6)
(53,200717.6)
(54,197356.46)
(55,189081.09)
(56,171486.38)
(57,159381.85)
(58,148124.95)
(59,138454.02)
(60,148309.18)
(61,174772.37)
(62,199871.13)
(63,200717.6)
(64,200717.6)
(65,200717.6)
(66,200717.6)
(67,193053.56)
(68,180950.76)
(69,166870.8)
(70,158243.7)
(71,152940.91)
(72,160601.22)
(73,178604.96)
(74,194733.88)
(75,200717.6)
(76,200717.6)
(77,200717.6)
(78,200717.6)
(79,194058.23)
(80,181699.26)
(81,169739.85)
(82,158617.01)
(83,152899.84)
(84,166064.92)
(85,182961.03)
(86,200717.6)
(87,200717.6)
(88,200717.6)
(89,200717.6)
(90,200185.19)
(91,192131.53)
(92,175871.43)
(93,160015.58)
(94,147653.6)
(95,136768.54)
(96,148603.4)
(97,164906.04)
(98,190750.24)
(99,200717.6)
(100,200717.6)
(101,200717.6)
(102,195340.9)
(103,183116.13)
(104,165913.52)
(105,146806.74)
(106,132803.57)
(107,121272.5)
(108,126506.9)
(109,154561.08)
(110,178764.74)
(111,197822.81)
(112,197852.14)
(113,187861.44)
(114,169036.8)
(115,149101.1)
(116,125358.07)
(117,101662.53)
(118,74021.57)
(119,56019.79)
(120,58622.11)
###################
