(1,53442.7)
(2,55993.45)
(3,53589.86)
(4,41071.78)
(5,29528.03)
(6,24057.8)
(7,20591.56)
(8,17428.74)
(9,17334.36)
(10,21285.26)
(11,27289.76)
(12,41066.44)
(13,56629.88)
(14,59480.9)
(15,55901.7)
(16,42079.98)
(17,29810.17)
(18,25650.66)
(19,20864.15)
(20,17585.92)
(21,17742.67)
(22,21219.55)
(23,26448.02)
(24,39882.32)
(25,54956.29)
(26,59218.54)
(27,53939.89)
(28,41465.04)
(29,30737.42)
(30,26635.38)
(31,22003.95)
(32,18702.22)
(33,18838.17)
(34,22191.29)
(35,28124.61)
(36,43498.46)
(37,59175.0)
(38,61149.55)
(39,57624.77)
(40,43843.15)
(41,30981.02)
(42,26314.01)
(43,21434.67)
(44,17854.89)
(45,18058.54)
(46,23449.56)
(47,29209.73)
(48,43285.29)
(49,59332.34)
(50,62329.75)
(51,57407.5)
(52,42819.44)
(53,31107.04)
(54,26969.18)
(55,22259.93)
(56,18484.27)
(57,18803.69)
(58,22795.98)
(59,28429.17)
(60,41539.14)
(61,55861.2)
(62,59662.33)
(63,57000.2)
(64,42562.97)
(65,30140.48)
(66,25963.45)
(67,21694.24)
(68,18175.08)
(69,17612.7)
(70,21906.6)
(71,28080.2)
(72,41945.53)
(73,55950.27)
(74,60502.52)
(75,55849.72)
(76,42083.24)
(77,31011.73)
(78,26797.6)
(79,21946.12)
(80,18102.95)
(81,18469.77)
(82,22237.9)
(83,28149.68)
(84,44421.82)
(85,60019.46)
(86,60583.0)
(87,57028.1)
(88,43102.4)
(89,31507.76)
(90,27723.82)
(91,22005.0)
(92,18504.39)
(93,18693.07)
(94,22249.83)
(95,28140.4)
(96,40983.75)
(97,54580.94)
(98,58183.43)
(99,55563.74)
(100,42974.8)
(101,30810.09)
(102,26177.82)
(103,21696.67)
(104,17658.24)
(105,17590.81)
(106,22621.03)
(107,29761.8)
(108,44655.63)
(109,61449.67)
(110,61296.86)
(111,58532.63)
(112,43786.27)
(113,31911.03)
(114,27413.27)
(115,22806.89)
(116,19166.71)
(117,19682.67)
(118,22849.88)
(119,27673.63)
(120,42112.01)
###################
(1,53442.7)
(2,35229.29)
(3,33781.2)
(4,26674.13)
(5,19315.41)
(6,13965.3)
(7,13635.41)
(8,12143.35)
(9,9691.33)
(10,12411.03)
(11,16918.53)
(12,25454.22)
(13,32341.21)
(14,34705.87)
(15,32988.98)
(16,26619.75)
(17,19203.1)
(18,14766.08)
(19,13464.14)
(20,11808.66)
(21,9934.75)
(22,12045.71)
(23,15907.71)
(24,25708.2)
(25,33338.9)
(26,32859.81)
(27,32442.1)
(28,26628.83)
(29,20293.6)
(30,15495.76)
(31,14344.75)
(32,12732.04)
(33,10425.55)
(34,12653.84)
(35,18032.81)
(36,27400.14)
(37,34483.35)
(38,34765.62)
(39,35158.27)
(40,27803.35)
(41,20089.37)
(42,15253.27)
(43,14018.04)
(44,12236.1)
(45,9902.84)
(46,13379.0)
(47,17814.32)
(48,26605.65)
(49,33741.35)
(50,35442.58)
(51,32833.81)
(52,26116.38)
(53,18950.65)
(54,14803.89)
(55,14624.79)
(56,12600.09)
(57,10331.49)
(58,13572.28)
(59,17845.18)
(60,25461.4)
(61,33251.01)
(62,32775.3)
(63,31959.77)
(64,26332.53)
(65,19516.1)
(66,15385.87)
(67,14375.76)
(68,12369.2)
(69,9876.62)
(70,12855.76)
(71,17500.95)
(72,26543.86)
(73,33558.72)
(74,34229.24)
(75,31898.31)
(76,25893.02)
(77,19798.46)
(78,15312.18)
(79,14221.97)
(80,12341.2)
(81,9822.44)
(82,12735.22)
(83,17886.6)
(84,27365.97)
(85,36627.24)
(86,34903.22)
(87,34915.31)
(88,27785.21)
(89,20287.85)
(90,15639.38)
(91,14197.82)
(92,12260.43)
(93,9909.51)
(94,12338.97)
(95,17957.48)
(96,24742.4)
(97,31726.91)
(98,33361.81)
(99,32132.7)
(100,26870.53)
(101,19652.46)
(102,15049.65)
(103,14067.65)
(104,12158.3)
(105,9860.43)
(106,13581.55)
(107,19680.72)
(108,27453.93)
(109,36096.88)
(110,33700.72)
(111,34654.01)
(112,26612.3)
(113,20911.64)
(114,16111.42)
(115,14972.56)
(116,13103.84)
(117,11401.76)
(118,12993.8)
(119,16964.08)
(120,26203.15)
###################
(1,53442.7)
(2,81720.34)
(3,79491.27)
(4,60760.55)
(5,43473.59)
(6,39292.08)
(7,30721.67)
(8,24914.75)
(9,28410.84)
(10,34642.24)
(11,43087.23)
(12,64701.68)
(13,90142.07)
(14,95328.9)
(15,87044.84)
(16,64401.02)
(17,45133.78)
(18,41324.06)
(19,30698.42)
(20,25279.34)
(21,29010.31)
(22,34555.53)
(23,39034.92)
(24,59394.5)
(25,83335.46)
(26,97773.81)
(27,85331.55)
(28,63454.13)
(29,45816.39)
(30,42114.64)
(31,32849.42)
(32,26857.79)
(33,30572.18)
(34,36511.67)
(35,42412.78)
(36,66394.99)
(37,90793.19)
(38,95967.86)
(39,88028.84)
(40,65178.99)
(41,45927.47)
(42,41464.62)
(43,31854.25)
(44,25472.05)
(45,29715.71)
(46,38647.64)
(47,44644.97)
(48,65518.64)
(49,93192.18)
(50,101985.6)
(51,92182.8)
(52,66078.48)
(53,47707.29)
(54,43463.32)
(55,33461.88)
(56,26838.08)
(57,30831.53)
(58,36542.8)
(59,43307.41)
(60,61259.2)
(61,88801.74)
(62,97062.07)
(63,91469.43)
(64,64164.85)
(65,44640.05)
(66,41635.95)
(67,32033.52)
(68,25823.49)
(69,28492.92)
(70,35139.02)
(71,42073.34)
(72,62762.52)
(73,86061.37)
(74,99956.96)
(75,90786.37)
(76,65471.84)
(77,46866.7)
(78,44546.77)
(79,33388.01)
(80,26156.94)
(81,30224.22)
(82,35910.96)
(83,42550.34)
(84,67959.58)
(85,93360.23)
(86,96484.12)
(87,90784.82)
(88,65936.32)
(89,47252.35)
(90,43979.84)
(91,32870.08)
(92,26966.86)
(93,30964.42)
(94,37021.08)
(95,42852.6)
(96,62069.83)
(97,82957.29)
(98,92042.82)
(99,86991.87)
(100,65227.81)
(101,46720.26)
(102,42186.3)
(103,31997.92)
(104,25126.0)
(105,28737.28)
(106,35483.55)
(107,43906.64)
(108,70157.3)
(109,94707.39)
(110,103904.6)
(111,93286.18)
(112,67506.05)
(113,47463.2)
(114,43998.37)
(115,34049.87)
(116,27846.68)
(117,31533.42)
(118,37207.52)
(119,42807.53)
(120,64538.15)
###################
(1,53442.7)
(2,22281.99)
(3,20734.89)
(4,18324.22)
(5,13318.06)
(6,8085.69)
(7,8722.0)
(8,8308.69)
(9,5855.93)
(10,9012.04)
(11,12273.54)
(12,18201.28)
(13,22932.77)
(14,21748.61)
(15,20327.9)
(16,18111.54)
(17,11974.29)
(18,8198.31)
(19,9451.04)
(20,8876.99)
(21,4927.69)
(22,7609.51)
(23,11024.62)
(24,18122.75)
(25,23400.38)
(26,17891.53)
(27,24601.53)
(28,19011.64)
(29,13600.01)
(30,8501.11)
(31,9710.03)
(32,8760.55)
(33,5060.56)
(34,8798.6)
(35,11371.64)
(36,18585.31)
(37,19238.04)
(38,21347.75)
(39,24439.02)
(40,19599.4)
(41,13149.07)
(42,8902.22)
(43,8687.1)
(44,9265.99)
(45,5072.03)
(46,8330.09)
(47,12500.71)
(48,16200.69)
(49,21299.31)
(50,23454.5)
(51,22075.68)
(52,18437.08)
(53,13078.01)
(54,7927.12)
(55,10614.93)
(56,8361.89)
(57,4837.52)
(58,8838.3)
(59,11998.38)
(60,15916.91)
(61,19736.7)
(62,19108.03)
(63,19457.17)
(64,14954.47)
(65,13765.87)
(66,8658.86)
(67,10625.74)
(68,8999.0)
(69,4701.57)
(70,6938.08)
(71,9594.29)
(72,17775.94)
(73,25177.29)
(74,19695.54)
(75,21462.43)
(76,16774.03)
(77,14365.95)
(78,9138.6)
(79,10195.46)
(80,8922.95)
(81,4284.83)
(82,8770.01)
(83,12871.49)
(84,16902.18)
(85,23206.19)
(86,26265.58)
(87,26444.23)
(88,21065.39)
(89,12516.64)
(90,9367.34)
(91,9278.45)
(92,9452.5)
(93,6497.63)
(94,8706.15)
(95,11549.87)
(96,17889.31)
(97,19032.02)
(98,17925.49)
(99,18774.72)
(100,18965.97)
(101,14888.46)
(102,8761.49)
(103,9316.8)
(104,8532.48)
(105,5505.74)
(106,9419.46)
(107,13095.99)
(108,18047.86)
(109,24747.64)
(110,21668.29)
(111,23892.15)
(112,16559.04)
(113,13382.96)
(114,8583.75)
(115,10435.62)
(116,9388.92)
(117,7368.9)
(118,8412.84)
(119,11760.71)
(120,16398.44)
###################
