(1,87155.29)
(2,110513.52)
(3,131364.53)
(4,139642.04)
(5,136860.41)
(6,128519.07)
(7,117022.86)
(8,101789.19)
(9,86311.82)
(10,73055.11)
(11,64655.26)
(12,72507.83)
(13,95367.58)
(14,120861.32)
(15,140579.04)
(16,147317.38)
(17,144916.0)
(18,138130.27)
(19,126741.77)
(20,110499.89)
(21,94214.82)
(22,80808.49)
(23,72196.4)
(24,78488.22)
(25,100025.71)
(26,123500.33)
(27,141218.37)
(28,147396.49)
(29,144956.03)
(30,138500.48)
(31,127160.83)
(32,111082.6)
(33,95616.62)
(34,82134.36)
(35,73787.44)
(36,81965.76)
(37,105719.92)
(38,130882.17)
(39,150619.92)
(40,157966.44)
(41,155304.15)
(42,147934.19)
(43,135040.88)
(44,118805.03)
(45,103208.72)
(46,91329.87)
(47,83629.33)
(48,91487.93)
(49,114667.18)
(50,137838.49)
(51,154322.37)
(52,158897.84)
(53,156607.63)
(54,149783.31)
(55,138575.97)
(56,122894.15)
(57,107963.63)
(58,95904.95)
(59,88137.72)
(60,94813.52)
(61,115267.47)
(62,138108.99)
(63,155905.67)
(64,161629.08)
(65,159497.0)
(66,153054.79)
(67,141742.16)
(68,126063.54)
(69,109962.56)
(70,96637.89)
(71,88032.61)
(72,95041.74)
(73,116437.12)
(74,139447.42)
(75,156310.88)
(76,161489.05)
(77,159049.45)
(78,152279.54)
(79,140884.17)
(80,124643.13)
(81,109117.25)
(82,95810.26)
(83,86559.95)
(84,93808.85)
(85,116615.44)
(86,138658.25)
(87,155611.55)
(88,160928.7)
(89,158615.5)
(90,152110.68)
(91,140037.08)
(92,123490.68)
(93,107271.15)
(94,93450.84)
(95,84135.05)
(96,89134.23)
(97,109276.81)
(98,131767.95)
(99,149587.81)
(100,155522.19)
(101,152379.02)
(102,144542.25)
(103,131629.38)
(104,113497.72)
(105,96091.68)
(106,82196.26)
(107,73728.98)
(108,80729.01)
(109,102852.28)
(110,123082.43)
(111,138424.29)
(112,140689.16)
(113,132765.16)
(114,119994.24)
(115,102444.5)
(116,80405.63)
(117,58795.97)
(118,39610.55)
(119,22366.95)
(120,21378.87)
###################
(1,87155.29)
(2,94046.92)
(3,99715.54)
(4,98154.09)
(5,88828.63)
(6,74894.33)
(7,60171.16)
(8,41974.05)
(9,24764.77)
(10,11888.4)
(11,2141.89)
(12,7584.79)
(13,26618.45)
(14,44517.94)
(15,60354.48)
(16,66254.53)
(17,61938.26)
(18,49829.15)
(19,38250.15)
(20,23347.35)
(21,9151.2)
(22,0.0)
(23,0.0)
(24,4216.74)
(25,23073.21)
(26,41470.59)
(27,55938.29)
(28,61437.5)
(29,57621.21)
(30,49739.69)
(31,40313.9)
(32,26594.19)
(33,13132.06)
(34,2336.29)
(35,0.0)
(36,7090.57)
(37,28257.62)
(38,50172.22)
(39,68167.47)
(40,76796.4)
(41,71219.32)
(42,61844.91)
(43,50065.15)
(44,35137.37)
(45,20590.88)
(46,9610.51)
(47,1232.11)
(48,12137.33)
(49,33660.36)
(50,53601.74)
(51,68909.71)
(52,71331.47)
(53,69130.42)
(54,59918.46)
(55,48134.17)
(56,34061.6)
(57,19785.88)
(58,9660.48)
(59,3332.79)
(60,12565.22)
(61,33973.34)
(62,54787.87)
(63,71199.68)
(64,77173.52)
(65,72557.43)
(66,63949.54)
(67,52965.99)
(68,36266.81)
(69,21188.29)
(70,10801.58)
(71,2170.43)
(72,11596.7)
(73,32091.84)
(74,54679.21)
(75,72328.36)
(76,76411.02)
(77,72751.52)
(78,64095.09)
(79,51497.18)
(80,36413.48)
(81,20514.8)
(82,7700.65)
(83,1350.38)
(84,11450.63)
(85,32806.49)
(86,55732.21)
(87,71380.39)
(88,75027.51)
(89,72613.31)
(90,63708.08)
(91,53797.66)
(92,39010.48)
(93,22119.32)
(94,10026.98)
(95,3509.98)
(96,10659.24)
(97,28122.78)
(98,46700.09)
(99,62553.86)
(100,64874.75)
(101,59861.32)
(102,50523.82)
(103,40555.39)
(104,28044.65)
(105,14794.1)
(106,4667.01)
(107,0.0)
(108,10408.89)
(109,33718.29)
(110,53592.88)
(111,72169.39)
(112,79302.63)
(113,75867.63)
(114,66395.12)
(115,53434.17)
(116,37088.83)
(117,21957.57)
(118,7615.15)
(119,0.0)
(120,0.0)
###################
(1,87155.29)
(2,130188.72)
(3,170070.18)
(4,191354.62)
(5,196291.02)
(6,195082.86)
(7,188076.88)
(8,174908.17)
(9,159661.8)
(10,146890.48)
(11,139525.51)
(12,149528.68)
(13,175532.46)
(14,200717.6)
(15,200717.6)
(16,200717.6)
(17,200717.6)
(18,200717.6)
(19,194902.56)
(20,180162.6)
(21,165744.7)
(22,154537.03)
(23,146149.32)
(24,154066.82)
(25,177668.44)
(26,200717.6)
(27,200717.6)
(28,200717.6)
(29,200717.6)
(30,200717.6)
(31,195950.36)
(32,182527.21)
(33,170031.19)
(34,159467.66)
(35,153051.12)
(36,161974.68)
(37,192713.24)
(38,200717.6)
(39,200717.6)
(40,200717.6)
(41,200717.6)
(42,200717.6)
(43,193792.64)
(44,178534.27)
(45,163566.83)
(46,153777.71)
(47,148691.68)
(48,160298.36)
(49,194480.03)
(50,200717.6)
(51,200717.6)
(52,200717.6)
(53,200717.6)
(54,200717.6)
(55,195175.16)
(56,183090.05)
(57,173145.93)
(58,166939.43)
(59,161015.84)
(60,170688.31)
(61,193785.93)
(62,200717.6)
(63,200717.6)
(64,200717.6)
(65,200717.6)
(66,200717.6)
(67,196773.53)
(68,183852.03)
(69,169765.68)
(70,159778.24)
(71,153110.77)
(72,162225.62)
(73,188998.78)
(74,200717.6)
(75,200717.6)
(76,200717.6)
(77,200717.6)
(78,200717.6)
(79,196588.5)
(80,184227.41)
(81,172818.85)
(82,160063.31)
(83,151120.19)
(84,164763.44)
(85,195867.82)
(86,200717.6)
(87,200717.6)
(88,200717.6)
(89,200717.6)
(90,200717.6)
(91,193001.92)
(92,177888.9)
(93,162888.29)
(94,151790.81)
(95,144006.46)
(96,153334.85)
(97,182437.99)
(98,200717.6)
(99,200717.6)
(100,200717.6)
(101,200717.6)
(102,200717.6)
(103,191320.53)
(104,173838.92)
(105,157681.39)
(106,144603.85)
(107,137926.67)
(108,149550.53)
(109,188535.39)
(110,200717.6)
(111,200717.6)
(112,200717.6)
(113,198361.22)
(114,190549.3)
(115,174320.67)
(116,151748.68)
(117,132612.98)
(118,114310.75)
(119,97412.73)
(120,103581.48)
###################
