1.3895147267849353e8, 1.9066923664191e8
1.7278292848350888e8, 2.1401420707012782e8
1.1875439982140702e8, 1.5647963774001956e8
1.733517813862913e8, 4.1860505236813945e8
1.836235381267822e8, 2.5381852920680964e8
1.0115196258432393e8, 1.6335827706372684e8
7.025579534136256e8, 8.62837085824474e8
1.2993599739189175e8, 2.3272017815469462e8
7.820487650065883e7, 1.440304385439908e8
2.6137740742339548e8, 3.517415392872762e8
2.8632041547922045e8, 4.7766126348081905e8
1.6352897923229253e8, 2.3773791138693523e8
1.487439615588289e8, 2.8452117790149873e8
1.4023272951654866e8, 1.8421378402782586e8
1.2736699998580118e8, 1.9332614220392883e8
1.5334226043381992e8, 4.1499784382037747e8
1.0763135686735772e8, 1.8326819207172057e8
1.0056188671971928e8, 1.3652505485888645e8
1.2764510808578189e8, 1.9737512732205755e8
1.4362510630429006e8, 4.5274337312692946e8
1.604175751251646e8, 2.4041510080035022e8
1.6987385986727786e8, 4.7072195315236646e8
1.1964201911724433e8, 1.6109314649175242e8
1.0757285133506766e8, 1.6692539926866868e8
2.579439617435783e8, 3.408867875247166e8
2.3030795389219263e8, 3.316071728919397e8
1.4927406320952585e8, 2.0228683280707747e8
1.5953270222447658e8, 1.9884010550031978e8
2.7571124576831114e8, 3.778985100079926e8
1.229684242407756e8, 2.0550222995425183e8
9.770276519577014e7, 1.6664509157257116e8
1.0431562960924159e8, 3.488866944023789e8
3.0568003575708365e8, 3.651589949722675e8
1.7512791402149436e8, 4.3462848816645706e8
1.6704835382844824e8, 2.6615895928408042e8
2.584748760998887e8, 3.5271376584822434e8
1.4227724975719786e8, 2.3316183980711183e8
2.4209056885178775e8, 3.518001919537121e8
1.463851343198388e8, 2.2517329033763295e8
1.4460130736862543e8, 2.898667104587381e8
1.4449052962632036e8, 2.252166339126715e8
1.9695067921684322e8, 2.443369097889724e8
2.0310564101829702e8, 3.643283344461832e8
9.372999049144626e7, 1.374630543561357e8
2.4364042621348697e8, 3.059577506270682e8
1.8380953661381102e8, 3.037806814539356e8
1.6658739543172893e8, 2.4922995053614125e8
4.5145545573487455e8, 5.783631762434505e8
1.1908105103383042e8, 2.5721677417268047e8
1.0750307528354533e8, 1.6762706493555462e8
1.763159379876276e8, 2.4471703796394277e8
1.1592619507659367e8, 2.439970829970697e8
1.113714670223507e8, 1.854578390157783e8
4.541759477834567e8, 5.0516884624776006e8
2.1446881739110294e8, 2.948071984203645e8
1.9594410523568732e8, 2.4410846516103745e8
5.429428583371258e8, 6.901235358332496e8
1.4301513934668082e8, 2.0098230566333428e8
3.3176908461093295e8, 4.2415506971232206e8
1.1149672864029686e8, 4.918981931397275e8
9.24573946191266e7, 2.1470003644009066e8
1.542343903601261e8, 2.6002264890749985e8
1.962131635677711e8, 3.4247099073966795e8
1.74157596894297e8, 2.2706532905104378e8
4.690562710090255e8, 5.130119720601103e8
1.364459409952483e8, 2.2972296744950306e8
1.3341872748582639e8, 2.3593642764704314e8
4.6036453034533435e8, 7.602663624288006e8
2.1779935588582045e8, 3.44824708467748e8
3.0079471463623273e8, 3.9644285064683884e8
6.207485332171265e8, 7.191180205815455e8
8.109672160832098e7, 1.7052861958312586e8
1.2595600450252828e8, 2.300806371649926e8
1.8417971185741425e8, 2.7882271425419766e8
2.1624497599756256e8, 3.204997731995955e8
6.789203298254614e8, 1.019167822209387e9
1.1736563400156407e8, 1.730046827204456e8
1.2870410885576454e8, 5.0054103663356215e8
9.419810111115539e7, 1.4448281868193182e8
1.4472575493385562e8, 3.351012983370038e8
1.6296619867490357e8, 1.9637508321103764e8
1.512211689772884e8, 2.111222798150974e8
1.8073921487938654e8, 2.4491958354207033e8
1.1538888336633444e8, 2.061031511168305e8
5.2085805784101516e8, 6.312959445923473e8
1.6099342310145074e8, 2.300093403381678e8
1.112205516488386e8, 1.5081529490307415e8
2.813722264039282e8, 3.39173546892721e8
1.5459579971443406e8, 2.44107259763943e8
1.3341793313311478e8, 2.1012141541813353e8
2.1871294806600064e8, 3.4498085207770365e8
1.3262731988380186e8, 2.161720147273599e8
2.1429327811986294e8, 5.382860850243034e8
1.08093462309455e8, 1.7864949613430768e8
1.8539586048340875e8, 3.1036325729350495e8
1.3861996222598872e8, 2.2419175929644853e8
1.9757265776937795e8, 2.6758843926182827e8
1.1776092915948136e8, 2.1358303690829805e8
1.4331543306614524e8, 2.4446284938008383e8
1.451629667005111e8, 1.791570195168016e8
1.6316199501282692e8, 2.5500759504032606e8
1.5583683558224645e8, 2.7084423124180293e8
2.0262272624515933e8, 2.9291811747363657e8
1.5523977510609564e8, 3.2043549661033475e8
1.4539088281967035e8, 2.1738886318304032e8
1.6028862605449787e8, 3.1535571600366616e8
1.3979307330607244e8, 2.5384038704368347e8
1.6677665602026346e8, 2.2400797289047912e8
3.1518351289819384e8, 4.0028478615993583e8
2.1042165938571e8, 2.515405935085346e8
1.6271824229213983e8, 2.4397524618873438e8
1.7293876855513704e8, 2.7797186398681873e8
1.3762916823487988e8, 2.224871093090142e8
1.3076319564286005e8, 1.8907217101013222e8
1.1112896721402992e8, 1.47642770243549e8
1.510310275501566e8, 2.1092509605995512e8
2.5360033935112962e8, 3.288626823205583e8
1.571025156184418e8, 2.0395569416371247e8
1.4535006699711558e8, 2.3525307401701996e8
1.3122743523870696e8, 2.1437430889770165e8
1.846113572738887e8, 4.105916407308849e8
2.1286571824251962e8, 2.683178387770145e8
2.1363329289414752e8, 2.6497136123391947e8
1.7457542259467068e8, 2.2752006540347347e8
1.1773664004555422e8, 1.871600571962134e8
2.1766356829871723e8, 2.7029024587475944e8
1.8124281705285588e8, 5.1593521962381786e8
1.674461656220823e8, 3.2667893172138315e8
1.5420717867960373e8, 2.613851448367746e8
1.561902064773839e8, 2.3012138179429555e8
9.40865948520721e7, 1.4679920806188932e8
1.1810692016194437e8, 1.8911697788653177e8
1.0482039064920875e8, 2.0069079872790924e8
2.497581440057926e8, 3.0147401142902017e8
3.927674005240936e8, 5.154649521772838e8
1.1589719998800936e8, 1.906331757861653e8
1.560486404056442e8, 2.191036699544333e8
2.393778208691443e8, 3.400996911795526e8
1.38301491226044e8, 1.9644625419317237e8
1.8974202753631896e8, 3.010568327681795e8
1.9745144806592923e8, 2.749285613030864e8
1.930679978529901e8, 2.952626964716162e8
1.1673417900301258e8, 1.6618100221457055e8
2.057292530533692e8, 5.1503796114773023e8
1.9421674845929444e8, 2.4333709499382085e8
2.3089204343633878e8, 3.477766716261958e8
1.5394949944191158e8, 2.5715876430503365e8
1.4778919216779298e8, 2.310465332038117e8
1.2110603008603078e8, 1.748336847604769e8
1.3338785882609689e8, 2.334349973680189e8
1.531950071898036e8, 2.6248407231346545e8
1.3920610343296894e8, 1.8788297495903116e8
2.246065543162783e8, 3.2707985439088356e8
1.523140633026634e8, 2.403538253388546e8
2.050959946392309e8, 2.5082520978109333e8
1.6005274405771878e8, 4.604649987586523e8
4.794591055102176e8, 5.475897939269823e8
1.6099077449932465e8, 2.850861050439885e8
2.1945887488817558e8, 6.692450630194142e8
5.2588301596658623e8, 5.967930645269716e8
1.2911428691797403e8, 1.8821311707266372e8
4.580277996688379e8, 5.504051968963283e8
1.4282437169123396e8, 2.3248300752325544e8
1.1149434740700376e8, 1.878649640744963e8
3.150176522814775e8, 4.1574845729022026e8
2.1460183204334188e8, 3.2011897375820315e8
1.2193052440940617e8, 1.663249357782647e8
1.3767286704193348e8, 1.9883803887444183e8
1.5550241363564703e8, 2.054078421362093e8
1.611417065418167e8, 2.6824382322665662e8
1.2509850430020264e8, 1.8235082284253475e8
1.0418731472649111e8, 1.6132737051894242e8
2.27796217512219e8, 4.131017877337486e8
1.5165716012353584e8, 1.8984500698955703e8
3.110059498788038e8, 3.5510828785274357e8
1.4234722025943983e8, 2.111995561037728e8
1.4027971641755736e8, 1.915493745830692e8
2.7093894358360946e8, 3.362008604102889e8
1.6474115819595364e8, 2.4492110911619723e8
2.2377045275074e8, 3.274093911967272e8
1.688285598348494e8, 2.6799106064560795e8
2.2244344687980753e8, 2.953425296522953e8
2.525316683373785e8, 3.1161222795112675e8
1.5200134520143712e8, 3.3825823645353854e8
1.7615685023585162e8, 2.19900345847541e8
2.7832892105368364e8, 3.397531839125849e8
1.6339172823887795e8, 3.183990600434062e8
1.2974234740823828e8, 2.3475886096125892e8
2.5192674290437245e8, 3.200563002947018e8
3.5711880047079307e8, 4.48157685219911e8
1.466120903228359e8, 2.103551812670428e8
1.735991071116803e8, 2.1028004708794904e8
1.0636925575287202e8, 1.88072183367065e8
1.3584881229800147e8, 2.1742445489195386e8
1.8755908542306608e8, 3.3981301948530465e8
1.391972269562811e8, 2.1182617980632773e8
3.353054343167471e8, 4.2792328971833396e8
5.1743950168239284e8, 6.292156773264366e8
9.747406921808904e7, 1.6323813629308534e8
1.57191338321994e8, 3.569686771980196e8
1.480143468130146e8, 1.9484008812792173e8
1.2436453728468752e8, 2.0847318127402684e8
2.693350316300902e8, 3.315819908092259e8
4.619401030234701e8, 5.0797865334458286e8
7.800989021357457e7, 1.523787597126895e8
2.490037341712471e8, 3.388922510977955e8
1.8749083094969618e8, 2.5101929741298178e8
2.5420063608084303e8, 3.550930302270014e8
2.725340422918436e8, 3.306579986233993e8
4.6119433359970516e8, 5.662010951928184e8
1.5289059185581183e8, 1.8424672032286853e8
1.2249653446444784e8, 1.7234615348739347e8
1.4571078343780443e8, 2.2275408390420777e8
1.5910300768550217e8, 2.5864692873556015e8
1.6172161608391625e8, 1.9703224302480486e8
1.8092362958685675e8, 2.374484552899509e8
5.0735813253857434e8, 5.899311542442038e8
1.4589942859920892e8, 1.8619541154833972e8
2.5754261472777393e8, 3.339976158163656e8
3.3394470103121465e8, 4.200123988360916e8
1.462176654852865e8, 2.1804354087262893e8
9.660053366449136e7, 1.605725598527117e8
4.0801529793696254e8, 4.6473306512378734e8
9.451349536310935e7, 1.3756900144226965e8
2.3470041924055645e8, 2.6918355135431004e8
1.0204554915945701e8, 1.832200432098718e8
1.5761361768568102e8, 4.098562181934058e8
2.1323825544893616e8, 2.7321709164809847e8
1.794938514708545e8, 3.0148719075258684e8
2.445850507277441e8, 3.8955455703906876e8
1.764535779875144e8, 2.2943674085414785e8
1.129933159494055e8, 2.2597486957055515e8
1.7798280086222222e8, 2.90057573832007e8
1.5978017100216785e8, 4.526515657089114e8
1.4144688120202082e8, 2.3803150884354943e8
1.4215700573021024e8, 2.2677986570765e8
8.787681513674715e7, 1.7465145837502947e8
1.4019433777031773e8, 2.3317772544840476e8
1.909400297247716e8, 2.5098308389535654e8
3.407261915751912e8, 4.0592547759155405e8
1.4976245224613243e8, 2.362944609502666e8
1.4474938283969578e8, 2.2462998432218e8
5.026834655440382e8, 6.015505706519365e8
1.9325783042892146e8, 3.2159462337682176e8
2.3044147177217078e8, 2.795275448856607e8
1.4235910361173582e8, 1.9492468037672502e8
1.9846064244508678e8, 3.2861103319955426e8
1.562098257327255e8, 2.1828732984074003e8
6.162821942719324e8, 6.942114805786997e8
1.9293457820459428e8, 3.3068713400570196e8
5.27273748214068e8, 5.969511120337634e8
1.850916067780814e8, 4.713106494374131e8
4.5515510930101013e8, 5.66317059250619e8
1.0877043320580941e8, 1.7112185713949987e8
1.526246369336592e8, 3.083495139204429e8
2.1606601161313128e8, 2.7573886772515327e8
2.2629334034762424e8, 3.516542083272543e8
2.0079156742092744e8, 2.6783470560945755e8
4.254084241798397e8, 4.8344016609021926e8
2.175328037473368e8, 2.717949655487302e8
1.365286404366267e8, 2.6346829623275155e8
4.5622481189698887e8, 6.550157681642276e8
1.8864261387011936e8, 2.8159477929721797e8
1.3938774258575088e8, 2.584589302307834e8
1.0687866206285317e8, 1.7566368346858823e8
1.2308996729813063e8, 1.7248449795842618e8
1.9277511953734306e8, 2.792037242059838e8
1.0570985816169778e8, 1.997860397947496e8
1.436038830661206e8, 2.06571164146389e8
1.7551177811583915e8, 4.5969954279843825e8
2.1062938547785902e8, 2.6195863215946564e8
1.3409776271999383e8, 1.9514879940816683e8
1.4747386459250364e8, 2.1930924563581863e8
8.49295016545206e7, 1.462105060910852e8
1.9955965205581692e8, 2.778353520909878e8
1.5117465479432607e8, 2.076267593624009e8
1.2714626456211555e8, 4.4395289868430185e8
1.5548123696086198e8, 2.234034807282586e8
6.197288873179449e8, 7.147377145731447e8
2.3907638416355795e8, 2.8938276428862554e8
1.8232823053345934e8, 2.534971906224234e8
1.2560724817833641e8, 4.0185595732359374e8
1.1180258433422737e8, 1.872828192909103e8
1.2919283560795978e8, 1.8855425362683728e8
1.7600340650743037e8, 2.5480883113368064e8
6.331914343794019e8, 8.467019574134904e8
1.732287263492598e8, 2.225310702889581e8
5.810264219623156e8, 6.516398901008172e8
1.567946750455938e8, 2.720988083276245e8
1.6830517755992866e8, 2.1329763920866165e8
1.2959243724055575e8, 1.9766172242808458e8
2.0676352749472603e8, 2.6430733273034123e8
9.415319626607823e7, 1.3272447044789775e8
2.0620555765462232e8, 3.2282294484393775e8
4.518808796048302e8, 5.440875386410906e8
1.430016904869027e8, 2.53259773083277e8
1.9544817693682146e8, 2.933005442657934e8
1.923468018972044e8, 3.315227828385531e8
2.290514539348504e8, 3.33350095288352e8
1.3504825930358252e8, 1.993678690211939e8
1.3887221002468595e8, 1.7861449287442094e8
1.2871067450172459e8, 1.7845921352418023e8
1.8662270379360026e8, 2.4991731574500793e8
2.0385069514280376e8, 2.479693473234088e8
2.505392332632703e8, 3.279655009878198e8
1.5266750831451535e8, 2.5911209011348477e8
1.3308193551073243e8, 1.9623336254379612e8
1.244980658305721e8, 1.7396796624342912e8
1.9111221274109834e8, 2.6775740321086267e8
2.264285898769643e8, 3.654026213517413e8
1.1609788792388612e8, 2.056282134595339e8
1.7994340214420003e8, 3.064978891858152e8
7.584749609189048e8, 8.378035333395482e8
2.404829262642541e8, 3.1973869858575743e8
1.3907548227935392e8, 2.629257237958972e8
1.0977004835306294e8, 1.9355901082394248e8
2.006321478394359e8, 3.755523092175175e8
1.50837455679593e8, 2.1718305841606164e8
1.4415558247391212e8, 2.2525609079795653e8
1.6919459340778401e8, 2.1520550789195272e8
4.6994869102354497e8, 5.976277409176217e8
1.0235803400010563e8, 1.6845748486102095e8
1.3269395048862606e8, 2.230344887436061e8
1.464288645357603e8, 2.0674232703062707e8
1.252019323078411e8, 3.393647601234947e8
2.2233614367045262e8, 2.819989221311039e8
1.8305247273992184e8, 3.182331011263845e8
1.939244131209416e8, 2.4376687345105195e8
3.2519180145239955e8, 4.6199147090125036e8
1.2447619467907263e8, 2.413031406353431e8
1.9415675826863277e8, 2.6300866980790246e8
2.7350828235951054e8, 4.0277752385903347e8
2.162663773887839e8, 3.9027087815675426e8
2.737821347954059e8, 3.5187421465072006e8
3.2131023565756446e8, 3.8635832425488955e8
1.342279988707601e8, 1.834801309164101e8
1.9626177250810757e8, 2.8363550271274096e8
1.5709691419786334e8, 2.133156025586435e8
6.006125801269716e8, 6.956215198672291e8
1.6447852575899997e8, 2.1724826525341272e8
3.575014123691623e8, 4.081584079098171e8
2.0739951498069876e8, 2.839256920168134e8
7.553404767210459e8, 8.197884200051076e8
2.0287255443577388e8, 2.834488834695272e8
1.7980391516614985e8, 2.629945577267807e8
2.6303367517646274e8, 3.2530133573816526e8
2.197540469465049e8, 3.031410305217366e8
1.4797135816761225e8, 2.3473457925010526e8
1.0567016140513155e8, 1.543975510685871e8
1.236087742477548e8, 1.7058084578138196e8
4.3170837287993854e8, 5.620746930483266e8
1.5735624556685406e8, 2.3250407109184372e8
2.3994590118693283e8, 3.066030666842309e8
1.1078394530758044e8, 2.0710481525970927e8
1.5653515063345042e8, 3.109876353995063e8
9.44312355818006e7, 1.522133995903244e8
1.679743245237844e8, 2.8621295052182615e8
1.419759980648262e8, 2.212583048650904e8
2.028103525574665e8, 2.8346284659230995e8
1.9761751826619285e8, 3.181510054379942e8
1.1350345433077265e8, 1.7834342191115537e8
2.057282133847273e8, 3.226764619785259e8
3.225028622812846e8, 3.6472234220381373e8
1.4817176564443424e8, 2.392645728347834e8
2.4638371672534537e8, 2.997909292536743e8
2.5105252274341026e8, 3.245108386055696e8
1.795299712443506e8, 3.666216886387699e8
1.2300991306345746e8, 2.2212811132328734e8
1.2044889741788886e8, 1.9151949184221396e8
1.0230668764457119e8, 1.8224244825360802e8
1.1738109335175973e8, 3.24974134121027e8
2.7087653612869865e8, 3.4374160309525687e8
1.729406982981884e8, 2.5137145193565094e8
2.4242499774723732e8, 3.250788719340333e8
1.2689800856122755e8, 2.1605354532800242e8
2.125944022704103e8, 2.5644340181899127e8
9.998516023740467e7, 1.955137401066215e8
1.232577805942774e8, 2.4468468504358277e8
2.034023560851602e8, 2.6158235942079806e8
2.259830973818355e8, 2.8479549805698985e8
3.597488675296608e8, 4.1263107169596195e8
2.084022757100625e8, 2.627426335188196e8
2.017658267864194e8, 4.5109551471286905e8
1.2110800370354906e8, 1.9758873734851328e8
1.0690537216535303e8, 1.6883127308109105e8
1.2585105493432385e8, 1.7557349695956212e8
2.1955346704882193e8, 2.799747387057711e8
2.263915515831312e8, 2.9804408877035636e8
1.4437286281533384e8, 2.4505659071344015e8
9.332978895898384e7, 1.2026590973651844e8
5.1919764778184396e8, 5.936788815896064e8
1.9031981777643454e8, 2.560315524403085e8
2.063147834700641e8, 2.774582827715244e8
1.5496265502033985e8, 1.8739153803655887e8
1.940622988711046e8, 3.1497958198536164e8
9.925104856972395e7, 2.2213751520647287e8
2.1680089267260396e8, 3.0250884162509644e8
3.529410517544004e8, 4.276879122866865e8
1.746798766519994e8, 2.4809237804100353e8
1.5714471532071784e8, 2.3042920855058876e8
1.7382610553144762e8, 2.470910914094922e8
2.4742561253835967e8, 2.912098002984383e8
8.884424293264489e7, 2.094906072555354e8
1.7466544441428357e8, 2.571100553980914e8
1.755161404763603e8, 2.8052800737109417e8
1.4155183415106994e8, 1.9723590920120102e8
1.6041837552872208e8, 2.6826170574069837e8
2.4101285081045222e8, 4.8136193598688287e8
2.0261607606248996e8, 2.863593703207006e8
2.4867443923526058e8, 3.6739201143004e8
3.26683487617302e8, 3.6761436449168e8
2.667429337392552e8, 6.159071366715966e8
2.789098004436118e8, 3.4324036115516174e8
8.382247282564935e7, 1.8199495489564383e8
1.0364447711811729e8, 1.830939871709226e8
2.0165949985215494e8, 3.190240465356762e8
3.40359968760445e8, 4.006847992085758e8
5.721607668086923e8, 6.63783938089342e8
2.287440806977977e8, 5.271469808583763e8
1.5866165285188466e8, 4.017860674237628e8
3.289470399648755e8, 5.241489659264461e8
1.5533297356946534e8, 2.155320915813386e8
1.2966417965080173e8, 1.800810968043029e8
3.026190247640484e8, 3.783572467425601e8
1.4428189651340017e8, 2.3936296037203565e8
8.681789891658746e7, 1.4247244547908437e8
1.2015831730690613e8, 1.9271774716089216e8
1.2704356903001632e8, 1.9524626737904355e8
1.558762642163064e8, 2.8533111939433986e8
1.917863439574289e8, 2.4619392444396296e8
1.2857411032532859e8, 2.1940286417549488e8
1.2303087346944295e8, 1.777633907236838e8
1.0353624784263414e8, 2.2397162628702492e8
1.6261585919533813e8, 3.70388372568455e8
1.860101306363663e8, 3.844986973478846e8
1.3378588261676434e8, 4.0345930843793243e8
1.0938887644085199e8, 2.3609787666922224e8
9.62601285190107e7, 1.5423946801228347e8
3.950353007803634e8, 4.616193752663845e8
2.6256392197630224e8, 3.217465873651346e8
1.5515966163508293e8, 2.45609021354246e8
1.3001745655575569e8, 1.7728694834198362e8
2.6813360231958854e8, 3.38847731271653e8
1.31579695647173e8, 1.802505915836111e8
3.1809148477420837e8, 3.7167199438644767e8
1.9509437286165455e8, 2.443618906836304e8
1.4166915951137474e8, 2.5756763268556842e8
3.469012799252087e8, 4.625451033146578e8
1.5225596550960764e8, 2.2754873395066154e8
3.06541570991969e8, 3.746493354084386e8
2.5712585589796063e8, 3.3877987439226264e8
1.543661814701227e8, 2.9070793594159704e8
2.2251181683181843e8, 2.810360186026604e8
2.116595802492696e8, 3.4291029381748605e8
1.1708185203131324e8, 1.8024058783658037e8
2.1077159149645513e8, 2.94052382688525e8
4.44563523115629e8, 5.433139457803015e8
2.679314624036472e8, 4.127790695978455e8
1.6096072090229395e8, 2.5115627963499525e8
9.561130529525813e7, 2.6603196483179942e8
3.8270668652212876e8, 4.8371935204994446e8
1.7169282211460632e8, 2.4530247391642362e8
4.0283873907722855e8, 4.9674517937130356e8
1.5284283040857247e8, 2.3035600231878674e8
2.143225405145098e8, 2.897166797556298e8
1.1390753703679332e8, 2.4101477188280725e8
2.215973886518755e8, 2.9658904879093504e8
4.1034012535694104e8, 4.831043983865913e8
1.7771079880284894e8, 2.43240099168968e8
3.5245193315851736e8, 4.8242431071243083e8
2.221575169728501e8, 3.1424755844518614e8
1.1841485803630981e8, 1.937574711073409e8
1.0430989087032671e8, 1.7341248940599972e8
2.1182038988706496e8, 2.855419261118081e8
1.5563981589124516e8, 2.642098546457801e8
2.4280720574519157e8, 3.5614459020628256e8
1.870044750274513e8, 2.4555784148049453e8
1.6656879591290295e8, 2.0423151513360146e8
1.9014733776016098e8, 2.4495164834859794e8
1.702552011265869e8, 2.2843523603018498e8
1.6450761804233244e8, 2.1668638949700028e8
1.4728743122034755e8, 2.4009546534317216e8
2.2426233064195254e8, 3.31753042497515e8
8.260973528040802e7, 2.9566791814773446e8
1.7682405743398115e8, 3.052545991955758e8
5.167572342013584e8, 5.594741173153896e8
1.9029409211752832e8, 2.9987395262089366e8
8.711943606055726e7, 1.4825463497199154e8
1.2239676650809652e8, 2.3063098468168935e8
1.611569027690819e8, 4.133481066634185e8
4.669628733106987e8, 5.57590547157342e8
2.2919847702468544e8, 6.07345651532889e8
4.117257350734136e8, 4.86033957513457e8
2.947944875606699e8, 4.1058348656308085e8
1.4480966742499924e8, 2.6672727275343922e8
1.2611228466702789e8, 2.8988536246505845e8
9.929757478267284e7, 1.805299256590514e8
1.727729891579944e8, 2.557168696493812e8
1.7810544060278463e8, 2.4875235874765778e8
2.5213712069344634e8, 3.178605646216871e8
9.770580254250903e7, 2.514054222561567e8
2.277885391721217e8, 3.4633885979101485e8
1.6970936517610392e8, 2.431780775738918e8
1.336743653722536e8, 3.2554472083782345e8
2.131115083152274e8, 3.189629107702078e8
1.1657018293061036e8, 2.046136232812082e8
1.5522778419874415e8, 2.3998153517982718e8
1.4516021829393342e8, 2.300875909567628e8
3.899451478521183e8, 4.496531285591455e8
1.3482040277923447e8, 2.1131522147666943e8
1.6341431039238182e8, 2.4535010921899933e8
1.2441062515178522e8, 1.7760353618494532e8
1.500559780163728e8, 2.1777722651240042e8
1.6726288985745376e8, 2.6478538969293797e8
3.6806145110601455e8, 5.797694420606235e8
1.126274802863166e8, 1.845623341529541e8
1.0015916646930043e8, 1.7302313844603607e8
1.5383201663030216e8, 2.0439323329423046e8
2.0897738568809727e8, 2.8044766521122426e8
1.459921422872062e8, 1.9094450074873054e8
9.435281834177104e7, 2.972668746172691e8
1.1738868146948422e8, 1.7630722617246774e8
1.547270840051033e8, 2.3115661335227296e8
1.5110795159326744e8, 2.6062723666489664e8
1.3996553928157723e8, 2.2674403700715503e8
2.0703747194525307e8, 3.508024694020324e8
3.089103061254661e8, 4.078665178260099e8
9.088716355154312e7, 1.2556999504461895e8
3.05853388284528e8, 3.9096550577891326e8
1.487494683256959e8, 1.7936840076238862e8
1.5982468829626995e8, 2.0068892746017456e8
1.336881355049434e8, 2.0596346563907433e8
1.6278635603269005e8, 2.2206225166709945e8
3.0773318143258005e8, 3.7721379033619547e8
2.2975965398737213e8, 6.07434573583227e8
2.156087921877665e8, 3.0572278416990787e8
1.582779207559249e8, 2.861077890846093e8
3.743373609474622e8, 4.194902899020961e8
9.280625616162585e7, 2.4070993000554127e8
1.1155043072566672e8, 1.758967438818909e8
1.0288340969123822e8, 1.9072746683836323e8
1.8815345965498894e8, 3.100850651496549e8
1.675678301850254e8, 2.17822399717049e8
1.3944499219727397e8, 2.0079318558566594e8
1.6541200972078773e8, 2.9647380295636326e8
1.3450180322203785e8, 1.8893956132130072e8
2.054011703011516e8, 3.050760963550976e8
1.6786547936856386e8, 2.308517003086536e8
1.1282094896809275e8, 1.701161158152067e8
1.560907980157835e8, 2.3407690368941587e8
1.5321084550217e8, 5.2442483784230274e8
4.2899373664902145e8, 5.552878457547427e8
1.6831722258534202e8, 2.6226787656564862e8
2.3735843841106933e8, 2.925882074477294e8
2.3950103035141557e8, 3.1209163383408284e8
2.784229196744879e8, 4.2438273421232516e8
2.2752632276881438e8, 2.6861676182817996e8
1.6595064177031657e8, 2.366428792414957e8
1.867574269959444e8, 2.9861967692009884e8
2.6524156589047566e8, 4.486867160109693e8
2.553030664301218e8, 3.2581695277927715e8
1.3198525378492501e8, 2.0371035099036217e8
1.611009739563012e8, 2.7740983591134363e8
1.9648436242293578e8, 3.3516575153268486e8
1.8146027342382643e8, 2.8444283118074375e8
1.571102938236672e8, 2.2935235795105648e8
1.652433150430094e8, 1.9726569676339477e8
3.090835808495121e8, 5.2172740658390045e8
1.5919250333346617e8, 2.797048244276069e8
1.8672058652134013e8, 4.031621431485413e8
1.496524273766094e8, 2.7235790852758205e8
1.460686961694942e8, 2.6305316076146725e8
1.2512912947098243e8, 1.8826451869194508e8
6.350450674133961e8, 6.882113692310407e8
1.485757803207979e8, 2.3634954081238e8
1.0017823846313047e8, 1.5138525986503178e8
2.225465285769303e8, 3.470723815080358e8
1.6311482549163428e8, 3.0527195934446055e8
1.358697278166784e8, 1.827075066040025e8
1.4177644276693842e8, 2.137556840619523e8
3.3453545903649116e8, 4.074072339566877e8
2.0621769455454475e8, 3.1225875695106214e8
2.0626024558651355e8, 2.8076959784079707e8
1.3879383631920865e8, 1.8448449076542434e8
2.2242158899377987e8, 3.231580151033963e8
1.256970967004597e8, 1.7169468959619457e8
1.1893709292140366e8, 1.709428671188572e8
3.53029827539032e8, 4.296650947575416e8
1.991066743991224e8, 2.4673722431976333e8
1.750513824474654e8, 2.6999883889170194e8
9.343045439234406e7, 1.6409336851200974e8
2.794892632333118e8, 5.614220483404253e8
5.871019724282221e8, 6.769005092695845e8
1.1338379224737257e8, 1.581696206185511e8
1.2068273933970515e8, 1.8315120800765702e8
1.300515094333589e8, 2.3696590071026498e8
2.5220677669515052e8, 3.194170013512356e8
1.314389786287109e8, 2.5491222661688024e8
1.5439214055649588e8, 2.0001151461082107e8
1.6834256411963907e8, 2.2145285852292293e8
1.8853740096583176e8, 4.0053897466690224e8
1.57415200496425e8, 2.0109244547011414e8
4.110446767170885e8, 5.173473652703343e8
2.2597313851292905e8, 4.8718542679270965e8
1.6213664762985992e8, 2.3000462673917484e8
1.917707239253823e8, 3.0423877080173624e8
8.28696485584661e7, 1.9959215442081806e8
1.485595707941322e8, 2.33952952271197e8
2.288223395462498e8, 3.1394936636151326e8
1.5942111146569836e8, 2.374127498188265e8
1.1270266612816714e8, 3.827505453740446e8
1.4459605036474407e8, 2.143893918756724e8
1.977751785470788e8, 2.6683838898810425e8
2.1665228258640644e8, 4.814837969170617e8
1.2081289780665141e8, 1.7842253571318722e8
2.0373119878362554e8, 2.6452874199535605e8
1.0483753192247275e8, 1.641420434458692e8
2.691505260481352e8, 4.0897502798291993e8
1.4813119945567974e8, 2.3069097977651292e8
1.556783969763635e8, 4.1463391357144165e8
1.470651786787011e8, 1.8864072620576146e8
2.3807715474169385e8, 2.7153969016376203e8
2.649149211478164e8, 4.8258683858229977e8
1.4297199549114287e8, 2.054798897159416e8
1.9635437499550864e8, 2.5149675258790094e8
3.5310077887791175e8, 4.2688090840581954e8
1.868949826628099e8, 3.1370583135039604e8
3.109765698357734e8, 3.5803185998168474e8
1.6223257948731187e8, 2.25168418125761e8
3.4957803919407296e8, 4.326631506442551e8
1.6497096742071533e8, 2.1820131781168482e8
2.3249874762529832e8, 3.405941793391972e8
1.679992572157973e8, 2.5752262428955182e8
1.6316405591055766e8, 3.310107305077605e8
2.081429124396721e8, 3.738821806376564e8
2.120668480340784e8, 2.958830159565656e8
1.654241928040559e8, 2.3118924630985358e8
1.450967975332123e8, 2.3849621800493628e8
1.4124437648671013e8, 1.954365629144602e8
2.0043029869718996e8, 3.4699587308067495e8
3.33523544362179e8, 3.8864292116932666e8
1.079521864294921e8, 1.4719728649527526e8
1.5396805122522905e8, 2.2768153175560594e8
1.1407915787102152e8, 1.5088953161381635e8
1.7440902414862755e8, 3.506749670886341e8
1.2115467661535785e8, 1.9438048691970927e8
1.7649503870267218e8, 3.1319254214967775e8
2.079274920929129e8, 2.6842608939907402e8
2.3661736389369062e8, 3.425632277043907e8
1.7508918920976552e8, 2.2132675991540766e8
2.8744777142755985e8, 3.5225709341986364e8
1.962336029714591e8, 2.5435477419833964e8
2.1860584861654043e8, 2.89468399193001e8
1.1323191430459969e8, 3.2088094413495237e8
1.0950335587894692e8, 1.4239876198058408e8
1.2297768879236814e8, 1.9974619651136556e8
1.3020110076230277e8, 1.735755364556343e8
8.17501911820422e7, 1.457344228703802e8
1.8666400384366736e8, 4.805287267470563e8
1.500735773697264e8, 2.4551914772300947e8
1.497452301252386e8, 3.260417601850061e8
1.0611260705213623e8, 1.7263160920613584e8
1.759726558269112e8, 2.6871028606381035e8
1.5563252137912348e8, 2.8011144679294825e8
7.744653418548295e7, 1.5069585104029554e8
3.1938440572279215e8, 4.527477998476437e8
6.537757548511082e8, 7.167357864621737e8
1.4348442664941394e8, 2.8168023633288383e8
2.4445705384341386e8, 3.158936027603858e8
9.918022596233787e7, 1.5243568011407697e8
1.0310511517914407e8, 1.3254082610500486e8
1.1013610721667852e8, 1.7306948129556876e8
2.448647688166471e8, 5.337018823146631e8
1.5401175686889264e8, 2.9769913073321193e8
1.461180470853227e8, 2.052227243884344e8
1.4334975726476792e8, 2.1037807726258326e8
3.4991202857665724e8, 3.988529987369618e8
1.643436573005133e8, 2.5034102883314857e8
1.45100153838439e8, 2.5224632600324026e8
1.1551982641608004e8, 2.11505982938686e8
2.8100273878126544e8, 5.749313378568517e8
1.473506186426495e8, 2.25146097607157e8
6.102162310598994e8, 7.529357855049999e8
1.860841354497258e8, 2.8584793186490357e8
1.8588827203132123e8, 3.762335950318219e8
2.5439727903692126e8, 6.008294838364218e8
6.216111760358471e8, 7.10014948132834e8
1.3725945541746986e8, 2.709761629469263e8
1.9772575438897786e8, 2.573647656028122e8
1.423338860364392e8, 2.1044089796435055e8
9.337829355204341e7, 1.4079237425011083e8
1.1356112411536525e8, 2.2104263710637805e8
1.4743290739321694e8, 2.4719738554279146e8
1.6728454624821085e8, 3.411498199343866e8
1.5780310926787525e8, 2.51113061550721e8
1.889210035647189e8, 2.6343836366486192e8
1.388464483391994e8, 2.2936685846820238e8
1.3891902667084655e8, 1.9444437828492525e8
1.5856239158830777e8, 1.923047725221021e8
3.5338843050239927e8, 4.157298748934039e8
1.800118088546018e8, 2.5797092533944735e8
3.031519759984093e8, 4.341503615514882e8
1.295549636035399e8, 1.858032782564268e8
1.1085899046235526e8, 1.778210132058042e8
3.5571703025993115e8, 4.2222164842695487e8
2.0807694939797863e8, 3.761363044059607e8
1.832451876758609e8, 2.5201543067074594e8
1.1622425838734677e8, 2.116960970360167e8
2.6069966221681705e8, 4.326146168608114e8
1.5246081065485567e8, 2.2453081610468888e8
1.1930088780713007e8, 2.7648000575800943e8
9.156160863502549e7, 1.5835029704163647e8
1.6135985838364685e8, 3.7264717405383545e8
9.088590937328768e7, 1.5764895139545032e8
2.992236140037491e8, 3.926157788514386e8
1.6414066866765076e8, 2.292815688853233e8
2.6162806080490327e8, 3.2970015373146224e8
2.104947462245106e8, 3.133753851156306e8
1.2244636416222116e8, 2.0835125424920446e8
1.6760865176533496e8, 2.2893855104726332e8
1.8497018592599615e8, 3.132320450444166e8
1.421312828712948e8, 1.772063013140979e8
2.849865957141003e8, 3.7279391365512836e8
1.464748598958976e8, 2.036432698098207e8
1.4184249276564285e8, 3.0479617190871286e8
1.0363619214184898e8, 1.622374315045538e8
1.6942307033469883e8, 3.101189800996373e8
1.763248214295181e8, 2.590154891861099e8
1.1396156778956737e8, 2.003245859601427e8
1.8358332084995446e8, 2.461471189621611e8
1.3014446869891414e8, 2.2288413351291203e8
2.2459813884406748e8, 2.7290579978775173e8
2.2931166967920813e8, 3.067649207707335e8
1.4956036199349266e8, 2.482717084284448e8
2.8176576868340063e8, 3.879063896516774e8
2.0420361973274305e8, 3.914861912100362e8
1.5193258368618384e8, 2.06149203544263e8
1.62872082841048e8, 2.5923879225872642e8
1.7721197428550452e8, 2.2711532358945602e8
1.2899875484112513e8, 1.9412732543352902e8
1.3900286013541067e8, 2.1919455978899354e8
1.8018353764283347e8, 2.5912782503546527e8
6.688406519725638e7, 1.0528814851201881e8
1.9733955317306995e8, 3.3337537534275645e8
3.017266846328109e8, 4.70892111066961e8
1.9994499485136086e8, 3.5542222912705743e8
1.6486392604828593e8, 2.2536543107260045e8
2.067516995134196e8, 2.6230232526275283e8
1.548805125545601e8, 2.671016332951759e8
1.3547003549515972e8, 1.764252150625266e8
2.0358727782398057e8, 3.4962303632795465e8
1.6250790022581464e8, 2.5074970742567423e8
1.7684723674713847e8, 2.426330834290516e8
1.612483621620671e8, 2.594347150146427e8
1.697216310236154e8, 2.5760831418232477e8
1.1552457743723024e8, 1.9345740373307922e8
1.7529410743679866e8, 2.397605223332119e8
1.0066328328822215e8, 1.468209950415837e8
3.500759435180401e8, 4.6345689963656133e8
7.668756336823481e7, 1.3194180427696794e8
1.6559894152059305e8, 3.195781237090877e8
8.386482061128399e7, 1.621986338750185e8
1.4992522876353323e8, 2.2887944343975568e8
1.9026483963496307e8, 2.7956709278554934e8
1.5664893024339855e8, 2.38309969337081e8
1.6882561034215513e8, 3.5281162253469443e8
1.4796606170396578e8, 2.5254474063767472e8
1.5105004378076643e8, 2.324396031629591e8
1.6516855320858967e8, 2.5568992270375076e8
1.3872870097031328e8, 2.5115655719316152e8
2.607392605177623e8, 3.331083724615985e8
1.3153250798063758e8, 2.4276565754689357e8
1.6408337648713857e8, 2.1937579640007204e8
1.4955200650562966e8, 2.4943876299198264e8
8.701977982548313e7, 1.2671799789477335e8
1.7472921237047917e8, 2.4384511450734603e8
1.292021895699625e8, 1.7663750465345994e8
4.356251010704835e8, 5.411785248257217e8
3.605398693513984e8, 4.427449831651281e8
3.0792327627221066e8, 4.4713771030371344e8
2.1038288843667224e8, 2.741741395424749e8
1.5811399634797847e8, 2.2324837424509537e8
1.4129681147762465e8, 2.0702476493210688e8
1.1166426941864833e8, 1.719868126662903e8
1.3504820340382308e8, 1.9977167228829542e8
1.487558838697411e8, 2.1565884935436216e8
1.8479998244521314e8, 2.625048091629318e8
2.0137187025242904e8, 2.8997519962158084e8
2.0403990622967985e8, 4.4295610645164305e8
2.683547177770599e8, 3.215923325073702e8
2.3315677590188658e8, 3.00878402815502e8
2.137067879829069e8, 2.9276406919337696e8
1.6496602788473606e8, 2.861165123450109e8
1.3300044778456579e8, 2.224889910897845e8
1.7883611538565007e8, 3.013611581627636e8
1.826889012889059e8, 2.805288768050477e8
1.2146676403902647e8, 1.5243428164465052e8
1.892832675244232e8, 2.687337263548683e8
1.6342829004455957e8, 2.592698863898127e8
1.950975651738105e8, 4.7418426535324556e8
2.02589839953902e8, 2.864869318837635e8
2.3659062140412468e8, 3.794147134723129e8
4.778866573313088e8, 5.363745347578683e8
1.468161386641664e8, 2.4465823801606643e8
1.258581899509505e8, 2.1173462205720198e8
1.8332581181139678e8, 2.2488710231585065e8
9.120773446977738e7, 1.5922117894828406e8
5.043784079269923e8, 8.00792229097117e8
1.159909357450519e8, 1.963094010547973e8
3.0834638423271835e8, 3.664357634277971e8
1.8562878100337818e8, 2.7813896887638015e8
1.8329784959295613e8, 3.304629826606403e8
1.8793381806575093e8, 2.5832623398439938e8
1.4721626250572884e8, 2.0766188115304372e8
2.2786633095515186e8, 3.931452666691269e8
1.6292942725806412e8, 2.0308375835909116e8
1.1142399469829182e8, 1.9688415178221428e8
1.8495385591801584e8, 3.85634923488707e8
3.2690556578505355e8, 3.722057451322613e8
1.2573450679996353e8, 1.955300071728622e8
1.7531821081758705e8, 2.1820410257399297e8
9.093763112719697e7, 2.0414635363039726e8
2.339755089852698e8, 3.571424658350756e8
1.652051629489466e8, 2.364169039570688e8
1.291069140749788e8, 2.7114474464933646e8
1.2962952414376822e8, 2.2799153309111747e8
1.1639712740020566e8, 1.6750693275956875e8
4.048585612691052e8, 5.119845515677494e8
1.5251291813847667e8, 2.5046740421964842e8
1.51162290310327e8, 2.7002944792561024e8
2.3395840177869007e8, 3.121142956082838e8
1.5211214799518225e8, 2.101155799326648e8
1.4316641698506492e8, 2.0705882858897597e8
8.899445543382663e7, 1.4642136910506687e8
1.0600795930428009e8, 2.542980636301884e8
1.808847857987709e8, 2.360139507146224e8
1.4958742292811415e8, 2.91934687563628e8
1.8878637800313115e8, 2.739374205236723e8
1.6802021434622493e8, 2.2059873692126605e8
2.7090256985344064e8, 3.523228635049557e8
2.099857099341269e8, 2.807419841823027e8
1.851401471945024e8, 3.8414322021692973e8
1.838296577775459e8, 2.3195362529552913e8
4.431723971916286e8, 5.817174171759894e8
2.321285798636331e8, 2.822134599626056e8
1.593025723603483e8, 1.9239901401354918e8
2.6429872386559662e8, 3.510252073040442e8
1.6459651480309525e8, 2.2334928562756965e8
2.2725159185579646e8, 4.5696689950298077e8
1.2299884324297376e8, 2.061967568520686e8
1.960270648724496e8, 4.369927385313603e8
1.7362984239814705e8, 2.3278776108601487e8
8.861993643881115e7, 1.368356964495877e8
1.3037039022386906e8, 1.9452031426869386e8
1.5946669469605806e8, 2.229355800592824e8
1.3413842938140202e8, 1.9772229640168977e8
1.4202525753777838e8, 2.9922134361850685e8
2.6873088073943216e8, 3.2376871147318894e8
1.8691370010868895e8, 2.690968891649622e8
2.337918902756467e8, 3.344823685832337e8
1.260079103195955e8, 2.5695884747604054e8
2.3979569600739804e8, 3.392451877048215e8
1.7622063890909413e8, 2.979965140791022e8
1.8098681041148853e8, 2.2398754739858696e8
2.2611060109582508e8, 2.8230581658155686e8
1.625005790639848e8, 2.2283866038767576e8
2.4334040863086674e8, 3.844954964468711e8
1.640067683476108e8, 5.367479474526234e8
1.6057298933032188e8, 2.4179786839783278e8
1.8635083720512864e8, 2.3157991606592974e8
1.6146001732050377e8, 2.326148065069242e8
1.138533941204059e8, 1.762968928008163e8
1.3746654136638552e8, 2.424079868874348e8
1.3010704765921924e8, 1.696611770408569e8
1.618554682512846e8, 2.3235895081359974e8
1.9090077928465474e8, 3.273648122802364e8
2.2197739598241195e8, 3.049672201908222e8
1.6674562765281132e8, 3.2362132125960577e8
1.2898681408685777e8, 1.638677260495732e8
1.664057972779523e8, 3.0981647826456076e8
3.722956354726471e8, 4.5888647645672584e8
1.1940111367243892e8, 2.0088080363267958e8
1.4738395719739628e8, 2.281441693393583e8
1.683369143661186e8, 2.290892137708781e8
9.559598465799783e7, 1.643363063262217e8
1.6183485641633385e8, 3.527095832954628e8
1.760132144617814e8, 2.5211309444347098e8
1.1630299921968228e8, 1.6853649393349084e8
1.3091494581917824e8, 1.8381137927862924e8
1.907999670602177e8, 2.6221117524680662e8
1.5488589365841252e8, 3.886887152194582e8
1.419313659796362e8, 2.278388607066788e8
2.4318174785987216e8, 3.7011060906152034e8
1.62801631145437e8, 2.2569820883618575e8
1.577639135018679e8, 2.1403266227146125e8
1.6606747685206643e8, 2.2744626958872277e8
1.9402331973722246e8, 3.06732933932959e8
9.357750897515424e7, 2.3371072291582045e8
1.4223348806839228e8, 2.404471136815325e8
1.599859502500951e8, 2.3300232371588916e8
1.2082642718916292e8, 1.8337812330138507e8
1.9563284714355785e8, 3.108803777044699e8
1.685014912142837e8, 3.124552879442221e8
1.846761195128888e8, 2.350827976896773e8
1.2888911040839437e8, 1.9484817359937936e8
3.290837777795771e8, 3.894800026413225e8
2.6365555155535734e8, 2.9227099007542384e8
1.2911137536987366e8, 2.0223427693267614e8
1.0175849934790929e8, 1.3847841402996543e8
2.03322453883776e8, 2.6472488144179386e8
1.573825932796043e8, 2.520126848337515e8
3.073970150538646e8, 4.384211587342976e8
1.5298973725521553e8, 2.303575358568048e8
1.6901160090762663e8, 2.0504184062051862e8
1.633740252193943e8, 2.8171597890565497e8
2.4396438711764133e8, 4.4964772217764413e8
1.5683222482727712e8, 2.3997550362324306e8
1.744400763242844e8, 2.9936711026463944e8
1.9158928964681134e8, 2.706239672761802e8
3.584873643194378e8, 4.0630262438854295e8
1.4519848464922327e8, 1.9194744937840387e8
9.891753896520765e7, 1.3643232343370587e8
1.046488149673599e8, 1.54721270169839e8
1.0166680863562267e8, 1.7682543856077883e8
2.707819756632179e8, 3.713162676388045e8
3.2832946067597723e8, 4.148579436453107e8
2.5306115128582042e8, 3.071563763756481e8
1.4680580191855866e8, 2.605901158339346e8
2.845543418031732e8, 3.3180243480250335e8
1.8229980786553565e8, 2.612725820459656e8
2.319585931677392e8, 3.716402948379179e8
1.512848675395168e8, 2.2649455004200783e8
1.4521318220681876e8, 2.4586352134079918e8
1.319714182442093e8, 2.845037050064422e8
1.2453588008773048e8, 3.064741290787239e8
2.2856404185340762e8, 2.965347343300305e8
1.5863663471989664e8, 2.908679575091433e8
1.3087304797697611e8, 1.7596279603270677e8
1.4970911819900376e8, 2.369883179894962e8
1.1510474082289545e8, 1.8704179805883807e8
1.185193508704135e8, 1.7503209765445322e8
2.0877762317942542e8, 2.9428008885298824e8
1.2763938882028086e8, 1.7034934340964454e8
2.25167408158413e8, 4.929899879722142e8
1.8172364508452836e8, 2.169855990845834e8
1.365179804372905e8, 1.8626488208816555e8
1.631973978335106e8, 2.1668085106571642e8
1.9060677889436075e8, 4.000356534300452e8
1.814318376064899e8, 2.397273565223043e8
1.8870078414556387e8, 2.6490690426287884e8
2.0419091952872708e8, 2.6655903049024072e8
1.7245246767070803e8, 2.304376434573251e8
1.281822582588992e8, 1.837055264370759e8
2.5871148779346088e8, 4.363978922331121e8
1.3713368152062428e8, 1.857433025314317e8
1.7449899861576685e8, 2.76814084285063e8
1.858530845225673e8, 2.4748778725029024e8
1.0336761780932981e8, 1.623181890894764e8
2.194078082459978e8, 3.25436603175129e8
2.0417366714005104e8, 3.06877917255625e8
2.6192137718758538e8, 3.573859934560582e8
2.6480075212256467e8, 5.993525817722136e8
1.647878527168106e8, 3.050409846386452e8
1.4392183438062382e8, 2.5176008431307507e8
2.037337323730549e8, 2.6276221040458658e8
3.881843813610876e8, 4.869655803845136e8
1.4019142202418035e8, 2.6411894188102233e8
1.1769878251819694e8, 1.7987028758262458e8
1.1950237736601335e8, 2.098026080824752e8
9.703279818913843e7, 1.486708936692159e8
1.0397630065722103e8, 2.14910582123102e8
4.117482637419116e8, 5.072091711327374e8
1.9971289712761375e8, 2.6950325172927773e8
1.2036842717522743e8, 3.1330457658566564e8
1.5177055144679886e8, 2.8733624902199143e8
2.0661674756580454e8, 2.6191430719753492e8
2.5790338007240894e8, 3.965946355512658e8
1.2276869104831137e8, 1.777374091041345e8
1.401570183588882e8, 2.098914997627178e8
1.8532372413222894e8, 2.2793702470081547e8
3.3007652037607527e8, 4.345554448153348e8
1.5306333464524132e8, 3.181144185115101e8
1.737884575068883e8, 2.453831302151384e8
1.5420831193171802e8, 3.472592741886868e8
2.760526955236815e8, 3.9236648305498683e8
1.772237802913886e8, 2.5412815060439885e8
2.0214239034811854e8, 2.532802868210924e8
2.220168341246738e8, 3.7208738831830305e8
2.723386107809752e8, 3.5483426494260794e8
3.8222066083197284e8, 4.684621281540773e8
7.389813268756229e7, 1.5634146274607491e8
3.3387694048202103e8, 3.993086037661377e8
1.1469103504202302e8, 2.0732986574282998e8
1.1300898357714872e8, 1.9492144396825698e8
1.220608505822644e8, 1.7598925058344012e8
1.3998401052011785e8, 2.079046954333752e8
8.219828327303569e7, 1.7001133993922037e8
1.2496986644809958e8, 1.7610019145276782e8
2.3696761301160827e8, 3.1423787438599116e8
1.5744648507411924e8, 2.465777653463319e8
1.7652569604020944e8, 2.549612181581699e8
4.028893701586651e8, 4.525717135099246e8
1.0060320271719265e8, 2.4231034886757037e8
1.9373470192003512e8, 2.8836622605655557e8
1.1198037080941637e8, 1.776239605081368e8
1.9439139711208633e8, 2.768622965422709e8
2.3649804072676027e8, 2.8381921027988094e8
1.9116945924238157e8, 2.483691458453311e8
1.151647454213361e8, 1.738242811376882e8
1.5260936347886488e8, 3.124050121207843e8
1.6985281160848185e8, 2.3863492913116097e8
9.68064923940311e7, 1.6450336616355053e8
1.8268868764708436e8, 3.305344349285267e8
4.493242070416343e8, 5.38836078361437e8
1.680955713068602e8, 2.4485057993083665e8
3.0300647853380287e8, 3.46293835774694e8
6.607960292288951e8, 7.026516991965591e8
1.4761219630528077e8, 2.2045597932542062e8
2.267510782149682e8, 2.6743935225995943e8
1.7144516962402427e8, 2.8392980900768495e8
1.6770635349886283e8, 2.534626659451206e8
1.599034926818501e8, 2.4561418542225775e8
3.0135750562653357e8, 3.5714813883342326e8
4.3051628560983706e8, 5.046717972665356e8
1.4805892177915847e8, 2.3945109605418876e8
3.8387997820483327e8, 5.711180192359567e8
1.3160838117076162e8, 1.80864353564984e8
1.2622922560202079e8, 1.7623164617987975e8
1.041185279569536e8, 1.444869793015875e8
3.2174592320235026e8, 4.050176317653273e8
8.050926886617799e7, 1.722520334478761e8
1.1873468970345335e8, 1.6121532150929117e8
1.5701682795945793e8, 2.249000789905136e8
1.3390930282670648e8, 2.790819179554021e8
2.2577454275813553e8, 2.898451009696254e8
1.2879633339202724e8, 2.786849980078679e8
1.7164056051489997e8, 2.1945487908397046e8
3.634990020694389e8, 4.561956668434256e8
4.2129387925114685e8, 5.568338953846612e8
1.2227514731547906e8, 1.9784556983527353e8
1.3575947115672845e8, 2.4353568438331297e8
2.503324829294461e8, 3.536609892586644e8
1.0579134111489968e8, 1.755710923529466e8
1.1266574605446328e8, 1.597022896539564e8
1.0798868178680009e8, 1.708559855137693e8
2.963260782682915e8, 4.7598747816371286e8
1.2092754159723878e8, 1.7550705255067006e8
2.6079753605022377e8, 3.377193502354307e8
1.8141481430925205e8, 2.505841228854351e8
2.414166046365115e8, 3.8394020450251716e8
1.3754643209277248e8, 4.6104180121165615e8
1.002547335830521e8, 1.942562851857865e8
1.7223504244674182e8, 2.281866262773388e8
1.446573635778262e8, 1.981759576944948e8
1.779692342425195e8, 4.8752611515126514e8
2.8495867789458925e8, 3.409443483320202e8
1.7281965286836043e8, 2.6924703470547646e8
2.0753371672043243e8, 2.6330562283525622e8
1.2449342647715797e8, 1.5920192880127507e8
1.6966539864622974e8, 2.3162666283965403e8
1.4978504653226578e8, 2.2048994800878075e8
2.1953729184509858e8, 3.367549433415892e8
1.9962963374023023e8, 2.6743527194672996e8
1.5566519532546073e8, 2.2619496281482047e8
9.573025190174666e7, 1.8986670101371568e8
1.6732196476803374e8, 2.6474106111954176e8
3.758959155315295e8, 4.549875822167846e8
2.5455474785481444e8, 3.2094245461731297e8
1.604143771819956e8, 2.1723518240655524e8
1.9610283540079567e8, 3.8618028161979514e8
1.3962315432651514e8, 2.6100830866416305e8
1.8157790164647087e8, 2.745475811384523e8
9.291909067329714e7, 1.347513586896875e8
1.3466411030015612e8, 1.9986189034314078e8
3.8133772588901734e8, 4.689752955664163e8
1.4244130510672638e8, 2.1120536321372786e8
1.638786185219997e8, 2.4521128805391505e8
1.5479135947199324e8, 1.9112830722070733e8
1.890676395800864e8, 2.5327424778721014e8
1.448987948356243e8, 2.4718258826729035e8
1.1509627529696563e8, 2.4760727134155223e8
1.58477847529978e8, 3.440594601414361e8
6.918694467613345e8, 7.454793451502216e8
1.7067868026750296e8, 2.229131190236358e8
1.464520466233743e8, 2.6264608240609965e8
1.552456564938331e8, 2.219709930236962e8
1.489707815339337e8, 2.0817168570987332e8
4.152764605226812e8, 4.881435784085637e8
1.3230300781676893e8, 2.094328928748607e8
2.5598372395186025e8, 2.9695228309266436e8
2.3090823681647512e8, 2.76235762068788e8
2.3230247592328808e8, 3.14433510591917e8
9.259238742182618e7, 1.2577860784052771e8
2.901224964558481e8, 4.1825674477766305e8
1.536977616026777e8, 2.721662116389981e8
1.5945892311686048e8, 1.993507304640259e8
1.9584978945096144e8, 5.475543879324267e8
2.9831806647134393e8, 4.770682828357284e8
1.3981587811438677e8, 2.5385927848519784e8
1.3631766611343274e8, 1.7205603042558098e8
2.783863433111844e8, 3.720634009637899e8
3.220584066631407e8, 4.3680234306496954e8
3.9182591871756446e8, 5.0514484634344405e8
1.6061675159001732e8, 2.2678869320399487e8
2.8653940538731056e8, 3.853422924965243e8
3.653627681245572e8, 4.3115822599244475e8
1.464970122193626e8, 2.1789308990908462e8
1.071209733026199e8, 2.0422728264786983e8
1.6820544720718682e8, 2.8182882503604954e8
1.5926416427602905e8, 2.411877943592473e8
2.831518965392853e8, 5.037125716831252e8
1.758465037222775e8, 2.1811057435622048e8
1.1539648927543892e8, 2.432389285051857e8
1.0089667842679681e8, 1.5835249187853876e8
1.3306013534383875e8, 2.3073020102421543e8
1.8476155270140556e8, 2.4587272143807945e8
1.8606586251277387e8, 2.654982332300472e8
1.9305180633658642e8, 2.716090642718829e8
1.759321882925707e8, 2.5987547104873452e8
1.5379954388478905e8, 2.380680700970008e8
2.1431130690878102e8, 2.4698268765391883e8
2.594548530707485e8, 3.0338787187243634e8
2.352295365029035e8, 2.6588005511663198e8
1.441280285787818e8, 2.2273131993864912e8
1.7494492803634542e8, 2.3872218114589152e8
3.904097747678687e8, 4.6149958571683794e8
9.936389268543379e7, 1.379206799071768e8
1.5187060341793403e8, 3.6599453940048116e8
5.665691717960949e8, 6.436387508418418e8
1.011885397810995e8, 2.1050942867977536e8
2.0100222989411017e8, 2.607554165818423e8
1.6237638520909974e8, 3.7773738141203e8
1.461214559245832e8, 2.080519465985294e8
1.7787145095538768e8, 2.62799875379987e8
4.500393344548427e8, 5.750278369203227e8
7.75815983417662e8, 8.28726107895461e8
1.3594607891429403e8, 1.867557939341515e8
1.747943168675175e8, 2.5141108406040496e8
1.1109799044490662e8, 2.1015956937692744e8
1.5747293264017877e8, 2.250083258420217e8
1.2613097550021411e8, 1.827529632391589e8
1.438593275799301e8, 1.9791013629282063e8
2.272124742241254e8, 2.776200445734677e8
1.574613611347054e8, 2.701859569916661e8
1.2475297538782944e8, 1.7075345400359994e8
1.680936325978811e8, 2.6165784655353388e8
1.863972496085486e8, 2.4037775985851398e8
2.4925895919622353e8, 3.1100008140609217e8
1.983724609013149e8, 2.302385605129228e8
1.5570481043871495e8, 1.9341449973998013e8
1.7441780292930183e8, 2.5889270360721806e8
1.4526912491122758e8, 2.0265249777581513e8
6.338604936824296e8, 7.062823253980405e8
1.7276096202753013e8, 3.4809471209111726e8
4.2963778736732644e8, 4.7934234530344814e8
1.8097152120190078e8, 2.3474986759622234e8
1.0856892412737802e8, 1.6686921781431627e8
2.636414926945689e8, 3.625983613856665e8
1.698254822388542e8, 2.0347945724041182e8
2.0025097438599843e8, 2.5555643870286304e8
2.5461339729960832e8, 3.909085675397953e8
2.0064764655073377e8, 3.333428006515439e8
1.237981627998486e8, 3.724388783008693e8
1.672833795634744e8, 2.5167178551437193e8
1.8883709045738816e8, 2.4178285319942218e8
1.7366323665097916e8, 2.0691201715950546e8
1.816884216048549e8, 2.6442212779906768e8
2.699644149913009e8, 3.671603880029842e8
2.264012324149897e8, 3.0584269469792056e8
1.4212821165288448e8, 2.3534349448451898e8
2.0884064975255027e8, 3.38552336739627e8
1.0592956736326145e8, 4.3704704041567093e8
2.3541786935270756e8, 3.551255175764914e8
2.5996856732887518e8, 3.343664238886797e8
1.2796267978880215e8, 2.223910944513353e8
1.6457450838135535e8, 2.2896385944105917e8
9.408939506095749e7, 1.451219110450638e8
4.228618843606741e8, 5.864138246126652e8
1.1724061849780038e8, 1.8707001312987614e8
1.3961302216890898e8, 2.0271952772405663e8
1.4313924365432286e8, 2.184745018172735e8
1.3115754680177763e8, 3.1380619709166074e8
1.919155007250957e8, 2.938583210904182e8
2.507259351657024e8, 3.718476018089809e8
2.045294571420587e8, 2.8028589131919163e8
1.304217073041934e8, 1.8101662971940905e8
1.7481824763736162e8, 2.848827089107023e8
2.2294075940621418e8, 3.565158611971084e8
2.3181123300644615e8, 4.0716839519246197e8
2.1702061179698545e8, 2.8455431345134485e8
1.750783404818528e8, 2.868658417738541e8
1.74617806412295e8, 2.417084701856963e8
2.0007240386996657e8, 2.544939707420144e8
1.4503582898193094e8, 2.6223118297603258e8
1.3893054925637692e8, 2.4945956372649968e8
1.1851389040503608e8, 1.6375099420715287e8
1.9831846041577783e8, 2.9433722492417e8
1.5517483305562538e8, 2.091319579407698e8
7.326356593758402e8, 8.623843360187668e8
2.915023273475669e8, 3.978872898814787e8
1.970022210293126e8, 3.109744475862789e8
1.8339814913765815e8, 2.6546091238599536e8
1.7196838414009494e8, 2.3105537867707872e8
1.896024227430865e8, 4.006734855681574e8
1.5525629886392474e8, 2.1128121284637028e8
1.6847097458192387e8, 2.4433232058136794e8
1.3837052068794268e8, 2.7776730744727236e8
1.2500330156182975e8, 2.1453751504127207e8
1.4822806545405334e8, 1.93172477190292e8
2.7133177167944413e8, 4.6014766649343204e8
1.5360282943063575e8, 2.5840289759619942e8
1.6867247449014786e8, 2.2137591963041845e8
8.732543879759434e7, 1.400075950211407e8
1.6609871126461953e8, 2.311463602935727e8
1.3203672491772984e8, 1.9770483600665492e8
1.502390292025349e8, 2.1482933829061326e8
3.913149923727055e8, 5.420243326910311e8
2.0361473305845937e8, 2.7653605643177205e8
1.2217804041381894e8, 1.739839619298518e8
1.9392131097903976e8, 2.6274875850293678e8
1.2211420443048531e8, 1.7440953164270574e8
1.6188241767172316e8, 2.1615086048677108e8
2.654686027472021e8, 3.617694667047117e8
1.3415587995184207e8, 3.3642834059000415e8
2.2884127175493684e8, 2.740447747692801e8
2.4117262830349895e8, 3.2078666010517865e8
2.2439524086122596e8, 2.8803244216592944e8
1.3552184057780176e8, 1.9544214020496976e8
1.2450489664854424e8, 2.0900062124150348e8
1.7413680632217184e8, 2.5341571869636515e8
1.7074160685597008e8, 2.4150477423343682e8
1.4764441784058604e8, 3.4529769177466184e8
2.883341660629814e8, 3.547808501043057e8
2.3933201210087526e8, 3.614511490172634e8
2.3274746751814193e8, 2.781447287684812e8
7.393762311985265e8, 8.596615484615247e8
1.5531969027594972e8, 2.3814063358992776e8
1.402416798561718e8, 2.0777349679987052e8
1.6647832786794636e8, 2.9158511227618676e8
2.0455977529938817e8, 3.087318292560166e8
1.593053585411921e8, 2.20506831716953e8
8.798621903907292e7, 1.5651581794111758e8
2.5632455669567347e8, 3.5667551925900847e8
2.3495613153839225e8, 3.9118194399204594e8
1.5296326605809245e8, 3.030241077382511e8
4.3082199609709203e8, 6.604704301513492e8
1.2706415025852191e8, 1.9824750022660172e8
9.928393249882056e7, 1.480711329241612e8
1.5104448704526913e8, 2.389857887228978e8
1.834676946432529e8, 2.2184833987680405e8
1.1953117686555663e8, 1.7289606190723208e8
2.417956447043669e8, 3.131178497339556e8
3.0675866986274457e8, 3.5901116671391666e8
1.4920456511426082e8, 2.6547591109425586e8
1.2184232674781695e8, 1.7309748420238012e8
1.3185045174904329e8, 2.5073080949048916e8
1.6338672404158187e8, 2.225721029279931e8
1.5150732650456172e8, 2.6038888223053914e8
1.0279946294975597e8, 1.5284113436004683e8
1.2145285479002579e8, 2.0333090903854358e8
1.4747234078711128e8, 2.1202866909703612e8
1.9254790451104057e8, 2.5864610778953364e8
3.953490728956435e8, 4.6762692166215587e8
1.7326696160143375e8, 4.957799556714218e8
1.539203805198106e8, 2.1931122400318158e8
3.1756828416559905e8, 4.9777206502712494e8
1.5540633275129452e8, 2.0830262362128067e8
1.4947469887783858e8, 1.9551157935621834e8
2.699685193807124e8, 3.25932510077713e8
2.7817018623874116e8, 3.745608457667498e8
1.6218020075395793e8, 2.4675969564192286e8
2.6140734057023743e8, 2.99201872530341e8
2.2465199342652303e8, 2.889518230445619e8
2.0952050498348874e8, 2.729814102262406e8
1.86389285756252e8, 2.2886997525435424e8
1.6862651096018377e8, 2.8064291531950986e8
1.3457507017473006e8, 1.6792753190680006e8
5.889590256552662e8, 7.577791241556065e8
2.122561864097797e8, 2.8837380564827687e8
1.2835414348355067e8, 2.0400418284685063e8
7.328741736476962e7, 1.3355273554724301e8
2.75975085411078e8, 3.621844471884848e8
2.31205144214105e8, 2.934588444503131e8
1.3936905582318887e8, 1.7925910507612848e8
1.1369062841804653e8, 2.053798222016505e8
1.705222228438361e8, 2.0562798414887145e8
8.897471342362337e7, 1.754500541071355e8
1.0882161957166535e8, 1.729022827303887e8
1.5584920712349385e8, 2.0741946539247465e8
1.0134329372929738e8, 1.7047563542826992e8
1.3479600407224867e8, 2.0353263568381608e8
1.1013765871271381e8, 1.9613075037656435e8
2.3514028224934712e8, 3.5721381177060336e8
1.6561069405685246e8, 2.461135274889474e8
1.9330139939550176e8, 4.9533380896771884e8
1.4678987795127785e8, 2.1557189496217924e8
1.7819401949332857e8, 2.170158541915626e8
1.0144630367589918e8, 1.5027857388861337e8
1.8144069116442764e8, 4.071664590608964e8
3.8300631472455925e8, 4.866249335079619e8
2.055716610473736e8, 2.6364070089647937e8
1.679692263810923e8, 3.2509983698018116e8
5.2244571604229134e8, 5.91965606380002e8
1.0788058040724665e8, 1.553101804525661e8
1.5109798326869208e8, 2.2424053491435197e8
3.647017851938377e8, 4.532176217665978e8
1.2647524839500403e8, 1.9018380629380184e8
1.453336335231243e8, 2.4476826448195118e8
1.8666423031181714e8, 2.4191255918353748e8
1.1090677457247984e8, 2.2295647350433016e8
1.2065524292489801e8, 2.0349957969821265e8
3.9550551244068015e8, 4.679770714064662e8
1.8366086002473956e8, 2.7778297449696726e8
1.4403002589116162e8, 1.848856596087292e8
1.3020595293394811e8, 1.8904082373229715e8
1.0457161858892462e8, 1.946910554620927e8
1.5112495489443955e8, 2.7811933316909444e8
1.1600026916602865e8, 1.8151809146200708e8
1.4065903051540655e8, 2.411178684578018e8
1.7349061806460896e8, 2.7196726255179757e8
1.8522121237914804e8, 3.4780640600357956e8
1.2247877871239522e8, 3.41324723960248e8
2.703480708740712e8, 3.393959733933489e8
1.7935267933224353e8, 2.2136162420286104e8
2.275666568122094e8, 4.275352960132017e8
5.728769543501139e8, 7.334220030980377e8
1.2628376871880138e8, 2.396305006866843e8
1.3180796356087333e8, 3.648273809877833e8
1.8913805742685914e8, 2.7317866519880134e8
2.035468610182257e8, 2.952476799194161e8
1.663244748616244e8, 2.528626694472486e8
1.0461297779765733e8, 1.9198580458873123e8
1.420242485031641e8, 1.8318230709700385e8
1.4798442627994433e8, 2.4801882317578533e8
1.6011946566748503e8, 2.1074043356644434e8
1.3620781786472172e8, 2.440136101619226e8
1.5436970751971188e8, 2.3705822016272622e8
2.1302326176110813e8, 3.049602545127821e8
1.7615864024210396e8, 3.899570488539032e8
1.7330466194731343e8, 2.166440719906294e8
1.7822265101471427e8, 2.6518861552232826e8
2.299198213535172e8, 3.952146772025375e8
1.5690550288350433e8, 1.943368931466893e8
1.1748564584678565e8, 1.729579046816517e8
4.806482342496586e8, 5.595646383300492e8
8.151481536124298e7, 1.345236904053702e8
3.1121737089532804e8, 3.4038126463235164e8
5.489399781628712e8, 6.26406869834576e8
1.2513710221911758e8, 2.2737879228654692e8
1.2832467432185523e8, 1.5466861964653882e8
2.366762490644512e8, 3.0154911900541914e8
5.1609734752764016e8, 5.972064321043428e8
2.92264989470335e8, 3.197284624675937e8
4.7531156257631576e8, 5.532549975558398e8
2.2040060384122124e8, 3.190070238226703e8
2.0073513871515432e8, 3.318030530271121e8
2.176305819234602e8, 2.868185521360339e8
2.2153136148656958e8, 2.635113663494302e8
2.188461455527184e8, 2.8343839356971854e8
2.1262494172024328e8, 2.8583038527268577e8
1.1898047125354895e8, 1.8073048989755166e8
3.749862364694716e8, 4.171710235096717e8
2.1615506306956723e8, 5.584431722298187e8
1.2292121125459033e8, 3.080683114850412e8
1.093331806606431e8, 2.129101488294602e8
2.5638275755694383e8, 3.122885440941297e8
1.1973097162346677e8, 2.7044560021427834e8
1.330557077876959e8, 2.507972981699263e8
1.563639478958048e8, 2.4592139128727427e8
1.1375850771566069e8, 2.1238088721893466e8
1.4870519018033817e8, 2.290636371747683e8
1.9422334781861356e8, 2.3247386364067078e8
1.6916020463957173e8, 2.426753310961996e8
2.291620787788028e8, 3.61106737851408e8
2.1961503883356515e8, 3.056486831726928e8
1.2549769448174751e8, 2.296906758857392e8
1.5030715503401834e8, 2.3458946284465834e8
1.5401249163548452e8, 2.0634779326195565e8
1.434894019476558e8, 1.874930857635932e8
1.1596980557108355e8, 1.841384379923682e8
1.3499653894008327e8, 3.2505476081044066e8
1.860107629275438e8, 5.580873073863052e8
2.4135373617939007e8, 3.0244116642604786e8
1.2366858834517737e8, 2.2503753405442312e8
8.654622975901185e8, 9.474284514876388e8
1.9441596637566546e8, 3.464959266241755e8
2.9401857972538275e8, 3.6525548730484235e8
1.590015604933133e8, 2.5382184995710084e8
3.089355407567229e8, 4.0823432125987047e8
3.089434030654744e8, 4.295466298957783e8
2.1464871414559034e8, 4.550378176477243e8
7.219275068471931e8, 8.603712202518891e8
1.7011154094284827e8, 2.482067609673984e8
1.4234655265136677e8, 2.4049353754290652e8
1.2279678169754432e8, 1.8979807337722751e8
4.5403874733003396e8, 5.845847872391803e8
1.5615931191972095e8, 2.4339418336302844e8
1.2612405448633374e8, 2.192261095063531e8
1.0673853127837965e8, 1.8289226653488266e8
1.5595947080543932e8, 2.5842562911229685e8
1.3060193637190285e8, 2.517116217543398e8
2.3651040790956956e8, 3.114551642244069e8
1.312421924341098e8, 1.7528347045391333e8
2.3156419834194115e8, 3.1472497730666494e8
2.394959497318272e8, 3.233246359318257e8
1.2650566906505331e8, 1.6652098562759793e8
1.38362392761538e8, 2.0494459158041215e8
1.455429494325968e8, 2.0403142566725075e8
2.0538787249073437e8, 3.6572766714568883e8
1.1794565935486352e8, 1.5170542944424114e8
2.081871636615636e8, 2.718377114692445e8
1.4917564276220644e8, 2.0459808693407074e8
1.8276029207575038e8, 2.461832667383336e8
3.0282267122796446e8, 3.5853457363712865e8
1.3770306995076582e8, 2.1332074599448395e8
1.3065335789983845e8, 2.3193065472251892e8
3.0176522835126436e8, 3.550658171097129e8
2.0038111824186698e8, 2.5796634588463062e8
1.2352475972449183e8, 4.7429131961564624e8
3.2151489546341276e8, 3.593297309987705e8
1.4746859982197228e8, 2.1266107125818378e8
1.2638761754768422e8, 1.9996568058553165e8
1.8813888975994328e8, 2.7061150930194956e8
1.43251987153213e8, 1.976717141628444e8
1.2356232516663842e8, 3.7310277733665067e8
1.6423603160267127e8, 2.794577421746123e8
1.4192168267243105e8, 1.96370073306062e8
1.7537188064926857e8, 2.714390284903508e8
2.3239541874789914e8, 3.2767840766967523e8
1.715854827715705e8, 2.5517884830577096e8
2.825945246499892e8, 3.471051559057022e8
1.4089899554314494e8, 2.2658650405586687e8
1.7962863216422254e8, 2.7434651230882573e8
1.2165873489426142e8, 1.8031813065801725e8
3.713881501156611e8, 4.9959048090306205e8
1.4186632147113574e8, 2.2397912656149483e8
1.4994132247981685e8, 3.370298881680308e8
1.553736613462793e8, 2.6372901105239043e8
1.6237906681796616e8, 2.536546828747761e8
9.880499248205668e7, 1.8594618064514855e8
1.2611980548543763e8, 2.1382327476554394e8
1.763474381724412e8, 2.4480996826220167e8
2.5120156753933108e8, 3.908665672030985e8
1.3116699104818496e8, 1.8235177178450713e8
1.606328327565232e8, 2.0938659714242125e8
2.0697861450997725e8, 2.7960439802545434e8
1.3693369163554847e8, 1.9638961774705914e8
2.0259831235957488e8, 2.5948208727768552e8
1.3889821417843205e8, 2.0863914031869486e8
3.749386877945937e8, 4.4324295795152646e8
1.8060007112740695e8, 2.775403651354764e8
1.3877857849894732e8, 2.127946037682044e8
3.7372442738808733e8, 4.8191655468234295e8
1.491477380290413e8, 2.4724964990744412e8
2.0968482445787865e8, 3.668667954884965e8
4.375691122451613e8, 5.1489129374661267e8
1.023930107135054e8, 1.6424551274142548e8
2.817934652242171e8, 3.512035650350155e8
1.9763613336737007e8, 2.5615307066666391e8
2.646905590023942e8, 2.9663939736884534e8
1.7055757670013854e8, 2.9207886042171365e8
2.3580150806068558e8, 3.569684043532379e8
2.592859535613269e8, 3.362069889515144e8
2.7846193018481904e8, 3.6382136812126184e8
1.4456496671774915e8, 2.5261799028347173e8
8.313540161396559e7, 1.3426240813618988e8
3.3581374573329675e8, 6.403495971785151e8
1.4682579602346966e8, 2.3568110911158752e8
1.9095929506063125e8, 2.916876401140609e8
2.0991454155442742e8, 3.3420794745670724e8
1.1285506695981093e8, 2.0299030265540072e8
7.689259052744788e7, 1.616459971937663e8
1.4253248352122253e8, 2.2050949415368974e8
1.4539334630221114e8, 2.365422749333159e8
1.3633798665503147e8, 2.2982796379615772e8
1.9858428928574038e8, 2.6484463843890455e8
1.191918851362476e8, 2.5154125756154454e8
1.1783049009479423e8, 2.1795756035362205e8
2.183818060587376e8, 3.607797960346731e8
2.1110019540691572e8, 2.638938851108888e8
3.0348870026524425e8, 3.4706976516599953e8
1.3702585516875604e8, 2.7313607405680287e8
3.921748364914567e8, 4.407611765065486e8
8.465878209280595e7, 1.5385943230656657e8
1.7075239814765882e8, 2.8520627446006715e8
1.8121554544541022e8, 2.295546246459983e8
2.0003616142866066e8, 2.5398960147853908e8
8.357309268948391e7, 1.3125972453564854e8
1.7680642718255806e8, 2.74800158821843e8
1.2962009321372518e8, 1.655842020870309e8
1.9948671763420358e8, 2.3961611390624675e8
1.3823656730877545e8, 2.1755074435644203e8
1.9951075640924472e8, 2.6200025772463614e8
1.5214350151871523e8, 3.3379711444905907e8
1.6942695525403237e8, 2.6071002460829479e8
1.609290717061516e8, 2.135492373325466e8
1.5699108527006552e8, 3.653232737484665e8
2.1412460699926308e8, 3.142549966675515e8
1.2606131110149133e8, 1.9409916528600577e8
1.4387458776980937e8, 3.2145822342309254e8
1.401520557044278e8, 2.5545780808868265e8
2.6361773563960412e8, 3.583543830443461e8
1.8004957179082e8, 2.4164496888288808e8
1.2828754033983569e8, 2.1645622881391758e8
1.5209419089616778e8, 2.2748018209099454e8
1.1925602155720696e8, 1.7939627321352282e8
1.7883538805020463e8, 2.4364813847272432e8
1.280008051622705e8, 1.6854370292012605e8
1.6448821436470398e8, 2.0440789503562516e8
3.783817039688225e8, 4.471891267620188e8
1.7875658341237628e8, 2.5460638159808788e8
1.382332548827424e8, 1.9000035089353067e8
1.3404121804968159e8, 4.0677537514988637e8
2.311454924145256e8, 2.773114139562273e8
1.2256974272782123e8, 1.62079861440198e8
1.9093429323090267e8, 2.797628685314997e8
1.754364626387134e8, 2.4026885046075594e8
3.161160938144355e8, 4.1242099820198995e8
1.7147717500132298e8, 2.2778129809091267e8
1.906738970350904e8, 3.3622234541223514e8
1.384355097435319e8, 2.2340932278033385e8
1.6784274937093768e8, 2.2242621197930732e8
2.878643074393683e8, 4.88386345582535e8
1.82104719127944e8, 2.7530155611870635e8
1.7408236215535194e8, 3.579460468197309e8
1.711005872420422e8, 2.0953705109918746e8
2.761441866414048e8, 3.223254382438293e8
1.0280072833447774e8, 1.884399109946369e8
1.758781072537702e8, 3.1488725198162067e8
1.2969748690538037e8, 1.9419653291220236e8
1.942887385145394e8, 2.57707215059456e8
1.0065846464902093e8, 1.472196923762319e8
1.3020906416804397e8, 2.3619752811999598e8
1.829520040724412e8, 2.5478015079171017e8
2.7803540086472464e8, 3.7161619861649996e8
2.0923155255026728e8, 2.8619694688594484e8
2.0566302097308373e8, 3.0368203912347853e8
1.462558356909105e8, 3.416092200292499e8
1.0756107806995755e8, 2.8522769751785517e8
1.1036257265303612e8, 1.6779635640273973e8
1.6339889936119685e8, 2.1499796351891178e8
1.069230064447315e8, 2.797407715177645e8
1.9129279316097263e8, 2.6109650827685192e8
2.2891938865004605e8, 2.877968556979615e8
1.5987341838225928e8, 3.4224953107997155e8
1.286690535720432e8, 2.5499444476746777e8
1.4605489896788663e8, 2.1995242154766962e8
1.4984494919404453e8, 2.739625470008758e8
1.4160863047206882e8, 2.010978633519958e8
1.6071254691147467e8, 2.5529862206775695e8
1.6916738923613742e8, 2.491163934058023e8
2.2351430116640744e8, 3.641747843746511e8
1.2234110957421458e8, 2.038793723026388e8
1.5980445667552334e8, 3.7329187900634396e8
2.2002072278558743e8, 2.6305095737167105e8
2.1302251975930375e8, 6.299999985084594e8
1.4686343313488764e8, 2.1575276031940812e8
1.4266168642608276e8, 1.988286136360192e8
1.195593588106527e8, 1.906366021874559e8
1.443352442620446e8, 2.824161593921883e8
3.609300746171071e8, 4.318173400755761e8
2.10886297303342e8, 3.1009997173621416e8
1.3701122899339756e8, 2.1964609378949597e8
1.6297972201298872e8, 3.1515417159229225e8
1.7003931385105118e8, 2.424431928818578e8
1.5072791972246864e8, 2.6285543029572314e8
2.125613279471394e8, 2.6388579702058962e8
1.4099115573176202e8, 2.5279277418923208e8
1.644332105268885e8, 2.413539514964787e8
2.190826226174428e8, 3.053492356164508e8
1.503181879438565e8, 2.484722981728964e8
6.257178367150401e8, 7.217241907645231e8
2.4198292383021218e8, 3.316556950364151e8
1.5901710381193224e8, 2.8014264183100057e8
8.941730404119097e8, 1.0476673428151178e9
1.3774812143275103e8, 2.520757153572164e8
2.160361104648603e8, 2.6368540947686854e8
1.8123654998663607e8, 2.3152072633442926e8
2.349108473406378e8, 4.447872202179458e8
1.3047081714773671e8, 2.0150420372919884e8
1.1311259660605311e8, 1.574202413922e8
1.461994738104203e8, 2.1614449375643536e8
2.2309804964267635e8, 3.247427373414071e8
2.8981644650604594e8, 4.830949884805412e8
2.9672904207350624e8, 3.4228912107839286e8
2.1656098749354547e8, 4.041117703641004e8
4.959993775925889e8, 6.390703700127035e8
3.218178645629646e8, 4.0498110687327355e8
1.853550203347291e8, 2.6033425594064415e8
2.152909811566498e8, 3.073965198992203e8
6.207088142514136e8, 7.78958620305144e8
1.629974373285121e8, 2.335080624440723e8
2.2410267464409542e8, 2.8512811242451215e8
1.5805021495906785e8, 2.0254877161158833e8
1.6387987849630708e8, 4.879459801367938e8
1.795359286965236e8, 2.5323105201232767e8
1.4175878593034765e8, 6.348867379991561e8
1.5807531515799505e8, 2.0807197991203853e8
1.8880176494635668e8, 2.4191676410796595e8
2.482447116893937e8, 3.618251672137671e8
6.462854918402372e7, 1.280221637101252e8
1.1675156802166356e8, 1.7225067062419307e8
1.1155190902512686e8, 1.6089638220479572e8
3.1428980522076106e8, 4.1326228049003214e8
3.013468453344936e8, 4.195987802286854e8
2.226950524308612e8, 2.8410836589775646e8
5.838877448777683e8, 6.553286478256363e8
1.7424593953328773e8, 2.5608746129495582e8
3.7080514842518955e8, 5.992859711116445e8
1.555510474279994e8, 2.120927294940258e8
2.08430864368985e8, 3.3485548392592514e8
1.6851758632586557e8, 2.2521518129368266e8
5.4452863052821e8, 6.752439779846778e8
1.3785103364858663e8, 2.679049164884142e8
2.038952077410444e8, 2.855741539692225e8
9.808242156551464e7, 1.7685248805919996e8
1.2121860989581516e8, 1.7636509547026187e8
1.775436734395127e8, 4.8306812598332316e8
1.570509001838776e8, 2.1763164432578665e8
1.6539130667618838e8, 2.2363924234021798e8
1.2293893471397915e8, 1.643155083379422e8
1.1773380242003669e8, 1.601217791974392e8
2.3530456946797046e8, 4.405251325746783e8
8.383540494840811e7, 2.0514695503236678e8
1.6212328649402976e8, 4.087034316068161e8
2.0785302710896578e8, 2.9589401896471494e8
1.430771887598002e8, 1.8647459448876187e8
3.826907011117504e8, 5.035021664575236e8
1.3888597796208018e8, 1.9986345171611e8
2.626763466449637e8, 3.628183517819767e8
1.2081504560823514e8, 2.124900469615392e8
9.916418853517851e7, 1.6866446562401587e8
1.0517394980122198e8, 1.408489013549374e8
1.6025336083370227e8, 2.5049270669126818e8
1.414122399535151e8, 1.9216352774694878e8
1.483976676559373e8, 2.0571872754857743e8
1.363117051661759e8, 2.6346199271518224e8
2.2434271345222476e8, 4.169976799245893e8
1.307427926753238e8, 2.0206760032425272e8
2.0519328814715114e8, 3.0735794179563147e8
1.6919675551761422e8, 2.4121821789922655e8
1.859165881593559e8, 2.5114392004975528e8
1.1039756090323414e8, 1.71358457930457e8
1.50558378430225e8, 2.079736267834187e8
1.1391077280063304e8, 1.9841556001607278e8
4.060150613897273e8, 5.761407928443333e8
1.4050747480735993e8, 1.9533013833201522e8
3.404406054845157e8, 3.933516047233003e8
3.9291141448468125e8, 4.4989140906432676e8
1.4855403329232645e8, 2.140439650799713e8
1.3997324698680592e8, 4.633894935201036e8
1.4261640149739793e8, 2.059700864841139e8
1.9500963360706323e8, 2.6252391002927458e8
1.2345944633774938e8, 2.4029048820560536e8
1.6434226760725373e8, 2.4300319533326268e8
1.9646598882424584e8, 3.536167806115891e8
1.683252015293824e8, 2.6301253613727483e8
1.1010786956787974e8, 2.0845288475893596e8
1.2709631071056266e8, 1.849773045592743e8
1.5814147381445107e8, 2.063440109262722e8
1.435790309803184e8, 2.1080657078489953e8
2.006942856336918e8, 2.8597585325762033e8
1.9645838970646897e8, 3.117654102277554e8
1.4104406858353934e8, 2.454949183554638e8
9.342552401925722e7, 1.632802921628179e8
1.9274454837773713e8, 2.3647987836453003e8
1.0751253606127241e8, 2.2928105150282368e8
1.4949987087266517e8, 2.548444648327667e8
3.781019939079395e8, 4.728158499123444e8
3.4625511136109257e8, 4.293788400690021e8
1.1002161892336692e8, 1.816991432421966e8
3.2116356316613084e8, 3.8818207547691774e8
1.8587107255238807e8, 2.2462288469068444e8
1.5145789456486046e8, 2.3461489145728794e8
9.771876850046004e7, 1.7674200298761967e8
1.677156519265189e8, 3.293102006372716e8
1.7169548290581593e8, 2.4754188141998124e8
1.502730010653384e8, 1.8995534879151493e8
2.097087185615599e8, 2.828271752176612e8
1.788631841820954e8, 2.3425899686020014e8
1.5855037613717547e8, 2.19347134455663e8
2.2500288511010036e8, 2.7495996605411863e8
3.9202220115304977e8, 7.297443555457813e8
1.2388338939874034e8, 1.7755244348275045e8
1.3675501302296892e8, 2.394360737314934e8
1.666740688084275e8, 2.3731710039465633e8
2.2712296719738457e8, 2.7031386024522805e8
1.860770476071155e8, 2.712708343867641e8
1.4772124500899708e8, 2.4709070550735635e8
2.7631388301692873e8, 4.092800750950756e8
1.2812763741336228e8, 2.013276514835071e8
1.3526901446702322e8, 1.7578376935333e8
1.5268074897019556e8, 2.3244851823900986e8
1.5138324485687578e8, 4.075889025955432e8
1.89713098273978e8, 2.5179132696128193e8
1.1418274013371636e8, 1.685166446169973e8
1.2223200544716294e8, 1.9520256625141343e8
4.195573167765058e8, 4.8100268190321445e8
1.8462335601980588e8, 2.219970705578515e8
3.1144152447559196e8, 3.966909049376012e8
2.416023692629484e8, 3.1029598346089673e8
1.7412711755454233e8, 2.3694206148803547e8
1.2492898256248687e8, 3.3991629405880076e8
2.3776007621084732e8, 3.15939208308611e8
9.472520981222488e7, 1.82747315205258e8
1.6053346044779748e8, 2.1205877518762314e8
1.9799338353905615e8, 4.4749969925773364e8
9.236296124861766e7, 1.841264019609844e8
1.6781247608116856e8, 3.9494555647555447e8
2.130559316487137e8, 2.658366996363409e8
5.2133852185805e8, 6.696530341303285e8
1.68720161880697e8, 2.516255857486078e8
2.3569880910789087e8, 3.293080749275624e8
3.401188500852711e8, 4.100384574304357e8
1.1063474757924417e8, 1.5784062853762087e8
1.1649840664398348e8, 1.794497722232393e8
1.9455255539711305e8, 2.590243111725176e8
9.03909340798162e7, 1.442285598067499e8
4.8626583610170233e8, 5.2380574768773395e8
2.7220114861852866e8, 3.451061634667679e8
1.8595184088479167e8, 2.7409772205151606e8
1.5763279990684316e8, 3.321683655905715e8
1.2299722420849447e8, 1.7356971807039338e8
1.4046524571680668e8, 1.9376141521887127e8
6.365551131662083e8, 6.692784952007749e8
1.4468410563170987e8, 2.0298789513540632e8
9.611288724777275e7, 1.8445587499145278e8
1.4554926744036245e8, 2.803726545486302e8
3.440479495664795e8, 3.942890970371237e8
1.731691693185865e8, 2.785778488362044e8
1.338600280759081e8, 2.240180427261987e8
1.5882513985459393e8, 2.4609655904033333e8
3.147008156589817e8, 3.620664869061773e8
1.4506425578740275e8, 3.8084696652024055e8
1.5575298809005174e8, 2.744658420455772e8
2.423777480649876e8, 3.2951025610464066e8
1.4850722020231307e8, 2.252063460799095e8
1.3333368837045264e8, 1.7697919838641068e8
1.6938711006483027e8, 2.199576883112898e8
1.8954939049538672e8, 3.083419829339434e8
2.2631249836952886e8, 3.2362551607221204e8
2.367476896912024e8, 3.103546003131545e8
1.4291558462503067e8, 2.4412346874143106e8
1.051073917570762e8, 1.662955978178043e8
3.779879222245076e8, 4.513445488940032e8
1.542245957959867e8, 2.0877557513824806e8
1.863990952643606e8, 2.3542427424156418e8
1.5856254756600782e8, 1.927359963467192e8
1.899036365106946e8, 2.7746098858129656e8
1.8542594830361632e8, 2.5703547490778354e8
1.1328887667992e8, 1.6071858966130868e8
1.2929068945035896e8, 1.7478467335496503e8
1.1590342825616755e8, 1.9790223535978457e8
2.77705152647406e8, 3.288624354649505e8
1.7184648904543245e8, 4.0885635794926375e8
1.47332083093072e8, 3.0313956436645097e8
1.5862581831628442e8, 2.841989153871182e8
1.9988252453342047e8, 2.5789521877629927e8
1.864350618814846e8, 3.7456019008611554e8
1.2605822460411586e8, 3.503941169657086e8
1.1462437805941385e8, 1.6851340305108052e8
1.5158661006121412e8, 2.033233808178102e8
3.1132428465708166e8, 4.155553997887454e8
1.4396515346590403e8, 2.072576647861824e8
1.43866226848864e8, 2.3812009469638973e8
1.8234249708769488e8, 3.950149938429205e8
2.1564469403765708e8, 3.2472895225680393e8
1.6818233082620287e8, 2.721859929175689e8
2.1281328878761896e8, 3.352469533024568e8
1.4813856264106843e8, 1.9566306491471577e8
2.715932085705557e8, 3.4194757154273367e8
1.7742695343736938e8, 2.4542669118258765e8
8.775524497876896e7, 1.3183844096229927e8
1.3922366492390236e8, 2.414066788533304e8
1.206443601228302e8, 2.289144135482026e8
1.9242344169688874e8, 2.6497659788645235e8
1.956852633095807e8, 3.13643452798868e8
4.388514057521609e8, 4.6655870598335046e8
1.8414766357642666e8, 3.1628837225124884e8
1.0902144566566658e8, 2.4701919852390033e8
9.114444170636085e7, 1.4776505383039257e8
2.6145242376115248e8, 3.6781454956716e8
1.2173144452836575e8, 2.267679040793471e8
2.0597787864568007e8, 4.4415123494830555e8
1.969543846714376e8, 2.5615153621591994e8
1.9813002660361943e8, 3.146918731986867e8
1.0919826694260581e8, 1.817504495083164e8
2.1882566958936447e8, 3.456646671064827e8
1.6288888533665007e8, 1.9662049422750124e8
2.050405990007381e8, 2.484094847019576e8
3.6213947127967083e8, 5.310524590540233e8
1.3519775259910735e8, 1.791768248611566e8
1.81312183187363e8, 2.663054702013454e8
2.934376482395213e8, 3.813453490043552e8
1.7250011985000086e8, 2.724360245416615e8
1.3720730308631095e8, 2.0460034092025432e8
4.673480968647393e8, 5.789167125949244e8
3.613630097699164e8, 4.219365415961292e8
1.5924606952631533e8, 2.945499344073819e8
1.7118881581668034e8, 2.2842547525679883e8
1.7388484645242584e8, 2.8459801156070644e8
1.6568012237418273e8, 2.3760858972826156e8
8.42854654527151e7, 1.5016812658685532e8
1.7869519145634356e8, 2.5893001534734207e8
1.9430559056502128e8, 2.3983315694827554e8
9.47041789201002e8, 1.1534170046702545e9
1.2700775853375688e8, 1.6837385313959065e8
3.9295083506159854e8, 5.771823915336274e8
1.711480902586649e8, 2.620562060767782e8
2.0995133922975442e8, 3.203565152940811e8
1.960499211307578e8, 2.3262489695452416e8
1.9893195677981707e8, 2.6438099355896658e8
1.7981279835329422e8, 2.6775588633005047e8
1.3016221904837507e8, 1.7481258253726813e8
1.7141686768299738e8, 2.2179286552393386e8
2.4051327231269997e8, 5.1010893282689476e8
1.7552437825769836e8, 4.258046365073435e8
1.3932235681536004e8, 3.218016042590144e8
4.368744499446557e8, 5.03171031008208e8
1.2427676382276505e8, 2.3047509424453712e8
2.6119720540656537e8, 5.217994539258323e8
1.3132088022271916e8, 1.7073456900174472e8
1.50134509000046e8, 2.863976801318859e8
1.415633584036661e8, 2.4560508793535155e8
1.8321740447771603e8, 3.258248611078605e8
1.5221735925003788e8, 2.2779268734015518e8
3.533434844187125e8, 3.768486268231898e8
1.5594921010511658e8, 2.3432233190621048e8
2.6250851046606055e8, 3.305712304931585e8
1.7507784985993043e8, 2.1262704966031778e8
1.5456754957383278e8, 2.5182807898764706e8
1.7156663247220314e8, 2.73623546747249e8
2.3580219266134858e8, 2.8036984393378574e8
1.48871917706947e8, 2.912923068776345e8
3.362441296793509e8, 3.9431440053209543e8
1.7245267660093477e8, 2.201824398089881e8
1.3853221712101975e8, 2.418058165205288e8
1.1033211863487794e8, 1.8255047249151734e8
2.0232683906104872e8, 3.0179149860668784e8
1.770082554061103e8, 2.4314302605076218e8
1.2128656458237232e8, 1.8005822735689068e8
3.2091343982291234e8, 4.3612677417387235e8
2.748917443244584e8, 3.367828501471078e8
2.7476085466739035e8, 3.796342546588753e8
1.4892659724687356e8, 2.3126259062992856e8
2.1396873450540987e8, 3.0142005478692067e8
1.0251819610751458e8, 2.2765668699476796e8
8.917158385959886e7, 1.5969059178057432e8
1.7256068377804598e8, 2.4956069961499727e8
1.268508107245635e8, 4.0972006488078034e8
1.4780557548980382e8, 2.0757000308365518e8
1.513741396713894e8, 2.5076331637375456e8
1.0395668026052846e8, 1.7130322284779662e8
4.4335757680469567e8, 5.1458066098911506e8
1.9986946996297556e8, 2.3732015346192256e8
4.397734698750264e8, 7.488418369014096e8
3.942691457880644e8, 4.9371550911993486e8
3.9708696027221644e8, 5.0459689876431984e8
4.2037797356160676e8, 4.681141471780831e8
1.2616568404095998e8, 1.7749733211055404e8
2.0917353958684188e8, 2.749178273987318e8
2.3436591731743976e8, 3.447450941703117e8
1.0554606635075998e8, 1.5425235070008847e8
1.2665177953631528e8, 2.2554841171550983e8
2.1506029430130103e8, 2.857973786416939e8
2.2327940352542824e8, 2.8994425426131296e8
2.865541355115979e8, 3.699936792802762e8
1.3788532131916505e8, 1.9028495191167146e8
1.6798056589008355e8, 2.887244120509496e8
2.167843994400393e8, 2.877580792812877e8
1.7352853150166073e8, 2.2248036532175907e8
2.953045021624491e8, 3.633163960844186e8
1.6993022758196542e8, 2.7041432782507014e8
1.1318805605785765e8, 1.7023950532546598e8
1.099970380476804e8, 1.642103391615714e8
1.671002770902506e8, 2.810171924284541e8
1.3168361426317002e8, 2.2960217733220643e8
2.687953760279838e8, 4.1090164160960203e8
1.145036964720018e8, 2.5021730254214364e8
1.9255850949849242e8, 2.992394153875346e8
1.3006540420851219e8, 2.2804041913237694e8
9.480545088085578e7, 2.068816386583444e8
1.77504301082015e8, 2.973232042504738e8
1.6975294877583468e8, 2.063557912441826e8
2.027120928848144e8, 3.264987826601503e8
1.558840987921144e8, 2.3254407661644316e8
2.6648060874489132e8, 3.5059244099168146e8
3.274405590041341e8, 4.661820390499789e8
1.5545918047328192e8, 3.2262195577777207e8
2.021551522117295e8, 2.8252574981657344e8
1.2413166205511327e8, 2.018049100322324e8
2.0600308164755595e8, 2.5883144919989967e8
2.686958180742638e8, 3.806028539281601e8
1.6177880217075247e8, 2.3046450418844756e8
2.0387057932975787e8, 3.0722652573894006e8
1.1584930554688145e8, 1.5655795507430762e8
1.4213580810980785e8, 2.1528938068936622e8
1.0574925872293103e8, 1.750602954525086e8
1.1469066188698156e8, 1.682764361832273e8
1.5760147607592028e8, 2.0441003832403332e8
2.3717776392105272e8, 2.7947945655706733e8
2.0082830086043563e8, 2.958639129507564e8
1.4233720475492007e8, 2.1970604839150456e8
1.471461492761014e8, 2.1471991013440517e8
1.7037282304639572e8, 2.880090497970399e8
1.9430447253641713e8, 2.782342730718775e8
1.1998749160956016e8, 1.6226219286015135e8
1.3768948830439362e8, 1.869734328245028e8
2.8122257344825006e8, 3.2961880266805595e8
4.1457261630281925e8, 4.919625593224127e8
1.5197633951452148e8, 2.1123472570641345e8
2.380895433399488e8, 2.5880788033362967e8
1.6422911688815767e8, 2.783838782116467e8
1.1380706676200156e8, 2.2749930021136084e8
9.935316203340688e7, 1.5214397438964036e8
4.1942103884739345e8, 4.881905857501549e8
1.882585299250679e8, 2.3635616550467e8
1.2809058736866018e8, 1.6982475994775495e8
3.754739831622866e8, 5.007237077554e8
1.8683041944873884e8, 3.5690159956980455e8
2.3019338769412178e8, 3.2730860815418303e8
1.1982618528065369e8, 2.3360557019539303e8
1.820519176852024e8, 2.650538420476085e8
2.200485833255258e8, 2.70987928456217e8
1.8049764931290296e8, 2.9907802975249887e8
1.7953665805788714e8, 2.5291834869608644e8
1.2485718791822247e8, 1.9095009083265552e8
1.4814581972070387e8, 2.0896258743334168e8
1.598213824253126e8, 2.526806168392859e8
1.2868403548612583e8, 2.0749548901501578e8
1.3261680107242687e8, 2.244381334218902e8
1.2750645952022403e8, 1.9702294707256484e8
1.90783662874095e8, 2.8733049342623806e8
2.3911670984066898e8, 2.937629667186377e8
1.275376933910476e8, 2.0121221900530785e8
1.8740822663749087e8, 4.595725080041323e8
1.569190088364778e8, 2.2258895848280126e8
2.1821422213095817e8, 3.042775116770022e8
1.411376708141617e8, 2.3481821377354062e8
1.264500440850392e8, 2.8023690174479204e8
2.1205990219454515e8, 3.013679453744578e8
8.598207787236485e7, 1.3516059521555397e8
1.897245664772678e8, 3.085712082188131e8
1.9995493073422956e8, 3.478628759196302e8
3.513834375230284e8, 4.88291370068248e8
2.9148107040367705e8, 6.434412946282196e8
1.7578700920279375e8, 2.4348647850535518e8
3.2492764403750116e8, 3.7241266150175893e8
1.3432657958881816e8, 1.7807927936053878e8
1.1945542394170494e8, 1.8023184682692882e8
2.0580756283547702e8, 2.6833158292421964e8
1.2012927897445871e8, 3.343525357819159e8
1.5427287479721162e8, 2.3658046060742387e8
4.0869694800089604e8, 7.909016675678905e8
1.5280186152892905e8, 1.9385327076944053e8
1.3363148172028923e8, 1.8380486420412782e8
1.3644209001662043e8, 2.6262292029052174e8
1.5734223951382366e8, 2.4810283258988434e8
2.951864383506403e8, 3.355022955037639e8
1.5259215175438955e8, 2.0602969385774037e8
1.6106599395314845e8, 1.9944213913845983e8
2.3356154597487536e8, 3.4791116415690845e8
2.1177102872595695e8, 2.4375759322486952e8
9.035147290069601e7, 1.544148243761176e8
1.770760227383187e8, 2.7834193127643085e8
1.714562816229407e8, 2.2260552180370328e8
1.2606322190040834e8, 1.6870522040793893e8
1.3059557324597049e8, 3.473288488242669e8
1.3743227232560775e8, 1.8863740268424034e8
1.7237908692698887e8, 3.4825066789488465e8
1.7292960914219588e8, 2.3046143347614244e8
1.2792687658427e8, 1.771609376469642e8
1.729836284471624e8, 2.3145622613474637e8
1.6948136585127598e8, 2.42304128240818e8
1.560726371085823e8, 2.593191587374485e8
1.087646389443939e8, 1.598855215030008e8
2.5296047013884905e8, 3.139423022984407e8
1.5801767466806835e8, 2.028942832465482e8
3.005791227585347e8, 3.499892167299594e8
1.187316642959564e8, 1.8815467077819526e8
3.9127253287439e8, 4.7162786489764655e8
1.2344836591887559e8, 2.4300749656995595e8
3.565767843436225e8, 4.119629914000762e8
1.1726846004401156e8, 1.848311788576893e8
1.8783650648806894e8, 2.9917367427829766e8
1.7385194514058712e8, 2.6204471417157137e8
2.192876522806999e8, 2.738077393367502e8
3.114310898507177e8, 3.82073558117094e8
4.8628248750949365e8, 5.574848352314924e8
1.3861533780060363e8, 2.2252470795219898e8
2.841458239859575e8, 3.868544305267768e8
1.653740265305965e8, 3.9995120904482514e8
1.7264096688808924e8, 2.231594713983376e8
1.9196696077649012e8, 2.473792710386761e8
1.4608569075791782e8, 1.7943522205563012e8
1.7570752207691267e8, 2.7392103590971446e8
1.0260688310482267e8, 2.0018559405417627e8
1.1879710992733419e8, 2.944731974664568e8
2.0379721980955344e8, 2.5456920072752106e8
2.3176579051589772e8, 2.874802259895441e8
