(1,21113.17)
(2,29411.76)
(3,35972.69)
(4,38050.32)
(5,35950.98)
(6,31656.45)
(7,26397.74)
(8,21032.47)
(9,16005.24)
(10,11851.7)
(11,9633.16)
(12,11404.08)
(13,16882.13)
(14,23099.71)
(15,28395.12)
(16,31042.79)
(17,29635.42)
(18,26169.31)
(19,22010.19)
(20,17876.25)
(21,13693.31)
(22,9931.9)
(23,8172.88)
(24,10042.49)
(25,15605.88)
(26,22389.01)
(27,28380.41)
(28,31834.85)
(29,31208.43)
(30,28095.67)
(31,24507.23)
(32,21142.39)
(33,17240.13)
(34,12954.5)
(35,10743.56)
(36,12553.4)
(37,18090.89)
(38,24147.76)
(39,29482.04)
(40,32295.65)
(41,32249.61)
(42,29979.8)
(43,27547.08)
(44,23757.42)
(45,19386.31)
(46,14769.91)
(47,12268.14)
(48,14041.59)
(49,19506.79)
(50,26145.77)
(51,32585.56)
(52,36300.55)
(53,35474.18)
(54,32766.7)
(55,28638.5)
(56,23951.82)
(57,18947.54)
(58,14237.69)
(59,11343.78)
(60,12886.21)
(61,18343.7)
(62,24484.34)
(63,29797.6)
(64,32319.73)
(65,30863.23)
(66,27133.28)
(67,22955.39)
(68,18756.65)
(69,14606.53)
(70,10402.51)
(71,8181.07)
(72,9960.01)
(73,15543.37)
(74,22678.33)
(75,28737.19)
(76,31952.3)
(77,31389.27)
(78,28285.47)
(79,24172.4)
(80,19702.24)
(81,14870.14)
(82,10530.32)
(83,8323.84)
(84,10127.54)
(85,15905.03)
(86,23344.66)
(87,29909.07)
(88,33477.82)
(89,32801.05)
(90,29790.33)
(91,25552.28)
(92,20988.96)
(93,15942.82)
(94,11295.19)
(95,8753.6)
(96,10481.51)
(97,15939.66)
(98,22083.28)
(99,27383.93)
(100,30223.91)
(101,29041.96)
(102,25441.54)
(103,21114.18)
(104,16735.74)
(105,12011.16)
(106,7683.7)
(107,5329.51)
(108,6655.52)
(109,11937.44)
(110,18687.21)
(111,25063.82)
(112,28609.99)
(113,28217.97)
(114,25097.8)
(115,21004.95)
(116,16273.49)
(117,11051.62)
(118,6079.51)
(119,3277.56)
(120,4589.56)
###################
(1,21113.17)
(2,21502.81)
(3,22080.12)
(4,20959.0)
(5,16879.16)
(6,12015.52)
(7,6789.32)
(8,1714.18)
(9,0.0)
(10,0.0)
(11,0.0)
(12,0.0)
(13,405.97)
(14,2132.63)
(15,3647.43)
(16,5557.13)
(17,2720.24)
(18,0.0)
(19,0.0)
(20,0.0)
(21,0.0)
(22,0.0)
(23,0.0)
(24,0.0)
(25,260.21)
(26,2054.23)
(27,5118.0)
(28,7324.4)
(29,6629.49)
(30,3860.31)
(31,1885.31)
(32,620.99)
(33,0.0)
(34,0.0)
(35,0.0)
(36,0.0)
(37,372.78)
(38,2170.03)
(39,4837.97)
(40,5338.85)
(41,4949.03)
(42,3750.36)
(43,2201.66)
(44,174.25)
(45,0.0)
(46,0.0)
(47,0.0)
(48,0.0)
(49,1072.03)
(50,4032.39)
(51,8245.46)
(52,11640.56)
(53,10435.7)
(54,8977.72)
(55,6159.22)
(56,2725.61)
(57,65.78)
(58,0.0)
(59,0.0)
(60,0.0)
(61,881.59)
(62,2579.33)
(63,4735.05)
(64,5314.55)
(65,2807.13)
(66,4.5)
(67,0.0)
(68,0.0)
(69,0.0)
(70,0.0)
(71,0.0)
(72,0.0)
(73,0.0)
(74,2869.87)
(75,5806.96)
(76,6606.19)
(77,4530.42)
(78,1800.22)
(79,0.0)
(80,0.0)
(81,0.0)
(82,0.0)
(83,0.0)
(84,0.0)
(85,610.67)
(86,4948.63)
(87,9244.08)
(88,11375.69)
(89,10436.05)
(90,8606.91)
(91,5614.14)
(92,2632.66)
(93,0.0)
(94,0.0)
(95,0.0)
(96,0.0)
(97,237.64)
(98,2231.75)
(99,4765.22)
(100,6678.62)
(101,5682.34)
(102,3393.78)
(103,1910.97)
(104,659.6)
(105,0.0)
(106,0.0)
(107,0.0)
(108,0.0)
(109,197.04)
(110,2706.2)
(111,5505.74)
(112,7103.33)
(113,7239.39)
(114,6449.92)
(115,4988.39)
(116,3542.67)
(117,1303.0)
(118,0.0)
(119,0.0)
(120,0.0)
###################
(1,21113.17)
(2,41036.96)
(3,51806.1)
(4,51806.1)
(5,51806.1)
(6,49409.72)
(7,45142.9)
(8,40143.6)
(9,34699.43)
(10,30090.53)
(11,27574.8)
(12,30221.6)
(13,39022.99)
(14,50443.01)
(15,51806.1)
(16,51806.1)
(17,51806.1)
(18,50067.09)
(19,45889.12)
(20,41652.3)
(21,36650.72)
(22,31708.18)
(23,29215.4)
(24,32588.63)
(25,39974.73)
(26,49886.92)
(27,51806.1)
(28,51806.1)
(29,51806.1)
(30,49951.77)
(31,45952.04)
(32,42072.59)
(33,37661.99)
(34,32716.53)
(35,31021.5)
(36,34454.93)
(37,42235.24)
(38,51806.1)
(39,51806.1)
(40,51806.1)
(41,51806.1)
(42,51806.1)
(43,48732.37)
(44,44865.54)
(45,39233.95)
(46,34085.53)
(47,31778.66)
(48,35729.6)
(49,43238.43)
(50,51806.1)
(51,51806.1)
(52,51806.1)
(53,51806.1)
(54,50660.31)
(55,47349.09)
(56,42619.77)
(57,36963.3)
(58,31286.37)
(59,28701.97)
(60,32719.49)
(61,40231.14)
(62,51806.1)
(63,51806.1)
(64,51806.1)
(65,51806.1)
(66,49444.51)
(67,45040.47)
(68,39770.67)
(69,33892.97)
(70,28294.52)
(71,25701.88)
(72,29556.59)
(73,36768.92)
(74,48502.64)
(75,51806.1)
(76,51806.1)
(77,51806.1)
(78,49858.04)
(79,45406.89)
(80,39881.52)
(81,33461.14)
(82,27489.69)
(83,24491.13)
(84,27434.65)
(85,35822.02)
(86,47020.64)
(87,51806.1)
(88,51806.1)
(89,51806.1)
(90,49795.15)
(91,45841.5)
(92,40793.19)
(93,35479.83)
(94,30015.04)
(95,27383.36)
(96,30159.69)
(97,37744.32)
(98,48281.41)
(99,51806.1)
(100,51806.1)
(101,51806.1)
(102,48305.66)
(103,43171.11)
(104,37149.01)
(105,30706.64)
(106,24299.04)
(107,20892.0)
(108,23191.1)
(109,31441.69)
(110,41900.57)
(111,51806.1)
(112,51806.1)
(113,51806.1)
(114,47710.14)
(115,42635.36)
(116,36483.1)
(117,29693.59)
(118,23540.2)
(119,18993.44)
(120,20689.07)
###################
