(1,19382.7,55142.3,0.0,0.0,10226.29,0.0)
(2,19307.31,56483.69,0.0,0.0,9988.85,15.46)
(3,19311.09,57060.91,0.0,0.0,9335.58,2322.51)
(4,19271.45,55780.55,50.98,58265.59,9633.26,4068.63)
(5,19335.42,54465.58,119.57,136646.41,9740.81,1983.83)
(6,19438.05,53871.95,196.76,227681.62,8894.33,512.53)
(7,19565.57,53750.43,250.02,301667.2,9847.38,923.15)
(8,19566.06,54777.94,252.4,353480.09,10288.29,912.34)
(9,19668.12,55102.88,374.33,663848.97,10711.1,1507.79)
(10,19820.74,55494.26,638.98,1.53482785e6,11597.63,1493.4)
(11,19854.68,55211.32,925.71,2.59765766e6,11113.5,799.56)
(12,19045.26,55100.74,426.2,805363.53,9581.55,599.61)
(13,18395.63,56129.37,333.31,396293.71,10038.36,1382.24)
(14,18154.18,57636.82,348.94,448447.25,9634.77,4799.46)
(15,18116.89,58255.11,412.36,555193.13,9569.17,10014.85)
(16,18214.51,56837.49,462.81,640643.71,9737.43,7164.58)
(17,18811.97,54989.03,527.39,764870.75,9498.63,3142.89)
(18,19110.65,54199.35,623.07,1.00572278e6,9582.84,1167.01)
(19,19438.01,53877.99,694.44,1.2392645e6,10519.87,1725.3)
(20,19523.3,54820.7,789.69,1.53205764e6,10771.23,1208.53)
(21,19551.11,55219.89,964.57,2.33884332e6,11506.46,1809.81)
(22,19652.35,55662.65,1148.21,3.26553992e6,11981.59,2243.12)
(23,19831.28,55234.72,1281.07,3.91758264e6,11173.35,1075.28)
(24,18824.96,55321.04,516.24,961377.35,9975.49,549.25)
(25,18320.93,56204.07,348.69,406358.13,10233.65,1208.27)
(26,18136.47,57654.53,390.66,522634.21,10300.27,4536.8)
(27,18331.92,58040.08,484.15,668766.65,9816.81,8703.56)
(28,18308.96,56743.04,453.78,654625.85,10152.01,7005.1)
(29,18444.08,55356.92,409.01,603628.82,10092.54,3889.98)
(30,18620.02,54689.98,464.23,766132.45,9951.74,2316.07)
(31,18913.1,54402.9,525.83,898624.27,11269.32,3074.21)
(32,19018.93,55325.07,572.78,1.26610283e6,11795.12,1627.43)
(33,19239.06,55531.94,832.06,2.30694919e6,11836.19,2094.38)
(34,19312.03,56002.97,1031.78,3.10341543e6,12007.45,2126.52)
(35,19249.37,55816.63,1145.26,3.535292e6,11387.83,1182.52)
(36,17931.11,56214.89,338.5,619860.04,10153.77,854.53)
(37,17395.2,57129.8,231.11,268845.5,10297.83,1719.95)
(38,17302.04,58488.96,280.75,335481.11,9816.02,5999.05)
(39,17213.81,59158.19,259.71,318944.74,9704.25,9973.01)
(40,17193.69,57858.31,260.3,340679.88,9869.72,7931.28)
(41,17771.12,56029.88,307.6,509353.53,10064.32,3575.19)
(42,18016.92,55293.08,315.47,546637.67,10545.81,1802.86)
(43,18260.23,55055.77,344.9,622466.21,11686.9,2177.93)
(44,18319.85,56024.15,362.41,683845.27,11304.19,1957.75)
(45,18404.53,56366.47,483.01,1.02517347e6,11226.04,2443.76)
(46,18068.67,57246.33,607.38,1.5866491e6,11442.89,2344.9)
(47,17987.32,57078.68,715.53,2.11349631e6,10892.41,992.25)
(48,17352.88,56793.12,291.15,554652.05,10192.86,852.97)
(49,16672.14,57852.86,213.4,250893.51,10029.25,2276.64)
(50,16622.33,59168.67,236.6,281889.88,9863.91,7680.99)
(51,16826.87,59545.13,310.01,410380.51,9711.31,10595.72)
(52,17127.9,57924.1,324.31,430154.87,10056.74,7839.93)
(53,17757.48,56043.52,343.84,485120.1,9774.4,3720.64)
(54,18105.34,55204.66,356.03,532557.71,10330.01,2356.68)
(55,18398.0,54918.0,374.52,669657.04,11088.78,2906.52)
(56,18496.05,55847.95,446.72,958223.08,10692.21,1569.45)
(57,18414.86,56356.14,508.71,1.23969166e6,10917.04,2102.12)
(58,18412.28,56902.72,691.42,1.99448806e6,11086.52,2237.55)
(59,18477.14,56588.86,919.64,2.8337243e6,10600.64,898.59)
(60,17935.92,56210.08,359.26,678746.74,9648.16,589.92)
(61,17673.82,56851.18,275.39,321774.47,10253.11,1656.29)
(62,17635.89,58155.11,343.7,433654.18,10092.8,5029.45)
(63,17482.19,58889.81,326.75,436789.97,9865.81,10243.2)
(64,17559.74,57492.26,332.16,479268.26,9819.18,7353.68)
(65,18142.6,55658.4,363.71,566846.42,9305.53,3239.2)
(66,18492.73,54817.27,390.76,625986.44,9534.94,1261.21)
(67,18701.19,54614.81,426.58,716107.68,10571.75,1975.74)
(68,18682.57,55661.43,471.74,892529.9,10551.21,1286.54)
(69,18916.58,55854.42,694.95,1.68375488e6,11069.44,1796.05)
(70,18828.73,56486.27,846.62,2.36278539e6,11585.31,2229.62)
(71,18623.9,56442.1,917.8,2.63013731e6,11239.27,1111.72)
(72,17720.27,56425.73,351.51,674214.2,10140.47,772.18)
(73,17335.93,57189.07,247.58,289084.29,10050.14,1651.62)
(74,17076.92,58714.08,258.44,316833.29,10265.35,7112.48)
(75,17105.92,59266.08,306.54,415970.92,9667.12,11234.66)
(76,17243.07,57808.93,326.37,459510.18,9798.91,8560.37)
(77,17721.64,56079.36,341.57,489272.04,9629.38,4475.28)
(78,17966.0,55344.0,357.04,565375.07,9856.09,1602.61)
(79,18251.92,55064.08,445.59,839864.4,10699.68,1985.53)
(80,18501.61,55842.39,514.98,1.07179298e6,10657.16,991.74)
(81,18446.16,56324.84,618.93,1.46150689e6,10719.2,1810.23)
(82,18467.25,56847.75,778.27,2.17177379e6,11147.58,1764.75)
(83,18597.69,56468.31,1006.76,3.06020864e6,11329.97,896.88)
(84,17281.67,56864.33,353.88,709540.27,10305.58,674.43)
(85,16744.45,57780.55,205.45,234785.16,10305.93,1847.94)
(86,17008.68,58782.32,274.71,337746.91,10316.66,5804.26)
(87,17064.1,59307.9,301.69,399888.37,9866.3,10200.05)
(88,17034.51,58017.49,285.98,382700.54,9968.4,7677.11)
(89,17372.05,56428.95,302.58,439935.86,9763.28,3694.53)
(90,17328.86,55981.14,304.19,477607.81,10044.64,1939.33)
(91,17709.15,55606.85,331.83,586871.62,10959.23,2507.92)
(92,17662.63,56681.37,338.6,651196.32,11119.07,1816.08)
(93,17713.68,57057.32,428.08,943186.81,11445.08,2436.23)
(94,17795.75,57519.25,589.85,1.6028856e6,11195.56,2139.76)
(95,17763.77,57302.23,699.3,1.96425481e6,10864.72,1034.45)
(96,17385.63,56760.37,385.23,696773.39,9862.95,621.26)
(97,17280.88,57244.12,345.8,402322.83,9605.16,1125.38)
(98,17001.74,58789.26,374.35,482278.88,9470.82,4625.51)
(99,16823.51,59548.49,416.97,568157.66,9121.75,8673.47)
(100,16579.41,58472.59,409.94,583580.6,9243.84,7996.76)
(101,16712.23,57088.77,443.82,681659.66,9039.92,4098.13)
(102,16669.07,56640.93,490.81,842047.13,9100.51,1862.39)
(103,16720.84,56595.16,519.96,1.0031653e6,10243.49,2261.77)
(104,17107.42,57236.58,610.95,1.26088304e6,10375.68,875.57)
(105,17160.65,57610.35,733.94,1.81381744e6,10054.11,1113.47)
(106,16399.32,58915.68,715.39,1.93162e6,10725.21,1968.42)
(107,15579.49,59486.51,693.01,1.95721339e6,9782.93,1278.75)
(108,14507.01,59638.99,270.35,529844.51,8656.82,903.78)
(109,13318.42,61206.58,144.59,169403.56,8834.95,2136.2)
(110,13283.72,62507.28,258.31,329418.49,8814.65,7281.23)
(111,12530.36,63841.64,260.39,353796.62,8076.93,11612.21)
(112,12207.37,62844.63,262.3,362059.02,8645.39,8680.33)
(113,11966.71,61834.29,270.33,420887.79,8804.7,4043.41)
(114,11602.85,61707.15,312.59,543050.61,8885.98,1815.17)
(115,11175.01,62140.99,312.46,571188.4,9833.13,2814.83)
(116,11013.15,63330.85,330.91,665104.34,9642.53,1733.29)
(117,10609.77,64161.23,356.48,792395.89,9682.81,2428.51)
(118,10431.67,64883.33,495.89,1.19910336e6,8969.7,3630.11)
(119,10609.15,64456.85,767.87,2.26161118e6,8110.81,6655.71)
(120,8716.02,65429.98,355.05,795551.5,6075.52,3098.24)
###################
(1,19382.7,55142.3,0.0,0.0,10226.29,0.0)
(2,18297.7,55254.3,0.0,0.0,6864.34,0.0)
(3,18297.7,54930.3,0.0,0.0,6700.14,0.0)
(4,18297.7,53610.3,0.0,0.0,6586.0,0.0)
(5,16005.7,52011.99,0.0,0.0,6009.21,0.0)
(6,14501.7,48663.25,0.0,0.0,5413.85,0.0)
(7,14501.7,48324.05,0.0,0.0,6826.44,0.0)
(8,14501.7,49657.7,0.0,0.0,6864.49,0.0)
(9,14501.7,49732.2,0.0,0.0,6475.35,0.0)
(10,13177.7,49867.83,0.0,0.0,6786.85,0.0)
(11,12196.37,49478.7,0.0,0.0,5540.4,0.0)
(12,10242.16,48604.7,0.0,0.0,4642.04,0.0)
(13,9224.27,48964.75,0.0,0.0,5737.07,0.0)
(14,7856.46,50167.45,0.0,0.0,5981.51,0.0)
(15,7687.46,50719.4,0.0,0.0,6039.37,0.0)
(16,8463.03,49465.4,0.0,0.0,5292.51,0.0)
(17,10632.03,48276.95,0.0,0.0,4890.86,0.0)
(18,13059.08,47810.5,0.0,0.0,5370.31,0.0)
(19,13836.0,47816.2,0.0,0.0,6542.96,0.0)
(20,13509.7,48792.8,0.0,0.0,6691.25,0.0)
(21,13177.7,46905.23,0.0,0.0,6889.29,0.0)
(22,11968.43,46757.93,0.0,0.0,6924.36,0.0)
(23,10945.16,46343.15,0.0,0.0,5411.21,0.0)
(24,9893.46,48604.7,0.0,0.0,5395.53,0.0)
(25,9571.46,48964.75,0.0,0.0,5700.33,0.0)
(26,8983.57,50167.45,0.0,0.0,6459.02,0.0)
(27,9268.46,50719.4,0.0,0.0,5937.02,0.0)
(28,8782.46,49465.4,0.0,0.0,5866.29,0.0)
(29,10250.65,48276.95,0.0,0.0,5203.52,0.0)
(30,12749.81,47810.5,0.0,0.0,5266.7,0.0)
(31,13177.7,47816.2,0.0,0.0,7118.16,0.0)
(32,13177.7,48792.8,0.0,0.0,7439.08,0.0)
(33,12954.8,47984.51,0.0,0.0,6906.27,0.0)
(34,10945.16,47524.57,0.0,0.0,6813.11,0.0)
(35,10743.95,47742.64,0.0,0.0,5475.0,0.0)
(36,9697.81,48662.31,0.0,0.0,4906.7,0.0)
(37,8943.82,49505.3,0.0,0.0,5793.45,0.0)
(38,7530.92,50167.45,0.0,0.0,5650.3,0.0)
(39,7687.27,50719.4,0.0,0.0,5693.06,0.0)
(40,7536.9,49465.4,0.0,0.0,5077.21,0.0)
(41,10650.47,48276.95,0.0,0.0,4701.97,0.0)
(42,12819.19,47810.5,0.0,0.0,5416.55,0.0)
(43,13177.7,47817.16,0.0,0.0,7264.12,0.0)
(44,13177.7,49311.4,0.0,0.0,6878.61,0.0)
(45,11974.36,49198.45,0.0,0.0,6026.32,0.0)
(46,10473.46,50106.73,0.0,0.0,6334.98,0.0)
(47,9699.46,50513.33,0.0,0.0,5453.42,0.0)
(48,9240.46,50783.34,0.0,0.0,5384.79,0.0)
(49,6263.55,49830.65,0.0,0.0,5848.93,0.0)
(50,6274.84,50597.12,0.0,0.0,5485.57,0.0)
(51,6566.05,50719.4,0.0,0.0,4994.62,0.0)
(52,7202.2,49465.4,0.0,0.0,5005.59,0.0)
(53,9469.51,48276.95,0.0,0.0,4722.74,0.0)
(54,11481.6,47810.5,0.0,0.0,5298.49,0.0)
(55,13177.7,47866.01,0.0,0.0,6849.55,0.0)
(56,13177.7,48792.8,0.0,0.0,6473.31,0.0)
(57,10362.46,49198.45,0.0,0.0,6307.53,0.0)
(58,10219.88,49715.25,0.0,0.0,6123.56,0.0)
(59,9922.19,49478.7,0.0,0.0,5297.67,0.0)
(60,9641.14,48604.7,0.0,0.0,4656.54,0.0)
(61,8137.62,48964.75,0.0,0.0,6103.09,0.0)
(62,9111.33,50167.45,0.0,0.0,6187.76,0.0)
(63,8306.98,50719.4,0.0,0.0,6129.1,0.0)
(64,8678.09,49465.4,0.0,0.0,5497.85,0.0)
(65,10354.15,48276.95,0.0,0.0,4496.79,0.0)
(66,12014.12,47810.5,0.0,0.0,5354.73,0.0)
(67,13177.7,47816.2,0.0,0.0,6690.07,0.0)
(68,13177.7,48792.8,0.0,0.0,6493.72,0.0)
(69,10945.16,48856.3,0.0,0.0,6394.68,0.0)
(70,10061.46,49479.82,0.0,0.0,6741.25,0.0)
(71,9703.46,49177.7,0.0,0.0,6088.01,0.0)
(72,9153.46,49474.24,0.0,0.0,5125.03,0.0)
(73,7856.46,48964.75,0.0,0.0,5788.73,0.0)
(74,7641.66,50167.45,0.0,0.0,6135.74,0.0)
(75,7347.9,50719.4,0.0,0.0,5733.75,0.0)
(76,7024.72,49465.4,0.0,0.0,5084.71,0.0)
(77,9696.58,48276.95,0.0,0.0,4335.91,0.0)
(78,10759.16,47810.5,0.0,0.0,5200.38,0.0)
(79,13177.7,47816.2,0.0,0.0,6598.7,0.0)
(80,12954.8,48792.8,0.0,0.0,6386.67,0.0)
(81,10945.16,49198.45,0.0,0.0,6130.84,0.0)
(82,9983.94,49713.43,0.0,0.0,6327.97,0.0)
(83,9699.46,49346.31,0.0,0.0,5797.82,0.0)
(84,7856.46,50499.7,0.0,0.0,4989.78,0.0)
(85,7687.46,49779.73,0.0,0.0,5583.78,0.0)
(86,7142.37,50167.45,0.0,0.0,6119.63,0.0)
(87,7774.17,50719.4,0.0,0.0,5951.19,0.0)
(88,8195.51,49465.4,0.0,0.0,5240.91,0.0)
(89,9699.46,48276.95,0.0,0.0,4897.75,0.0)
(90,10338.28,48308.3,0.0,0.0,5331.1,0.0)
(91,10945.16,48324.05,0.0,0.0,6793.77,0.0)
(92,10815.06,49343.65,0.0,0.0,6709.59,0.0)
(93,10061.46,49732.2,0.0,0.0,6959.16,0.0)
(94,9699.46,49715.25,0.0,0.0,6453.2,0.0)
(95,9552.18,49478.7,0.0,0.0,5755.24,0.0)
(96,9325.81,48604.7,0.0,0.0,4757.46,0.0)
(97,8949.46,48964.75,0.0,0.0,5504.24,0.0)
(98,7697.04,50167.45,0.0,0.0,5456.54,0.0)
(99,7856.46,50719.4,0.0,0.0,4982.71,0.0)
(100,7382.45,49465.4,0.0,0.0,4453.71,0.0)
(101,8071.47,48276.95,0.0,0.0,4092.79,0.0)
(102,9240.46,47810.5,0.0,0.0,4553.05,0.0)
(103,9313.46,47816.2,0.0,0.0,6508.94,0.0)
(104,9240.46,48722.0,0.0,0.0,6639.75,0.0)
(105,7856.46,48150.73,0.0,0.0,5533.09,0.0)
(106,6405.52,49673.06,0.0,0.0,5953.58,0.0)
(107,5781.83,49574.53,0.0,0.0,4329.54,0.0)
(108,5657.83,51492.04,0.0,0.0,4133.7,0.0)
(109,5373.63,52691.0,0.0,0.0,4678.79,0.0)
(110,5233.63,50167.45,0.0,0.0,4771.59,0.0)
(111,5233.63,50719.4,0.0,0.0,4459.74,0.0)
(112,5233.62,49465.4,0.0,0.0,4520.47,0.0)
(113,4826.62,48276.95,0.0,0.0,4107.16,0.0)
(114,4297.62,47810.5,0.0,0.0,4561.01,0.0)
(115,4297.62,48366.7,0.0,0.0,6481.55,0.0)
(116,4297.62,50102.3,0.0,0.0,6194.58,0.0)
(117,4198.38,50875.94,0.0,0.0,5933.53,0.0)
(118,4198.38,50336.62,0.0,0.0,2745.28,0.0)
(119,4198.38,49478.7,0.0,0.0,1061.2,0.0)
(120,4198.38,51103.24,0.0,0.0,440.6,0.0)
###################
(1,19382.7,55142.3,0.0,0.0,10226.29,0.0)
(2,20536.7,57493.3,0.0,0.0,13480.0,0.0)
(3,21441.7,58074.3,0.0,0.0,11931.06,14908.33)
(4,21441.7,56754.3,0.0,0.0,12397.6,18310.44)
(5,21789.01,57795.3,0.0,0.0,12828.85,9061.0)
(6,24646.75,58808.3,3159.05,3.61016234e6,12247.5,1515.29)
(7,24991.95,58814.3,3157.95,3.60890526e6,12331.0,3830.68)
(8,24686.3,59842.3,3198.6,3.65536008e6,14311.5,4184.66)
(9,25038.8,60269.3,3204.8,3.81302853e6,14543.5,8923.66)
(10,25447.17,62137.3,3765.75,6.5660112e6,15015.3,10262.19)
(11,25587.3,62869.63,3802.82,1.0662186e7,14626.35,5683.03)
(12,25541.3,63903.84,3707.3,4.23670244e6,14163.5,2457.27)
(13,25560.25,65300.73,3726.25,4.2583585e6,14013.79,8054.48)
(14,25623.55,67934.54,3789.55,4.33069774e6,13117.4,28547.99)
(15,25652.6,68684.54,3818.6,4.36389608e6,13342.5,41394.25)
(16,25586.6,66588.97,3752.6,4.28847128e6,13884.5,27879.96)
(17,25524.05,63168.97,3690.05,4.21698914e6,13609.11,12582.77)
(18,25499.5,60250.92,3665.5,4.1889334e6,14314.5,6242.66)
(19,25499.8,59480.0,3665.8,4.44800128e6,14625.0,10384.09)
(20,25551.2,60834.3,3717.2,7.05364483e6,14415.37,5420.63)
(21,27865.77,61593.3,6246.88,1.188098646e7,14625.0,12614.71)
(22,28557.07,63346.57,6723.07,1.492659544e7,14625.0,14776.37)
(23,28722.85,64120.84,6888.85,1.599378859e7,14555.5,7088.14)
(24,25541.3,64252.54,3707.3,4.29831735e6,14163.5,3227.52)
(25,25560.25,64953.54,3726.25,4.2583585e6,14287.0,7192.82)
(26,25623.55,66807.43,3789.55,4.33069774e6,14287.0,24438.13)
(27,25652.6,67103.54,3818.6,4.36389608e6,13357.5,42639.94)
(28,25586.6,66269.54,3752.6,4.28847128e6,14111.5,24906.41)
(29,25524.05,63550.35,3690.05,4.21698914e6,14378.5,15550.21)
(30,25499.5,60560.19,3665.5,4.1889334e6,14475.5,14076.19)
(31,25499.8,60138.3,3665.8,4.18927624e6,14625.0,19570.67)
(32,25551.2,61166.3,3717.2,4.99068777e6,14625.0,12172.84)
(33,26786.49,61816.2,4952.49,1.151990014e7,14625.0,14942.58)
(34,27790.43,64369.84,6026.49,1.358757915e7,15015.3,14453.18)
(35,27323.36,64322.05,5638.53,1.443979322e7,15031.97,8607.9)
(36,25483.69,64448.19,3649.69,4.23670244e6,14163.5,4985.49)
(37,25019.7,65581.18,3185.7,3.64061796e6,14287.0,9887.78)
(38,25623.55,68260.08,3789.55,4.33069774e6,13429.5,33034.13)
(39,25652.6,68684.73,3818.6,4.36389608e6,13357.5,41928.62)
(40,25586.6,67515.1,3752.6,4.28847128e6,13884.5,29653.22)
(41,25524.05,63150.53,3690.05,4.21698914e6,14315.5,14085.03)
(42,25499.5,60490.81,3665.5,4.1889334e6,14314.5,11815.2)
(43,25498.84,60138.3,3664.84,4.18927624e6,14566.5,14736.62)
(44,25032.6,61166.3,3200.64,4.13302727e6,14625.0,11934.99)
(45,25572.55,62796.64,3738.55,4.43719375e6,14625.0,17205.8)
(46,25208.27,64841.54,3765.75,9.23914974e6,14625.0,14713.54)
(47,24552.67,65366.54,3411.04,9.07558617e6,14531.5,6780.33)
(48,23362.66,64905.54,1939.12,3.93866496e6,14287.0,5865.67)
(49,24694.35,68261.45,2862.14,3.2708509e6,14287.0,13203.69)
(50,25193.88,69516.16,3359.88,3.83967106e6,13544.0,43325.49)
(51,25652.6,69805.95,3818.6,4.36389608e6,13518.5,46640.6)
(52,25586.6,67849.8,3752.6,4.28847128e6,14143.5,31143.3)
(53,25524.05,64331.49,3690.05,4.21698914e6,14315.5,16268.33)
(54,25499.5,61828.4,3665.5,4.1889334e6,14314.5,15535.67)
(55,25449.99,60138.3,3615.99,4.18927624e6,14405.5,17201.25)
(56,25551.2,61166.3,3717.2,4.24801616e6,14409.5,9479.87)
(57,25572.55,64408.54,3738.55,4.27241494e6,14625.0,14166.83)
(58,25599.75,65095.12,3765.75,1.025276813e7,14625.0,13774.04)
(59,25587.3,65143.81,3951.52,1.026020229e7,14555.5,6152.92)
(60,25541.3,64504.86,3707.3,4.23670244e6,14163.5,2735.11)
(61,25560.25,66387.38,3726.25,4.2583585e6,14287.0,9682.09)
(62,25623.55,66679.67,3789.55,4.33069774e6,13864.5,31944.5)
(63,25652.6,68065.02,3818.6,4.36389608e6,13518.5,49270.9)
(64,25586.6,66373.91,3752.6,4.28847128e6,13884.5,28666.09)
(65,25524.05,63446.85,3690.05,4.21698914e6,13678.46,13225.29)
(66,25499.5,61295.88,3665.5,4.1889334e6,14314.5,7416.19)
(67,25499.8,60138.3,3665.8,4.18927624e6,14405.5,12587.14)
(68,25551.2,61166.3,3717.2,4.58404269e6,14527.0,9100.93)
(69,25914.7,63825.84,4080.7,8.9327464e6,14625.0,12660.29)
(70,25835.18,65253.54,4106.5,1.218902416e7,14625.0,15158.48)
(71,25888.3,65362.54,4157.05,1.149406782e7,14555.5,7339.67)
(72,24671.76,64992.54,3051.95,4.23670244e6,14223.6,5244.83)
(73,25560.25,66668.54,3726.25,4.2583585e6,14061.4,11533.41)
(74,25623.55,68149.34,3789.55,4.33069774e6,13657.7,40687.59)
(75,25652.6,69024.1,3818.6,4.36389608e6,13508.0,50614.2)
(76,25586.6,68027.28,3752.6,4.28847128e6,13884.5,33435.74)
(77,25524.05,64104.42,3690.05,4.21698914e6,14315.5,18213.82)
(78,25499.5,62550.84,3665.5,4.1889334e6,14314.5,11290.37)
(79,25499.8,60138.3,3665.8,4.18927624e6,14590.13,15252.63)
(80,25551.2,61389.2,3717.2,4.24801616e6,14409.5,6468.59)
(81,25572.55,63825.84,3738.55,6.4318588e6,14625.0,12833.95)
(82,25601.57,65331.06,4318.76,1.200095107e7,14625.0,12668.17)
(83,25719.69,65366.54,4385.68,1.244054157e7,15531.3,6417.67)
(84,23646.3,66289.54,2340.86,4.23670244e6,15126.03,3198.32)
(85,24745.27,66837.54,2911.27,3.32699965e6,14778.4,12707.11)
(86,25623.55,68648.63,3789.55,4.33069774e6,13778.5,33263.71)
(87,25652.6,68597.83,3818.6,4.36389608e6,13584.5,47992.91)
(88,25586.6,66856.49,3752.6,4.28847128e6,14045.5,30212.74)
(89,25524.05,64101.54,3690.05,4.21698914e6,14315.5,15029.36)
(90,25001.7,62971.72,3167.7,3.62004756e6,14314.5,11637.92)
(91,24991.95,62370.84,3157.95,3.60890526e6,14405.5,16165.69)
(92,25000.35,63528.94,3166.35,3.65536008e6,14409.5,11339.66)
(93,25038.8,64709.54,3204.8,4.27241494e6,14543.5,15917.15)
(94,25599.75,65615.54,3765.75,8.02585446e6,14625.0,14615.65)
(95,25587.3,65513.82,3786.31,1.009827939e7,14698.3,6752.31)
(96,25541.3,64820.19,3707.3,4.23670244e6,14163.5,3211.44)
(97,25560.25,65575.54,3726.25,4.2583585e6,13768.5,5807.74)
(98,25623.55,68093.96,3789.55,4.33069774e6,13429.5,29467.08)
(99,25652.6,68515.54,3818.6,4.36389608e6,13175.4,41775.21)
(100,25586.6,67669.55,3752.6,4.28847128e6,13701.24,30467.52)
(101,25524.05,65729.53,3690.05,4.21698914e6,14217.5,17256.76)
(102,25499.5,64069.54,3665.5,4.1889334e6,14314.5,10723.85)
(103,25499.8,64002.54,3665.8,4.18927624e6,14405.5,14602.17)
(104,25622.0,65103.54,3788.0,4.80629792e6,14409.5,4802.5)
(105,26620.27,66914.54,4786.27,1.083643135e7,14543.5,7478.23)
(106,25641.94,68909.48,4063.84,1.138055606e7,14625.0,14036.37)
(107,25491.47,69284.17,3753.3,9.7741955e6,14304.5,9513.15)
(108,22653.96,68488.17,1295.18,3.64934114e6,13367.14,6101.38)
(109,21834.0,69151.37,0.0,0.0,13740.67,12570.31)
(110,25623.55,70557.37,3789.55,4.33069774e6,13518.2,41671.43)
(111,25652.6,71138.37,3818.6,4.36389608e6,13357.5,55174.23)
(112,25586.6,69818.38,3752.6,4.28847128e6,13884.5,34507.68)
(113,25524.05,68974.38,3690.05,4.21698914e6,14217.5,17248.08)
(114,25499.5,69012.38,3665.5,4.1889334e6,14314.5,11411.28)
(115,24949.29,69018.38,3157.95,3.61601195e6,14405.5,17452.3)
(116,24241.7,70046.38,3164.65,3.65536008e6,14106.56,11124.3)
(117,23895.06,70572.62,2441.64,3.66244544e6,14528.5,16712.85)
(118,24978.38,71116.62,3219.05,4.73467114e6,13902.19,21335.44)
(119,25587.3,70867.62,3753.3,9.94216852e6,13451.01,37798.63)
(120,23042.76,69947.62,1699.46,3.78209966e6,12148.13,21610.99)
###################
