(1,21113.17)
(2,29159.36)
(3,36305.44)
(4,38114.93)
(5,36198.38)
(6,32107.13)
(7,26989.31)
(8,21803.25)
(9,16949.56)
(10,12718.7)
(11,10724.8)
(12,12947.21)
(13,19425.22)
(14,26296.52)
(15,31414.47)
(16,34492.34)
(17,33410.98)
(18,30304.32)
(19,26141.92)
(20,21923.62)
(21,17679.71)
(22,13824.2)
(23,12073.68)
(24,13855.79)
(25,19654.11)
(26,25331.33)
(27,30288.45)
(28,32982.85)
(29,32123.16)
(30,29296.18)
(31,25778.97)
(32,22478.48)
(33,18727.63)
(34,14648.2)
(35,12601.18)
(36,15215.77)
(37,21527.41)
(38,27784.23)
(39,33151.31)
(40,35847.92)
(41,35594.94)
(42,33435.5)
(43,30697.47)
(44,26812.5)
(45,22255.28)
(46,18043.74)
(47,16014.48)
(48,18452.93)
(49,24402.27)
(50,30157.2)
(51,35342.12)
(52,38601.13)
(53,37717.11)
(54,35098.24)
(55,31262.99)
(56,26740.27)
(57,21860.47)
(58,17013.38)
(59,14082.39)
(60,15212.17)
(61,20275.0)
(62,26269.77)
(63,31795.0)
(64,34713.5)
(65,33632.24)
(66,30207.78)
(67,26039.82)
(68,21701.69)
(69,17279.38)
(70,13095.37)
(71,11208.44)
(72,13491.5)
(73,19621.52)
(74,27137.74)
(75,32902.77)
(76,35873.53)
(77,35376.82)
(78,32593.19)
(79,28543.05)
(80,23916.14)
(81,19130.56)
(82,14887.5)
(83,12614.13)
(84,14375.38)
(85,20120.06)
(86,26411.8)
(87,31959.25)
(88,35027.99)
(89,34183.24)
(90,31405.5)
(91,27364.29)
(92,22978.39)
(93,18040.44)
(94,13655.5)
(95,11388.74)
(96,13329.15)
(97,18615.27)
(98,24478.0)
(99,29856.18)
(100,32833.56)
(101,31996.81)
(102,28724.65)
(103,24495.89)
(104,20082.54)
(105,15411.76)
(106,11199.57)
(107,9451.07)
(108,11606.16)
(109,17532.96)
(110,23726.73)
(111,29667.39)
(112,32785.96)
(113,32267.86)
(114,29333.76)
(115,25179.65)
(116,20404.18)
(117,15216.7)
(118,10353.46)
(119,6977.93)
(120,7681.34)
###################
(1,21113.17)
(2,21048.43)
(3,20452.39)
(4,18301.0)
(5,13965.71)
(6,9033.92)
(7,2938.36)
(8,0.0)
(9,0.0)
(10,0.0)
(11,0.0)
(12,0.0)
(13,1525.76)
(14,3583.87)
(15,3614.62)
(16,4987.77)
(17,3316.64)
(18,429.24)
(19,0.0)
(20,0.0)
(21,0.0)
(22,0.0)
(23,0.0)
(24,0.0)
(25,946.09)
(26,2847.25)
(27,3379.95)
(28,5396.32)
(29,3267.32)
(30,1743.26)
(31,24.45)
(32,0.0)
(33,0.0)
(34,0.0)
(35,0.0)
(36,0.0)
(37,1404.19)
(38,2952.2)
(39,5256.1)
(40,6740.72)
(41,6770.68)
(42,4598.79)
(43,2580.95)
(44,526.98)
(45,0.0)
(46,0.0)
(47,0.0)
(48,0.0)
(49,2275.67)
(50,5737.8)
(51,8909.05)
(52,12881.91)
(53,11135.06)
(54,8742.21)
(55,5169.37)
(56,1910.52)
(57,0.0)
(58,0.0)
(59,0.0)
(60,0.0)
(61,1338.63)
(62,3617.05)
(63,4554.89)
(64,5593.52)
(65,3140.07)
(66,264.23)
(67,0.0)
(68,0.0)
(69,0.0)
(70,0.0)
(71,0.0)
(72,0.0)
(73,1441.55)
(74,4057.99)
(75,4783.59)
(76,6124.12)
(77,4624.11)
(78,1500.0)
(79,0.0)
(80,0.0)
(81,0.0)
(82,0.0)
(83,0.0)
(84,0.0)
(85,1059.76)
(86,4422.91)
(87,6807.77)
(88,9357.14)
(89,8016.46)
(90,6110.79)
(91,3611.21)
(92,1572.71)
(93,0.0)
(94,0.0)
(95,0.0)
(96,0.0)
(97,463.51)
(98,2628.48)
(99,3273.32)
(100,5462.76)
(101,4417.29)
(102,2585.45)
(103,1458.2)
(104,342.64)
(105,0.0)
(106,0.0)
(107,0.0)
(108,0.0)
(109,748.21)
(110,2769.13)
(111,4824.95)
(112,7839.53)
(113,8562.36)
(114,7419.81)
(115,5172.38)
(116,2306.02)
(117,414.38)
(118,0.0)
(119,0.0)
(120,0.0)
###################
(1,21113.17)
(2,38771.36)
(3,51806.1)
(4,51806.1)
(5,51806.1)
(6,50689.58)
(7,46981.54)
(8,42626.23)
(9,38037.62)
(10,33828.72)
(11,32802.82)
(12,37767.71)
(13,47932.68)
(14,51806.1)
(15,51806.1)
(16,51806.1)
(17,51806.1)
(18,51806.1)
(19,48251.49)
(20,44985.79)
(21,41084.33)
(22,37153.65)
(23,35895.3)
(24,39979.43)
(25,48783.09)
(26,51806.1)
(27,51806.1)
(28,51806.1)
(29,51806.1)
(30,51025.86)
(31,47732.42)
(32,44806.19)
(33,40479.99)
(34,36048.98)
(35,34312.67)
(36,38949.57)
(37,48815.36)
(38,51806.1)
(39,51806.1)
(40,51806.1)
(41,51806.1)
(42,51806.1)
(43,50738.12)
(44,47370.86)
(45,43213.22)
(46,39207.27)
(47,38813.18)
(48,43642.15)
(49,51806.1)
(50,51806.1)
(51,51806.1)
(52,51806.1)
(53,51806.1)
(54,51806.1)
(55,49665.83)
(56,46364.67)
(57,41545.47)
(58,36881.85)
(59,35086.81)
(60,37720.42)
(61,45668.57)
(62,51806.1)
(63,51806.1)
(64,51806.1)
(65,51806.1)
(66,51355.39)
(67,47914.53)
(68,43492.38)
(69,38784.78)
(70,34339.12)
(71,33373.69)
(72,37882.45)
(73,48155.7)
(74,51806.1)
(75,51806.1)
(76,51806.1)
(77,51806.1)
(78,51806.1)
(79,49208.82)
(80,45234.21)
(81,40532.37)
(82,35882.99)
(83,34686.09)
(84,38836.02)
(85,48014.53)
(86,51806.1)
(87,51806.1)
(88,51806.1)
(89,51806.1)
(90,51710.21)
(91,48406.03)
(92,44573.28)
(93,39977.17)
(94,35275.03)
(95,33527.45)
(96,37873.2)
(97,46000.18)
(98,51806.1)
(99,51806.1)
(100,51806.1)
(101,51806.1)
(102,50926.34)
(103,47077.99)
(104,42485.18)
(105,37370.93)
(106,32619.69)
(107,32006.5)
(108,38286.72)
(109,47857.54)
(110,51806.1)
(111,51806.1)
(112,51806.1)
(113,51806.1)
(114,50970.2)
(115,47894.48)
(116,43932.41)
(117,38805.15)
(118,33832.81)
(119,31404.8)
(120,35989.36)
###################
