(1,21113.17)
(2,29157.14)
(3,36321.44)
(4,38183.83)
(5,36199.33)
(6,31884.62)
(7,26620.71)
(8,21312.01)
(9,16551.41)
(10,12246.73)
(11,10102.08)
(12,12490.1)
(13,19351.46)
(14,26675.05)
(15,32000.5)
(16,35058.99)
(17,34583.2)
(18,31622.25)
(19,27540.9)
(20,22847.67)
(21,17801.2)
(22,13729.81)
(23,11762.94)
(24,13561.13)
(25,19506.03)
(26,25378.17)
(27,30398.44)
(28,33084.79)
(29,31983.37)
(30,28858.97)
(31,24633.27)
(32,19932.06)
(33,15155.05)
(34,11329.88)
(35,9415.45)
(36,12379.38)
(37,18991.98)
(38,25712.24)
(39,31262.52)
(40,33760.2)
(41,32698.85)
(42,29726.33)
(43,26061.37)
(44,22193.99)
(45,17672.2)
(46,13530.88)
(47,11594.48)
(48,14036.04)
(49,20780.36)
(50,27164.21)
(51,32159.47)
(52,34920.94)
(53,34017.32)
(54,30810.31)
(55,26779.41)
(56,22775.82)
(57,18526.34)
(58,14206.06)
(59,11792.34)
(60,13209.81)
(61,18510.8)
(62,24777.32)
(63,30257.66)
(64,33382.15)
(65,32378.59)
(66,28996.82)
(67,24745.52)
(68,20231.84)
(69,15906.58)
(70,11829.91)
(71,9853.36)
(72,12189.21)
(73,18413.12)
(74,25685.26)
(75,31573.18)
(76,34753.06)
(77,33949.45)
(78,31036.53)
(79,27305.29)
(80,23332.7)
(81,19162.73)
(82,15187.37)
(83,12983.54)
(84,14732.68)
(85,20162.54)
(86,25890.38)
(87,31204.9)
(88,33731.44)
(89,32567.28)
(90,29067.28)
(91,24503.8)
(92,19725.71)
(93,14944.33)
(94,10752.42)
(95,8699.82)
(96,10627.31)
(97,15837.61)
(98,21800.53)
(99,27832.95)
(100,31196.18)
(101,30283.83)
(102,27074.25)
(103,22898.27)
(104,18783.46)
(105,14337.98)
(106,10249.75)
(107,8626.59)
(108,10844.73)
(109,16861.83)
(110,23304.37)
(111,29539.54)
(112,32792.69)
(113,32268.88)
(114,29226.77)
(115,25035.56)
(116,20165.2)
(117,14727.2)
(118,9713.58)
(119,6382.37)
(120,7396.23)
###################
(1,21113.17)
(2,21048.43)
(3,20452.39)
(4,18361.19)
(5,13882.98)
(6,8628.31)
(7,2147.53)
(8,0.0)
(9,0.0)
(10,0.0)
(11,0.0)
(12,0.0)
(13,1912.18)
(14,4481.87)
(15,4928.54)
(16,5943.42)
(17,4300.68)
(18,1761.27)
(19,92.29)
(20,0.0)
(21,0.0)
(22,0.0)
(23,0.0)
(24,0.0)
(25,1261.6)
(26,3192.81)
(27,3882.29)
(28,5301.66)
(29,2567.8)
(30,1057.14)
(31,0.0)
(32,0.0)
(33,0.0)
(34,0.0)
(35,0.0)
(36,0.0)
(37,1261.33)
(38,2910.25)
(39,2980.08)
(40,3826.39)
(41,1763.79)
(42,489.1)
(43,0.0)
(44,0.0)
(45,0.0)
(46,0.0)
(47,0.0)
(48,0.0)
(49,1191.3)
(50,3343.67)
(51,4405.81)
(52,6667.57)
(53,5568.36)
(54,2762.23)
(55,850.22)
(56,24.14)
(57,0.0)
(58,0.0)
(59,0.0)
(60,0.0)
(61,878.58)
(62,2966.47)
(63,4386.52)
(64,5810.52)
(65,3507.32)
(66,1235.85)
(67,0.0)
(68,0.0)
(69,0.0)
(70,0.0)
(71,0.0)
(72,0.0)
(73,914.59)
(74,2761.37)
(75,3771.84)
(76,5753.62)
(77,4843.69)
(78,2463.22)
(79,1273.81)
(80,0.0)
(81,0.0)
(82,0.0)
(83,0.0)
(84,0.0)
(85,1013.94)
(86,2692.93)
(87,5210.38)
(88,6710.86)
(89,4692.05)
(90,2373.22)
(91,759.53)
(92,0.0)
(93,0.0)
(94,0.0)
(95,0.0)
(96,0.0)
(97,0.0)
(98,1241.46)
(99,2736.7)
(100,4380.57)
(101,3247.83)
(102,1657.28)
(103,240.62)
(104,0.0)
(105,0.0)
(106,0.0)
(107,0.0)
(108,0.0)
(109,1080.37)
(110,3828.39)
(111,6596.6)
(112,9331.13)
(113,9888.23)
(114,8190.17)
(115,5953.74)
(116,3918.84)
(117,1626.39)
(118,0.0)
(119,0.0)
(120,0.0)
###################
(1,21113.17)
(2,38771.36)
(3,51806.1)
(4,51806.1)
(5,51806.1)
(6,50490.59)
(7,46847.59)
(8,42081.31)
(9,37009.99)
(10,32416.87)
(11,30952.72)
(12,35936.65)
(13,45315.88)
(14,51806.1)
(15,51806.1)
(16,51806.1)
(17,51806.1)
(18,51806.1)
(19,48638.78)
(20,44596.17)
(21,39525.06)
(22,35036.11)
(23,33957.85)
(24,37983.12)
(25,46400.2)
(26,51806.1)
(27,51806.1)
(28,51806.1)
(29,51806.1)
(30,50514.46)
(31,46940.18)
(32,42106.96)
(33,37007.79)
(34,32381.9)
(35,30900.61)
(36,35920.88)
(37,45104.21)
(38,51806.1)
(39,51806.1)
(40,51806.1)
(41,51806.1)
(42,51525.96)
(43,48275.77)
(44,44474.26)
(45,39809.41)
(46,35532.95)
(47,33982.31)
(48,38359.02)
(49,48696.67)
(50,51806.1)
(51,51806.1)
(52,51806.1)
(53,51806.1)
(54,51180.28)
(55,47980.73)
(56,44047.39)
(57,39368.77)
(58,34762.9)
(59,32754.56)
(60,36377.07)
(61,44543.08)
(62,51806.1)
(63,51806.1)
(64,51806.1)
(65,51806.1)
(66,50616.47)
(67,46964.94)
(68,42416.47)
(69,37198.37)
(70,32370.8)
(71,30983.67)
(72,35015.91)
(73,46091.03)
(74,51806.1)
(75,51806.1)
(76,51806.1)
(77,51806.1)
(78,51806.1)
(79,49390.57)
(80,46209.29)
(81,42163.57)
(82,38280.38)
(83,36995.24)
(84,41651.26)
(85,50947.49)
(86,51806.1)
(87,51806.1)
(88,51806.1)
(89,51806.1)
(90,50284.03)
(91,46175.34)
(92,41290.54)
(93,35909.47)
(94,30959.94)
(95,29010.06)
(96,33636.66)
(97,42017.33)
(98,51806.1)
(99,51806.1)
(100,51806.1)
(101,51806.1)
(102,50509.75)
(103,46780.44)
(104,41961.67)
(105,36693.92)
(106,32040.02)
(107,31302.8)
(108,37632.17)
(109,47331.85)
(110,51806.1)
(111,51806.1)
(112,51806.1)
(113,51806.1)
(114,50867.32)
(115,47844.34)
(116,43557.89)
(117,37952.43)
(118,32507.59)
(119,30416.59)
(120,34730.5)
###################
