1.5788114040754116e8, 2.409919272821278e8
5.304338333387431e8, 6.392723622401104e8
4.0404074500315344e8, 4.560570182070766e8
1.7199490599660936e8, 2.4315716561693752e8
1.5387275372119895e8, 2.234980094459866e8
1.91304455461364e8, 2.5381147863925081e8
2.6192849613003442e8, 5.824903288617959e8
2.744221237472201e8, 3.8082100254508585e8
2.2467113412230167e8, 3.4938547424130625e8
4.372924711040666e8, 5.747801230221685e8
2.224447185127261e8, 3.7561299542651224e8
4.330636080519263e8, 6.301372903804798e8
1.9211047230438647e8, 2.5023985055141422e8
1.0627836876783144e8, 1.9772708343155918e8
1.6058447833642083e8, 1.957375992924336e8
1.2658368237853515e8, 5.2222066707870483e8
1.870927466649435e8, 3.22647302035374e8
1.8326620502449664e8, 2.542556772338063e8
2.4271778447477672e8, 3.062079952755855e8
1.1237675953909813e8, 2.6616199309224808e8
1.0744388044542366e8, 1.7008250577686837e8
1.9018329754335284e8, 2.4599506630173922e8
1.3819706991326103e8, 3.181984906246311e8
3.757719339366159e8, 4.945359871127137e8
3.021715535870881e8, 3.805746723702398e8
1.3382070905392937e8, 3.3733052123221326e8
1.597467169016143e8, 2.3712548123591247e8
1.2263225994038858e8, 1.758978101165909e8
2.549109802434702e8, 4.5964562174916273e8
6.217778535496883e8, 6.930700716907414e8
1.3252786437138481e8, 3.4562392888689613e8
1.478213056645753e8, 2.4153774502294526e8
4.11049687167308e8, 5.885683122428796e8
1.8117829324686852e8, 2.7829284236225843e8
1.5078260485123923e8, 2.3858446595882818e8
1.5488905490096083e8, 2.2601614587618232e8
2.0731028164669266e8, 2.708923572336341e8
1.0129015040139356e8, 1.6727600133487388e8
3.247876178009025e8, 4.81943257906955e8
1.4541079756641892e8, 2.1646879932351044e8
1.3321437046800189e8, 2.5380657245795202e8
1.2682647726316327e8, 2.079420373048754e8
2.3053554262487638e8, 3.452478837501632e8
3.357111571391835e8, 4.288945424253965e8
3.065259550326736e8, 5.735950558413543e8
1.917009341933369e8, 3.1298769927036184e8
2.3416980227586517e8, 5.378441849542536e8
1.3071019015557954e8, 1.960825325336986e8
1.7038967137206516e8, 2.5473741698669174e8
2.0973326849928147e8, 3.932750257312583e8
1.7695146504306996e8, 2.822212285861514e8
2.1517443805492765e8, 3.4100712868124753e8
1.4290974866536602e8, 2.2023114924162972e8
1.1870995944849688e8, 2.5598935879896188e8
1.9074117352425689e8, 2.661513157360472e8
1.939579999821247e8, 3.4622544307191664e8
5.583453993809519e8, 6.256371819690616e8
4.478369613037268e8, 7.321255866116291e8
1.1591308025486146e8, 1.8753118670719475e8
2.167671979063905e8, 2.9309337004799086e8
2.9307503527169204e8, 5.236311566444857e8
5.182796799859827e8, 6.101080152793056e8
1.3372483631217612e8, 1.791588756452927e8
1.080684068179939e8, 1.74815480136074e8
3.004637456792478e8, 3.801185520205289e8
2.917674992454718e8, 4.358701276947872e8
1.4055837674524763e8, 2.6488074906071356e8
2.020538438075088e8, 3.064776493399812e8
2.488540985109523e8, 3.630014988332157e8
1.9532950066415432e8, 3.931808662666547e8
2.0356446803193408e8, 2.6982895897979087e8
1.5324505303713545e8, 2.1988346843336332e8
4.1364663660088503e8, 6.039174137551123e8
1.4449509147176644e8, 1.8892041601497278e8
1.9315679464453968e8, 2.6283912631576458e8
1.8031162466613984e8, 2.4531988710912958e8
1.7829787159440202e8, 2.5546406393108365e8
1.6653309600443634e8, 3.1050074304622376e8
1.8949634386495283e8, 3.147742533638333e8
1.124612639006214e8, 2.1732663803434145e8
1.75310235266093e8, 2.4699560105202565e8
1.8534528522097626e8, 3.244112569720894e8
1.450785373485092e8, 3.009668523086341e8
1.9084441935653216e8, 2.7352114117744976e8
1.7210701926492557e8, 3.150005851008893e8
1.2740961518791007e8, 2.392834096145668e8
1.5456775992080796e8, 2.4472359174639177e8
1.8990765129860967e8, 2.5846020209715983e8
1.7569175405349755e8, 3.339989242082651e8
2.242821366638592e8, 3.4398831142973596e8
3.312527077817298e8, 4.170445888149332e8
8.958028373729941e7, 1.468222368234524e8
3.5651234465168196e8, 3.986006596427208e8
1.674484046504936e8, 2.4099217584165317e8
1.5181340390731102e8, 3.6746231425217676e8
1.7860649123887953e8, 2.440996175753767e8
1.6613751995113623e8, 2.4222648720244363e8
1.4360911730231798e8, 5.279066048914313e8
1.1891367555306517e8, 2.600479057552292e8
3.9350164552101934e8, 5.456811031755099e8
1.3447595657740498e8, 4.457017143779457e8
4.304317691696484e8, 5.1187615644084305e8
2.0861665544680184e8, 3.003386327636241e8
1.0536839802741745e8, 2.1147423888236803e8
2.1675880427819055e8, 2.993953751433805e8
2.5119552349759057e8, 3.170515711916477e8
1.1168566427502392e8, 2.1817597027457735e8
1.583215101470777e8, 2.247021724845451e8
2.824294338212716e8, 4.500789626503795e8
1.7881539494534317e8, 2.967331723660109e8
1.7597771567861587e8, 2.3501190774992374e8
2.2357177420067003e8, 4.755916729929938e8
1.3588622125390983e8, 2.288009309262828e8
1.2411435435545959e8, 2.155312010618604e8
1.1653966499804853e8, 2.218800169016948e8
1.3390158321671508e8, 3.0002461675398904e8
1.9242478283725432e8, 4.921062425415253e8
1.8889924552973595e8, 2.7863151002898043e8
1.9355399930167997e8, 2.450569444127737e8
1.3144657937731642e8, 1.8141537936765164e8
1.5809468648426947e8, 2.3157800029708326e8
1.6074700527071357e8, 4.766637024159623e8
3.238963911659072e8, 3.866600002127157e8
2.830977944429744e8, 3.3068576288336724e8
1.6403419001860648e8, 3.2221975805600363e8
1.3914709126658046e8, 1.8859156015294138e8
2.3446231745586342e8, 3.653996914343186e8
1.181235690404318e8, 2.1999969065297556e8
2.2907472438420573e8, 2.787146610299147e8
2.525673419724946e8, 3.9129614290328175e8
1.148215704930821e8, 1.9886742925572076e8
1.6663646062952086e8, 2.3088440079472312e8
1.4384623544446364e8, 2.2589565830313662e8
1.8431109022761592e8, 2.4853230117503074e8
1.769799080926952e8, 2.8444171988896465e8
1.922266186217532e8, 3.03548305171963e8
1.6943473775819775e8, 3.3017728418916744e8
2.3928726415683955e8, 3.9138652943451196e8
1.4721724261330184e8, 1.977056397520626e8
2.255661835215505e8, 3.739601672585072e8
2.332146183689815e8, 3.0874684106845546e8
4.8610298812907755e8, 5.634427687690977e8
1.413215639681764e8, 1.9463142991142902e8
1.6118059440861276e8, 3.740064340530242e8
1.194142211838731e8, 2.864761979553816e8
2.3634448994611898e8, 3.1707829009146374e8
1.5614149249989834e8, 2.0833446161123455e8
2.1176109850378764e8, 4.652872699627907e8
1.6124230388092265e8, 2.8544791264159393e8
3.116716793372525e8, 4.482508137434128e8
1.924922642837103e8, 2.488760364155955e8
3.2418694959167796e8, 4.877237965548166e8
2.3587425550653678e8, 4.0511946958556056e8
2.068839969816049e8, 3.286583341804396e8
1.2674229232923794e8, 2.767613457073818e8
9.561805179719673e7, 1.9139719132969788e8
3.3101307142771196e8, 4.086195672397073e8
3.9400420129361993e8, 5.337950483269924e8
6.808042804394513e8, 8.214586697697272e8
1.2820019982357876e8, 2.4323136193316212e8
2.3778542647584867e8, 3.096278916610577e8
1.211419548507536e8, 2.209879038368077e8
1.4471600244304475e8, 1.987937276158636e8
1.524764492172297e8, 2.2296430309196293e8
1.2190341725150351e8, 1.869446809954209e8
1.2290925992155474e8, 1.8995370195044273e8
2.6346141986088854e8, 3.264493868134992e8
1.385010437990348e8, 1.9168455757200852e8
1.5284912015946773e8, 2.215700720684145e8
2.4579096232410467e8, 4.182083544549252e8
1.0127464904186444e8, 2.828141159363647e8
1.215211172638434e8, 2.095483284296817e8
1.0975113641775586e8, 1.9624618340599164e8
1.817051227962919e8, 3.130066124225634e8
5.293499345199365e8, 7.810596002050241e8
2.3852143982602507e8, 3.64603322640731e8
3.983579462947943e8, 4.555131133479927e8
1.1594482158753712e8, 2.0377398736935622e8
1.512479679617619e8, 2.437795594473056e8
1.4486929110805503e8, 2.101611704821647e8
2.313386332282105e8, 4.9619195171468884e8
2.296323557883232e8, 2.888414251982638e8
1.7914825565041438e8, 2.2908729770178348e8
2.1075169107957336e8, 3.7389275385319066e8
3.061327601766971e8, 3.746394941271184e8
1.6769350411152995e8, 2.3865419277742735e8
5.2759365735412824e8, 7.820895473201885e8
1.236619761668171e8, 2.0614965359214053e8
1.774439439273751e8, 2.268639279909885e8
2.6654796122617304e8, 3.697673558220488e8
4.248372719929063e8, 5.418909694972942e8
2.4218120712736598e8, 4.416043790703333e8
5.620237355318e8, 6.63417820844795e8
2.2636817373509213e8, 3.4482146595866346e8
2.0829713355863738e8, 3.2555278838669896e8
1.2420225150613819e8, 2.2517253122470698e8
1.8475184579062876e8, 3.8929936412216187e8
5.120500730928215e8, 5.580668127611499e8
2.08994770618367e8, 3.341187930121409e8
1.9601013080477157e8, 3.1459940650306594e8
1.393464251175572e8, 2.3691976124797004e8
2.13351954174675e8, 3.063284124102184e8
2.72731644261363e8, 3.392244832100924e8
1.1932213758881234e8, 1.897064460302545e8
1.1936945898012832e8, 1.8832922073161942e8
2.4183951989060098e8, 3.240229314492543e8
1.9768117233331242e8, 2.4822602155210114e8
1.089791664142031e8, 1.743220960094596e8
9.48722760280299e7, 1.344595020145692e8
2.202467127233151e8, 2.712676800349125e8
1.2801626901948231e8, 2.1695245676321763e8
3.758932625143931e8, 4.595023462620349e8
1.6326467598098013e8, 2.1990111723386765e8
2.5530323677755594e8, 6.287605442667248e8
1.9565655756080815e8, 2.961515746816846e8
2.7069603183759964e8, 5.194295119686629e8
1.131873112319957e8, 1.9469485854698524e8
2.1357703197120342e8, 3.734241464949774e8
1.0455129692383164e8, 1.7542711946091664e8
2.2109527025697038e8, 3.3462957292716026e8
2.4386695480535454e8, 3.895758161864801e8
2.4898905416741377e8, 4.4892313167302537e8
3.0044478424037385e8, 5.073561872464233e8
2.0970132511520803e8, 3.4258776566976595e8
1.35858541675864e8, 2.0788155863979387e8
2.459855053653047e8, 3.4438156590905493e8
1.5954922135340056e8, 2.6350660928165063e8
1.5403534164132977e8, 2.234409268768341e8
2.6482411279221863e8, 5.402893235190895e8
1.535580257740188e8, 2.2178975871215895e8
2.9543895003509706e8, 3.5442900166211253e8
2.1114302696196038e8, 2.982215833943121e8
2.406474451041152e8, 3.0740081426727515e8
4.694219539952783e8, 5.614598913121196e8
1.7065641595873028e8, 2.6599824188704848e8
1.0030428093421188e8, 1.6237737754962814e8
1.8498453625495464e8, 2.4097161963301325e8
2.0645441238486198e8, 3.2345467615254325e8
1.4745949294797558e8, 2.1411994567796052e8
1.3348134469456615e8, 1.9315603060587034e8
1.3475295805381453e8, 2.3992284825136477e8
1.0227366711042157e8, 2.3804449890903038e8
1.838141891297917e8, 2.863555914321798e8
1.6662424929722118e8, 2.916339708682014e8
1.6494874500422466e8, 2.4734203625556564e8
1.5670863811029404e8, 2.282589693574055e8
1.4970038019536662e8, 2.7516318726896024e8
9.575988378831956e8, 1.0290507770084585e9
2.274558755310779e8, 2.858507351571629e8
1.893287828262187e8, 2.7279388374550164e8
1.980476000944965e8, 2.875858538197183e8
1.6774765832467267e8, 2.625802703304671e8
6.965833351915401e8, 7.615656152273414e8
1.2878021766983165e8, 2.1711251838528034e8
1.3139254748733388e8, 2.171913258725474e8
2.8809684897163975e8, 4.7126186000578696e8
1.6432479623860165e8, 2.3611821924210903e8
1.337648938853607e8, 2.0274347569915423e8
2.207977049156256e8, 2.822947326463925e8
1.5509322529367757e8, 3.2305982593204266e8
2.1930338997661886e8, 2.817230627183074e8
1.5387674470802602e8, 2.5192890251771352e8
2.0108506135034114e8, 2.6456458199015293e8
1.4110159764981145e8, 4.720291024274154e8
3.373569653543982e8, 3.8347681584901965e8
1.1862073146642351e8, 2.1302134138380226e8
1.543305973205651e8, 3.305000273770948e8
5.017997753038542e8, 5.405005834230759e8
2.913353307808074e8, 3.495828208619102e8
1.3526962707453683e8, 2.2560043764571077e8
3.607019457876592e8, 4.516174388345234e8
1.4294936382656255e8, 2.2257022498090535e8
1.296140638378026e8, 2.83405999717983e8
1.3687395980382216e8, 2.0449619133722317e8
1.4294320905260164e8, 2.1357661810892728e8
1.828464718687392e8, 2.4847017695822215e8
1.3028735867743927e8, 1.984587805246168e8
3.334686768569709e8, 4.504882333509719e8
3.332877947330791e8, 3.7973185614887756e8
4.2026112384997636e8, 7.467282333614365e8
9.220309202144244e7, 2.389432367649345e8
5.1285511525162256e8, 6.449591041265287e8
2.471395857957531e8, 3.502773801466428e8
2.3148781089860675e8, 3.156833418224637e8
2.759355437353627e8, 5.105996875044414e8
2.1091225022742403e8, 3.7804811676082164e8
3.0875398618300265e8, 6.604367941975422e8
1.2583779202067848e8, 1.7548408627130285e8
1.3323959094513124e8, 2.9263476927308047e8
6.489726810135334e8, 7.063988897322557e8
1.2473147207572414e8, 1.9587400119954252e8
1.744344231053507e8, 2.5077606063019773e8
1.955263443345403e8, 3.5324091538889027e8
1.6230837206779212e8, 2.332826585099132e8
1.3303070349901032e8, 2.561057941714729e8
2.0208431722747838e8, 3.5662653401072794e8
1.2612200941958219e8, 2.0225887576975295e8
5.772836418707061e8, 6.86851875052412e8
1.4114013935920134e8, 2.2921813195665798e8
1.6642581762032238e8, 2.54823523837279e8
2.1852229513012785e8, 3.0107461431431806e8
1.915441205569842e8, 2.6099632713121858e8
2.6180453528554225e8, 3.621483125332262e8
1.1972587824052313e8, 1.9850931710731772e8
1.6935011743857574e8, 2.197729248301531e8
9.624754247239761e7, 2.6968322941841334e8
1.529900626590454e8, 2.0951362376046345e8
2.3967715835011286e8, 3.4447485557368463e8
2.6738632293757936e8, 3.3359689145203084e8
1.585007880829071e8, 2.5370457523119733e8
1.3186874281186911e8, 2.4431448467130497e8
1.5492093000692806e8, 2.6365495862469077e8
1.72321305229713e8, 2.323103108200169e8
2.636036166872144e8, 4.2971607389724594e8
1.7471771007799906e8, 2.703632974378547e8
3.0820196523564225e8, 4.210476783829192e8
2.201280047267594e8, 3.0773994584141946e8
1.1890816227950934e8, 1.9502478678464875e8
4.583523690955364e8, 5.1624628597731644e8
3.0288453918776774e8, 3.7156277808894974e8
2.9710258302356845e8, 3.830178242179997e8
1.445734705663089e8, 2.731860354879792e8
1.1182221967527488e8, 2.221090511744956e8
1.0917710165602243e8, 3.7033580025056386e8
4.711483927689894e8, 5.668427026268424e8
4.6204871907899123e8, 5.319810992309859e8
2.977002939034825e8, 6.683422074692402e8
1.209972171144096e8, 2.1962941918121248e8
2.4119681969274327e8, 3.2716640182151294e8
1.4287105272895795e8, 2.2329468723437095e8
1.3492876142668894e8, 4.142556019837787e8
1.2847954770887083e8, 1.7201786027468777e8
1.23027612121883e8, 1.7398021558554053e8
1.4862626082419583e8, 1.9572885317385587e8
1.5136059982561636e8, 2.6073616117238426e8
1.9331771612220782e8, 3.204265631293849e8
3.385765794294808e8, 4.7160895061325866e8
1.5451797572239834e8, 3.700146363466146e8
1.7664120587049273e8, 2.270463416074707e8
1.694165390442109e8, 2.3359064350851607e8
1.6639945323601976e8, 2.700425481286135e8
1.6931595239057347e8, 2.3118187976630306e8
1.3968323668040255e8, 2.6183347489667898e8
1.563542463184952e8, 2.3756146033297956e8
1.9493648047285494e8, 2.4582042874489272e8
1.3376625520255066e8, 2.28067617373058e8
1.4443564421969318e8, 1.929507225467962e8
1.2820563954891528e8, 1.930367020181707e8
1.109549718941276e8, 2.3476084356013367e8
2.0831484011415416e8, 2.665696694394456e8
1.3767918303923795e8, 2.467951704723517e8
1.8795078151584083e8, 3.314045374208007e8
1.0017451150796041e8, 1.757579008287016e8
2.2595768527346852e8, 3.1033299498318976e8
1.4815537474235857e8, 2.0638300101624054e8
4.275399883504763e8, 7.080440317387345e8
1.756739202685264e8, 2.4507186999814436e8
5.545739301250949e8, 7.379215848170532e8
2.6296705227279526e8, 3.341708788935193e8
1.4984304260279918e8, 2.1180875486538315e8
2.128906201424264e8, 3.0509951919033957e8
2.488440098093009e8, 3.008019981161772e8
1.1888095235849766e8, 2.5264750466195756e8
4.5837271352310866e8, 6.158054729993283e8
1.2265392253329735e8, 2.6290019298978996e8
1.8068648067759505e8, 2.4468198108746383e8
1.3451055621269944e8, 2.1597512062998503e8
2.4774811556888875e8, 3.162698807858271e8
1.6537496466770726e8, 2.0858434673429617e8
1.7806678560052872e8, 2.3465939310963944e8
2.967890807335143e8, 4.1520251082268584e8
1.8223109362734407e8, 4.80720385138732e8
2.267088625084657e8, 2.839292427021299e8
1.729260253309796e8, 2.4890164904899102e8
3.794074073006592e8, 4.786857325169876e8
2.606049632914886e8, 3.853373292001871e8
3.177907642434866e8, 4.098480896656002e8
1.6276055872460333e8, 2.831467249837807e8
1.4835535535297152e8, 2.148679236844727e8
5.291139522093358e8, 7.062496844342946e8
1.4267805457000569e8, 3.4485850215228444e8
1.0581371229617041e8, 1.654408631702332e8
1.9667096732856774e8, 2.919513227196709e8
1.8384137133509254e8, 2.645732977459237e8
1.6425396227118918e8, 2.5751325929149795e8
1.5008618893382183e8, 2.143556379941067e8
1.896696760510665e8, 3.1873828365523416e8
2.7197866694825757e8, 3.499783088305133e8
1.532037012004661e8, 1.947056912376791e8
1.9238715051503673e8, 2.384284215757838e8
1.347948634387267e8, 2.146289981775737e8
1.6264667162151346e8, 2.998969473303596e8
1.0073972164563707e8, 2.1339732848126554e8
1.0781658853308369e8, 2.1644252292667878e8
2.4815146679948956e8, 3.8795286169124854e8
2.0320581666417012e8, 2.9084894750838256e8
1.565221996162303e8, 2.7283918180105096e8
2.102423151464645e8, 2.657694078745989e8
1.966301700728517e8, 2.45239968342422e8
1.6442481905758494e8, 2.8334772329489183e8
1.419519219962593e8, 2.4037771801285082e8
1.531317842580427e8, 2.130086553758652e8
1.4992098138840228e8, 4.9833087085092163e8
1.4381975409014884e8, 2.3250769184170237e8
2.1054887567127866e8, 2.6702546068083268e8
2.6125062343938947e8, 3.4901707631839854e8
2.7770586527632475e8, 3.405878920759831e8
1.552007195742862e8, 2.4511874420204303e8
2.839293450240855e8, 4.216496715394197e8
1.6391857528198344e8, 2.43906021179015e8
1.3000495401506454e8, 1.957647782024223e8
1.2499716811268596e8, 2.476297118627425e8
1.2048689478179646e8, 2.5482405884163538e8
1.8685177065265152e8, 2.9469003743309885e8
1.0824634987123685e8, 1.71883139878134e8
3.290889378325227e8, 6.621064422412348e8
5.930634996887373e8, 8.623159705983485e8
1.3778877405861247e8, 4.338831843637932e8
2.500576855505417e8, 3.248941953519267e8
1.9109990198116598e8, 3.4992718285763043e8
2.6985903847573894e8, 3.448928243998292e8
4.794874830008954e8, 5.846989615478361e8
3.062530074786466e8, 4.08845148310743e8
2.8827372539662224e8, 3.7695991138804865e8
1.1341821340782364e8, 1.9669495927083623e8
1.1753672964756958e8, 2.0307924239095327e8
1.770805971099683e8, 2.6807595769954097e8
4.8566556119065756e8, 5.915806489154011e8
1.3349673962020473e8, 2.1900824028380448e8
2.763854291722111e8, 3.978047055658815e8
4.5192072576547897e8, 6.522533622908281e8
2.0292992035052723e8, 2.860791365743897e8
2.363115216463169e8, 3.034802644062255e8
1.3157156292752601e8, 2.3013755106879187e8
2.254948059813282e8, 3.139902365034857e8
2.0061176812203422e8, 3.474979281548216e8
4.4486088674815255e8, 5.549699421196351e8
1.3247196013416606e8, 2.098618473311844e8
1.4287786176036832e8, 2.4638349278052312e8
1.2805131990758571e8, 2.4878451286180905e8
1.6186209433508036e8, 2.4753891788087258e8
2.5082587909959754e8, 3.4211185985668135e8
6.211573880666614e8, 7.437163285743701e8
2.0608338666371563e8, 2.892086777593756e8
1.8104168220966643e8, 2.719898736575536e8
2.1333183533456373e8, 2.7072033019927895e8
1.449473122023028e8, 2.6296503955328903e8
2.8058367146437615e8, 3.533404684237121e8
2.4234744347067633e8, 3.032787334710629e8
3.26161735964281e8, 4.133822735687817e8
1.7167157860232732e8, 2.4724778743642426e8
1.9921769217792237e8, 2.768914236608407e8
4.729256894844669e8, 5.608654799301156e8
1.6006593943800056e8, 2.0530435320682278e8
4.5481244270856e8, 5.137685188904208e8
7.464504970938134e8, 8.159578597761488e8
1.58840428288074e8, 2.095208165761129e8
2.2866054849444878e8, 3.5842616370132685e8
1.4666982461933812e8, 2.3525706920525455e8
1.336003877514337e8, 2.4190866138291845e8
1.786767916197282e8, 2.5644652573370942e8
1.7295032051752996e8, 2.669103649994173e8
2.0815476891248012e8, 3.779076715719521e8
1.2918664986464164e8, 2.6647317283736587e8
2.7578199149886173e8, 3.5627601342337173e8
1.444260005493177e8, 2.0099931804187974e8
1.742951501279227e8, 2.1574624675744718e8
1.5710139226146898e8, 2.780269243586817e8
1.2418812349992079e8, 3.045392912340287e8
1.3249618212291788e8, 2.560622952782414e8
1.4881039337648362e8, 2.1821671282246158e8
1.5766524775467178e8, 2.2772033650982726e8
1.9476752163843575e8, 2.705547613090347e8
1.1676796460964614e8, 3.134682441718567e8
1.978329872190338e8, 3.2719068933525836e8
1.0745813803437702e8, 2.3510981863843194e8
2.376431520091568e8, 3.887545102886816e8
1.2582828554642293e8, 2.266730364570966e8
1.846183846965922e8, 3.432023512263157e8
1.8140438394584927e8, 2.4437346409637007e8
1.484846848517118e8, 4.6685743085144e8
1.5766785699900147e8, 2.2897679290975824e8
1.2792624123112473e8, 2.2009526522954947e8
2.4443596239782116e8, 3.5515896039784217e8
2.2547146038891676e8, 3.37366810790911e8
2.710822379286591e8, 3.32766740752112e8
2.0611811639795798e8, 3.8622222114243233e8
1.834055705944504e8, 3.596193720724764e8
1.214814201019402e8, 2.1717842035186586e8
4.4920264786862177e8, 6.315631360578955e8
9.511490956339982e7, 2.2278616186446503e8
3.060667658621074e8, 4.7158492752280474e8
1.046520152432805e8, 1.8688378703871694e8
1.287814140555226e8, 2.071104433145155e8
3.344432296505861e8, 4.1639315073291266e8
2.5800865207811132e8, 5.1076372738779736e8
2.3977902615033978e8, 5.632001665068009e8
1.465121783186369e8, 3.3757310989505124e8
1.263523847978664e8, 2.078504912284965e8
1.6216793891002506e8, 2.381205722485163e8
2.0815863491499883e8, 3.3398248018304175e8
1.8908338723892054e8, 4.2645176058157593e8
2.5300653939994207e8, 3.038701142371462e8
1.5792462126035452e8, 2.544797992243574e8
2.946851234763061e8, 6.74261126319039e8
1.4410262127832824e8, 2.1680535887031078e8
2.688160948099572e8, 3.587119406723339e8
1.7580654366864e8, 2.6642574535721374e8
1.480914749338991e8, 2.891895664628224e8
1.7508582429116768e8, 3.156969977075261e8
1.0271286671523215e8, 1.7111669165986627e8
1.2285813419779135e8, 1.8219960490596694e8
1.397226242307887e8, 2.0700529327525452e8
3.2696772722576135e8, 4.47039885051768e8
2.5400701511412406e8, 3.6454478423822474e8
1.6443391801485097e8, 2.3270042552996317e8
1.3194345162717636e8, 2.1560275486390713e8
2.566116207995005e8, 4.288623149555367e8
1.2913726958740893e8, 2.396255894883101e8
1.7545077823800266e8, 2.4547878227621e8
1.7210386857783467e8, 2.4482494615324494e8
1.2297651735246053e8, 2.336803836992553e8
1.439980953621271e8, 2.5276014822843632e8
1.2876102317573711e8, 1.9013542085056034e8
1.6683095107185936e8, 2.228322070091375e8
3.706424100489409e8, 4.326250923854283e8
1.3447417364226842e8, 1.8246412512862757e8
1.9536954222629175e8, 2.7646288948190117e8
1.7968023601291093e8, 4.335991257823142e8
3.563257973830825e8, 4.526634676392722e8
1.665451059706512e8, 2.6494993889927635e8
1.3138185331406903e8, 2.6347482960866657e8
1.2703608847067861e8, 1.9076258228774416e8
4.008255202415509e8, 5.645255101471192e8
2.3232755601620096e8, 2.7195041579844284e8
4.522930198561376e8, 6.170791319747902e8
3.657466738972586e8, 4.4951995275497353e8
1.6421159459334028e8, 2.6823444687145936e8
2.8450820322899044e8, 3.721387040409402e8
3.424831443191206e8, 4.484048573274298e8
1.2500858380130865e8, 2.701385429586972e8
1.101503413889611e8, 1.9256693160147223e8
1.1275618984328009e8, 1.7657208607167235e8
1.5773263088334703e8, 2.773985177845156e8
2.221350873476425e8, 2.833016266981781e8
3.865287544134945e8, 5.849129532739538e8
1.630917745670678e8, 2.3778118289852205e8
1.610026931804254e8, 2.224096192031135e8
1.1544342137291588e8, 1.748876944628399e8
1.6914302335124797e8, 3.080753407145727e8
1.1315058697729473e8, 3.365043380039935e8
3.060623171007578e8, 3.7892249065122086e8
1.789717838528962e8, 2.792961020897205e8
2.89459635770132e8, 4.382910809335409e8
1.6237942275602743e8, 2.208480152751805e8
1.77929418976293e8, 2.851774590286742e8
1.2878940038461159e8, 2.3954749502692145e8
1.5598252641422045e8, 2.3081173805864036e8
1.0703041826688536e8, 1.8410623206330743e8
1.484370264065008e8, 1.9467806784351546e8
1.1663250144247735e8, 2.9068529588571256e8
1.4883507198465374e8, 2.203674246157622e8
1.455448837130684e8, 2.044914407160136e8
1.9072627444178602e8, 3.2969899187576747e8
1.3427930599114522e8, 2.0472692197855037e8
1.9631117737931672e8, 3.217331388681345e8
1.8706976437419316e8, 2.5829182380506375e8
1.3015114758905976e8, 2.3249478004810962e8
2.085427562773205e8, 3.208430649666176e8
4.208092161284611e8, 4.5920197889196175e8
3.989604249302103e8, 4.560065854753716e8
1.6514466791186726e8, 3.5516355619722867e8
2.3651737032365644e8, 3.050479494318712e8
3.0195036934971994e8, 5.183924974137798e8
3.357580764203986e8, 4.113571222947514e8
2.1708231537613752e8, 2.739945946382361e8
3.8891846417286783e8, 6.801478527869029e8
1.44931589681521e8, 2.3636616390021116e8
1.8033270120371106e8, 2.3368587268622285e8
2.1737149260574007e8, 2.8937840860220885e8
1.1307386364670035e8, 2.2360825438061336e8
1.1328316740012379e8, 1.959134155641185e8
4.254291951967195e8, 4.8553802909806716e8
2.0867509002370277e8, 4.8639616579186183e8
1.4134903197146016e8, 2.3141160127814716e8
2.731681022993017e8, 3.241470598440205e8
1.6760750253239763e8, 2.680756266166826e8
1.1898026465611379e8, 2.4303674757697248e8
1.2303314286896044e8, 4.23694610111994e8
1.2287136107428344e8, 1.880516582814095e8
1.1457182969601354e8, 1.939130910829222e8
3.7542822080349493e8, 5.670819923756574e8
1.3724938039141634e8, 2.4578111785132554e8
2.608074288052803e8, 3.135114350004469e8
1.6504615024351183e8, 3.022771833616429e8
1.6734759642697442e8, 3.3825980168813205e8
1.485975099059118e8, 2.16276029936535e8
1.2273390960158117e8, 2.3195148713381162e8
1.3105942339083205e8, 2.141816774670414e8
4.976437319503346e8, 5.905635352140608e8
9.16954998966035e7, 3.536369055280488e8
1.530771473385122e8, 2.1126557447742757e8
1.716579237794035e8, 2.7724691891220665e8
1.3498936138460666e8, 1.93773437613309e8
2.9054435597949743e8, 3.668231385754956e8
1.6406248873307195e8, 2.511633649693225e8
1.068116513086042e8, 1.9540096765641424e8
9.385182351729168e7, 2.5536643875722575e8
3.9059388974018383e8, 4.842818521427999e8
2.010468927516028e8, 4.165782322597306e8
2.3712780899687672e8, 3.157529240067505e8
5.675191400642456e8, 6.713171702568723e8
2.886587427601426e8, 3.364607424478668e8
1.8924718449677792e8, 2.6158571004688194e8
2.2374030095080572e8, 2.965625773413559e8
2.2480718828643352e8, 3.441567731506704e8
2.726285036468736e8, 3.940847295705055e8
1.7659447874487138e8, 3.1557409929975516e8
1.6097085245359373e8, 2.8020398975984806e8
1.1073646634118782e8, 1.7922525096682197e8
2.6831952729858756e8, 3.6901276000508153e8
1.2007927993060887e8, 2.0111164709630683e8
1.5976694229657522e8, 1.9331727742465612e8
1.3604194306581503e8, 2.4598593613938668e8
1.478880100851829e8, 2.53084417993026e8
1.3301829993823066e8, 2.2370279797023693e8
1.3282388830069238e8, 2.0608455597356498e8
1.2026388556100988e8, 1.6899285204666433e8
1.3717872389184317e8, 2.203477665468231e8
1.3962097137233916e8, 2.1946460570272765e8
1.1937821040238751e8, 1.7635526214659554e8
5.804386989717957e8, 8.975596980033921e8
1.810780069400056e8, 2.5809501188399893e8
1.772289517034173e8, 3.7413109998469085e8
1.5982404577016684e8, 2.2530308615202674e8
1.6036472354909515e8, 2.973419727240207e8
1.1913848709565242e8, 2.3000518521051705e8
2.735160453957966e8, 5.403273030815339e8
1.3594932405878356e8, 1.9587086572125813e8
1.8253479648430336e8, 2.4747814692135644e8
1.2062106010865667e8, 1.9163354700162736e8
1.0878759961382799e8, 1.9217146874373588e8
1.0095901367830482e8, 1.9163779073256427e8
1.6074212939947686e8, 2.4650872121788484e8
1.5409848693418333e8, 2.490523765059567e8
1.9229878610072732e8, 3.195089776618405e8
2.3742163178845698e8, 2.7920040158233064e8
1.9662404983050352e8, 2.7378182967369664e8
6.983125156945368e8, 8.739066528322918e8
1.92772355256062e8, 3.6252404687645894e8
1.9889384128463423e8, 3.463601998755912e8
1.370358541364203e8, 2.0501807248657176e8
9.198829652824615e7, 1.964855876678359e8
1.3710356564630508e8, 1.8258406487398723e8
1.2365294331635377e8, 1.9148111268244064e8
1.7610021905043697e8, 3.0843059206898534e8
1.338610930383385e8, 1.951941531696367e8
1.1232431393705603e8, 1.7944744795736986e8
1.276707743092617e8, 2.297468449834145e8
1.5059870721564826e8, 2.113148385654759e8
1.3332836712939604e8, 2.7059245463583016e8
1.364262297457571e8, 2.078128851390016e8
4.1380172602684206e8, 5.0541469310552657e8
1.3588394627757198e8, 1.8618934574032843e8
2.6082504454076093e8, 3.774089721776146e8
1.7206338187304732e8, 2.629997871280279e8
2.19900901356634e8, 4.422301512582133e8
2.4083357622812998e8, 3.406986646558215e8
1.231890007798509e8, 2.334301224994264e8
2.1438674256061828e8, 3.276207752798862e8
1.651232346284035e8, 3.177715943450654e8
3.606820686449324e8, 4.988641766285481e8
2.057526592493265e8, 3.451792928028477e8
1.9522277220565632e8, 4.394773948195135e8
2.756910558084653e8, 3.094409010657057e8
1.2089916485705699e8, 2.1559444937904492e8
2.0339349738558856e8, 3.6065750145966566e8
1.285320615500942e8, 1.883851988591005e8
1.9792239556683245e8, 3.258541671567611e8
2.358295436139483e8, 5.523864762160014e8
1.35356670951855e8, 3.7502058918589556e8
1.1777232085822663e8, 2.070111191043273e8
3.056180239827047e8, 4.367771800654306e8
1.2791505970306405e8, 2.3627757048733962e8
1.8737696637287077e8, 3.8974730383282936e8
2.2863060421712413e8, 3.12408301138561e8
1.5934737663148507e8, 2.493402515614907e8
2.0631768106874558e8, 3.1143194396958613e8
3.969435271647029e8, 5.726771559398425e8
9.539996092245886e7, 1.6070824558341604e8
1.0687962583720948e8, 2.4097309628696406e8
1.9406670978037262e8, 2.762954766417506e8
1.6609044373707038e8, 2.2840442318426487e8
1.246398239938175e8, 2.7145334250571316e8
2.239096657337083e8, 3.375609668807778e8
1.8514094797400036e8, 2.430706976131185e8
1.6150831396975136e8, 2.444771718934359e8
1.4306815480900127e8, 2.5348002359792206e8
3.7162473422856224e8, 5.549695813441927e8
1.1127273734696497e8, 2.9901915069029295e8
1.6552457276610783e8, 2.668781458982912e8
2.930545461534584e8, 3.803237260510332e8
1.295333289978619e8, 2.155913345049002e8
2.4136856091989028e8, 3.2850153566897e8
1.765393246639885e8, 3.051396982403132e8
1.2885401278551276e8, 2.3246914873649228e8
1.5618338214123297e8, 2.756819396863601e8
1.3217850605627376e8, 4.655222719277755e8
1.6068353436481893e8, 2.1862929499296767e8
1.5305990278040653e8, 3.4669002676949996e8
1.606042833924214e8, 2.5493345876080704e8
5.681628293623888e8, 7.359605102830245e8
3.258353604247511e8, 4.5956029323320776e8
1.6207096561109403e8, 3.0354643216718996e8
1.4594086739576903e8, 2.0671717568509707e8
1.3041185794346246e8, 2.065065421298109e8
1.9822632133173007e8, 6.90002833300296e8
1.1953830884027404e8, 2.3034743624530426e8
1.512759084282918e8, 2.5783604708469254e8
1.8536847271771207e8, 2.8367278180327034e8
3.417810946148891e8, 4.605265953160064e8
2.251702354497792e8, 4.165828097144929e8
1.4827303013243675e8, 2.1086364852414522e8
1.6716246045030186e8, 2.4942016425632635e8
1.4446964617551896e8, 2.1856489929370853e8
1.8187370411116838e8, 2.8171542441707265e8
1.9802554551127958e8, 3.196133416416742e8
2.004578135718516e8, 2.594743774666472e8
1.4045743477593246e8, 2.0006793326570982e8
2.6425940724532545e8, 3.795789062248281e8
1.2808766894884129e8, 2.1085236841100588e8
1.8462624959724e8, 3.762683891919724e8
1.6883464461964276e8, 2.387489329593579e8
1.4059256444126832e8, 2.0385402142143312e8
2.124252713169798e8, 3.5194366229601353e8
1.5724752179896864e8, 2.703225435116864e8
2.667677748724358e8, 3.716369672070872e8
1.5236140279887927e8, 2.2543120220585865e8
1.3406366213730864e8, 2.1603794006471354e8
1.6335844605776837e8, 2.5821847936118415e8
1.3683048999160326e8, 2.2986555406953734e8
7.730090341933633e8, 8.915428091446038e8
1.9986868373811302e8, 3.329659554514076e8
1.5475923520528087e8, 2.7400320526920104e8
1.8639251845938015e8, 3.5908459885067636e8
2.286075926580159e8, 3.2931155898051834e8
1.3488355781593755e8, 2.020837677713521e8
1.956823628662166e8, 3.080350688618079e8
4.9034771068263066e8, 5.613553500523436e8
1.2757566291482922e8, 2.2162209445727196e8
2.4686928501291132e8, 3.323502238018995e8
2.0208744752527586e8, 5.849341573163066e8
1.578745115416054e8, 2.4129517927996817e8
1.5805417430229604e8, 2.2479842039676216e8
5.2556590635328823e8, 5.951076182589159e8
1.40364059000129e8, 5.59853190365869e8
2.7641269038254464e8, 3.658996180878713e8
1.5483668490729326e8, 2.00900908703659e8
4.2633948428967345e8, 4.7108658043311185e8
6.670475768400275e8, 7.416913148161154e8
3.015937562829989e8, 6.427901907572201e8
2.5640613928204134e8, 3.3511054482493615e8
2.4858862010396934e8, 3.068357188252797e8
2.17015154002794e8, 2.845370293597838e8
1.119347097115066e8, 1.6355146298929673e8
1.532292220978479e8, 2.346611065699512e8
3.543717858711808e8, 4.750437669038625e8
2.891397677028134e8, 5.1041034062476593e8
1.572974781928897e8, 2.2974998901719686e8
2.71547353549818e8, 4.219954183250184e8
1.6286531193017453e8, 5.322708219665715e8
1.4564511555547673e8, 2.0637720490151846e8
1.651543773254855e8, 2.439075481094511e8
2.320193782933868e8, 3.4615364055120736e8
1.4544489285605705e8, 2.87727664827964e8
1.849261748168406e8, 3.8788431579626864e8
1.6605246379804778e8, 2.355882615283361e8
1.8226405452101514e8, 4.2687568942138386e8
2.0734729122926307e8, 3.0255156934301823e8
1.0199191114490901e8, 1.7078183729940465e8
1.0429897127959795e8, 2.3517133492845646e8
1.857580169329631e8, 3.6782508336352473e8
1.533280852725108e8, 2.398620347419788e8
1.232080113029084e8, 1.9881253778339213e8
9.884094646710989e7, 1.728893512169303e8
1.1540757893841851e8, 6.345615247972695e8
4.3919061534274566e8, 4.942276630659041e8
3.2055673753594667e8, 4.07044653090424e8
1.5558357374174744e8, 2.320286142019983e8
2.1808474576442638e8, 3.060948409107765e8
1.4852767879562455e8, 2.4565643021674743e8
2.1261672886145416e8, 4.301975920594864e8
2.4982323647513658e8, 3.0332880569889706e8
1.8054734986071265e8, 2.3005164519352862e8
2.1770573211301926e8, 4.440151394430419e8
4.6376524256667244e8, 6.319776533184129e8
2.2012616090750256e8, 3.032830314806762e8
1.772700980035656e8, 2.5873489410965177e8
1.4144986456172895e8, 2.035320121583167e8
1.1333442239970294e8, 4.152806865813033e8
1.6668391180187407e8, 2.966689564836713e8
3.970758098982849e8, 4.880746933493189e8
1.7645663341848522e8, 2.792726546444931e8
1.8710990583261487e8, 3.4198813203134114e8
3.720237634084722e8, 5.0292969225998986e8
3.566624590596828e8, 4.2517931400453633e8
1.204162392858816e8, 2.1512996347799197e8
1.6232380831005433e8, 2.82404075167274e8
1.7036446056649566e8, 2.68731845450151e8
1.495156373919607e8, 2.6225836218843892e8
1.537988524413717e8, 3.756000009842791e8
2.9600504130369025e8, 4.036310663228423e8
5.295692223273697e8, 6.280914680770626e8
1.2939922260285987e8, 2.3350287308697215e8
2.1191986907116413e8, 2.5638715876697588e8
4.116767485836681e8, 4.8406323757640725e8
1.8988036007688877e8, 3.0650425144794583e8
1.2532155420400137e8, 2.1458786259069625e8
1.6725339673281416e8, 2.4180886281525978e8
1.1476234535074785e8, 1.8895215115422705e8
1.470307695768839e8, 2.6182302529156318e8
1.593613608080401e8, 2.875870542600256e8
1.4407595898863086e8, 2.4369696691268203e8
1.5295591065477973e8, 2.4458170706277478e8
2.1854911817973375e8, 4.076734616507342e8
3.2273247672541595e8, 4.437260088648202e8
2.399245593214263e8, 2.9692285975667167e8
1.2710036368030712e8, 1.9389485729518864e8
2.790869475760651e8, 3.595537728468523e8
1.685881980644579e8, 2.2915217447797105e8
1.1481617075832966e8, 2.892690117210707e8
1.5360892046909913e8, 2.0795619874518093e8
2.0132715766842213e8, 4.625933300630591e8
3.2308618503510207e8, 4.725564866725687e8
2.09674585311181e8, 2.7540527403012335e8
2.051712377865186e8, 3.10590141695776e8
3.077366381661669e8, 3.9044902039480025e8
1.5986913572728994e8, 2.1274434304640827e8
1.8346121579520413e8, 3.0213518894234115e8
1.5138928083663124e8, 3.309992416716958e8
1.1714545891557626e8, 1.750638914934108e8
2.3755725951063517e8, 6.011504231377069e8
1.9373711942867875e8, 2.4439850396444014e8
1.4168259632046807e8, 2.1003683127987832e8
3.388627258568797e8, 4.0464925922393286e8
1.3288172677133256e8, 1.9744481431395432e8
1.4378552899647492e8, 2.2311180626434627e8
1.8088541524029335e8, 2.812013569712123e8
1.5530689630632365e8, 2.3929251617466462e8
1.5607630034144616e8, 2.2234126450380075e8
3.330779886073002e8, 3.922235328515082e8
1.5564367954224414e8, 3.260356022492964e8
1.364573123116048e8, 1.924938452157502e8
1.4914353508141986e8, 3.051473252052893e8
1.1387231311258852e8, 1.7625788963379264e8
1.4385700959293404e8, 2.1209170808315244e8
4.9007421806239337e8, 5.559670820310841e8
1.1597604263272507e8, 2.4111740054678443e8
1.650562164946691e8, 3.402501666799425e8
1.3305791776682317e8, 2.1355103135321602e8
1.9524275028595793e8, 2.6595377781786972e8
1.6590762215050957e8, 2.2825837662115645e8
1.8709097759859672e8, 2.6084551960174268e8
1.600358029915643e8, 3.615501631401397e8
1.4588271171155626e8, 2.2176592680458096e8
1.2809144481921522e8, 1.839144828982277e8
1.5251824761943892e8, 2.847731242873353e8
1.3493566861755553e8, 2.0465163675165588e8
1.3912379251530677e8, 1.797888089302166e8
1.2568223031913215e8, 3.062868982444999e8
1.4525653225078514e8, 2.079932548708077e8
1.6438986411126864e8, 2.253308507786142e8
1.528505879712649e8, 3.36550928947478e8
2.5668028852788138e8, 3.218134785267792e8
1.2851381646893163e8, 1.961682640452473e8
1.7842155964715955e8, 2.1624224029166734e8
2.036938243239026e8, 2.8576699345940673e8
1.8691009355002007e8, 2.7300893423638177e8
1.4595549854404873e8, 3.779016360117044e8
6.612792117219821e8, 7.613253169190446e8
2.0928462472327417e8, 2.991466715994503e8
2.2298495729804713e8, 2.9289808167583495e8
1.352857708407646e8, 2.216874221684516e8
1.2720537374772303e8, 1.8810524922378471e8
2.5106021751452786e8, 4.003253439010714e8
2.273324574513624e8, 4.197161461329665e8
1.8835875530607906e8, 2.273610135047904e8
6.185535348657222e8, 7.948282373307073e8
2.3911406550663537e8, 5.320091742989647e8
4.905190304166241e8, 5.923842203946223e8
2.127605832709507e8, 2.875615258302444e8
1.836141358817895e8, 2.377876705387962e8
1.519328388268808e8, 4.2893696585300237e8
3.168451966669992e8, 3.623158678805278e8
1.74918851984091e8, 2.8098254833287203e8
2.1853854919672626e8, 2.882763913562999e8
2.1789232692217684e8, 3.104943614519516e8
1.2202270890153264e8, 1.8145151675833595e8
1.499035664228296e8, 2.4020643772120437e8
1.691557547995705e8, 2.5629680887417075e8
1.4575070199942583e8, 3.844586459474578e8
2.877502653212316e8, 4.203752396629112e8
2.39932031854095e8, 3.10467689323278e8
1.0203772172460003e8, 1.6946011108663332e8
3.0582184167377794e8, 4.1412528495796335e8
2.2645956429422548e8, 4.0074273907249e8
1.2500337519088282e8, 2.1539229400655994e8
2.0943729342909893e8, 2.964255441587304e8
1.790848854708542e8, 3.0170449699276614e8
1.2155002945022492e8, 1.934123488758277e8
1.390952371045769e8, 2.2417187907913664e8
3.110953531325194e8, 3.8762199515038097e8
1.3423700697049344e8, 1.9528706454968426e8
1.335647420686004e8, 2.1166448205677435e8
2.06290747326701e8, 2.6551034419455945e8
2.116421060698551e8, 2.8480115001168257e8
1.4688373970300898e8, 4.688883648357103e8
1.677024391080339e8, 2.298894245211002e8
1.2285286255732171e8, 2.0985921016877374e8
9.45077909973785e7, 2.052391416416724e8
2.1473628743510315e8, 3.689736070869105e8
2.3395039417921978e8, 3.8825915826103497e8
2.3551131788126388e8, 3.832417037624329e8
1.6962148993126178e8, 2.2146852856752536e8
1.3285029523692726e8, 2.904566611085757e8
1.1743847146477376e8, 1.820206871786962e8
1.4963203362987772e8, 4.5643816307298994e8
1.9032418292527795e8, 2.6373013051310018e8
2.1636811968956152e8, 2.706317477700293e8
2.5191901590429965e8, 3.5754334581315845e8
1.366096340125397e8, 2.0663125541756067e8
1.8700255907017037e8, 3.0442509154183936e8
1.5715863963704097e8, 1.9932527748286542e8
1.1495214457385263e8, 2.950978177460525e8
1.4237602421848446e8, 2.4731610089483416e8
1.6955605674366853e8, 2.4100228491010076e8
1.3736899084292606e8, 2.3290365110603255e8
1.2822738436796464e8, 2.1111693068733785e8
1.6505463857122833e8, 3.5286069835064304e8
1.9296581210907286e8, 2.468361777663606e8
5.914057175002372e8, 7.990982353348391e8
1.8473473921197948e8, 2.6495413738138464e8
1.8682513102402607e8, 4.0225386052182573e8
1.1157520585940886e8, 3.7608822175731254e8
2.3972742107278204e8, 3.305740119612405e8
2.167626649308756e8, 2.841118186082399e8
1.823274270484716e8, 3.045708913231836e8
2.224033134615086e8, 3.3162130465209645e8
1.7107317325003168e8, 2.6454080041048682e8
1.524945111181968e8, 1.9791746515984505e8
1.2278836099261922e8, 1.9979693397893903e8
1.333245927641169e8, 2.0616442197642478e8
1.489304915656242e8, 2.90487695144542e8
1.483993471383738e8, 2.636002395851768e8
1.570503306514783e8, 2.2304931476703492e8
1.5440877184938845e8, 1.941656629621745e8
1.5600028420539984e8, 2.5531364171460396e8
2.2791988489770818e8, 2.6667353768890387e8
1.4704652943654555e8, 2.2605121440898222e8
1.848204045498094e8, 2.559357517071798e8
1.6262151529305294e8, 2.5789633134150764e8
1.617845279979021e8, 2.1786580526158276e8
1.6857649830900413e8, 2.8747466757194895e8
1.8707674253799745e8, 2.5533639112847164e8
3.3320415745067406e8, 6.067928482745432e8
1.8275571684778628e8, 2.572084417621197e8
1.565054055551242e8, 2.1352364852076346e8
2.0683909237522346e8, 2.7629486490136266e8
1.7732307993703425e8, 2.74970566232139e8
2.42208446063007e8, 3.782844406634035e8
3.2980673478468674e8, 3.8596992647497743e8
2.7073783125709605e8, 3.8073891049953187e8
2.1139436543174845e8, 3.4764145508786637e8
1.370617252914667e8, 2.594761012912191e8
1.9375474020266056e8, 2.789549877625526e8
1.2114873388332243e8, 1.6713043008842984e8
1.7241815015568662e8, 2.372520349755409e8
1.367330838756546e8, 2.007510978925758e8
1.3887677086124897e8, 2.1022557344002613e8
1.3948574047569394e8, 2.3458984775420853e8
9.580752953892861e7, 1.530360903148862e8
4.539529152221719e8, 5.599170639206722e8
1.797015133938063e8, 2.9606851383902484e8
1.2679404601917481e8, 1.9351479910104954e8
1.2027957863546652e8, 2.066337625543891e8
1.2822734469191974e8, 4.692650349931906e8
1.7648206661893407e8, 2.842125806920384e8
2.5198639223510388e8, 3.0097868074737304e8
1.4601702867763853e8, 2.8945445287149686e8
2.2534044380472976e8, 3.0130727273066056e8
4.912700704840448e8, 5.741516766571081e8
1.2061596729470795e8, 2.1023367594382012e8
1.6195897025380558e8, 2.17775657425285e8
1.9385195019186097e8, 2.7072359320716286e8
1.6138387259384865e8, 3.368250062845423e8
2.0306963657591972e8, 2.6106987946849123e8
1.4628651646084315e8, 1.885140543449757e8
1.495682890143529e8, 2.0619111825216532e8
2.49548194580563e8, 4.113769177499499e8
1.2367303237623787e8, 2.645433992747475e8
1.687605474910953e8, 2.7151188114473385e8
2.1073985746287334e8, 2.761813918445675e8
3.368901019107737e8, 4.163037231615067e8
2.1318676119336987e8, 2.9574343016592133e8
1.4410560774226952e8, 2.0596897665012115e8
3.777236287394236e8, 7.022664281964418e8
5.741294793774954e8, 6.80414104274827e8
1.4496731097826645e8, 1.8648236609161708e8
1.5179325908429617e8, 3.444929169939746e8
1.4574806571602866e8, 2.2406747305491015e8
2.5691968191467544e8, 4.510565340563709e8
3.1691637229142106e8, 6.811046220006207e8
1.4612652251883128e8, 2.759187551117874e8
9.596486851348957e7, 1.4536615505339316e8
4.857530204997379e8, 6.377026351173967e8
1.5289589618336275e8, 2.0497322818061858e8
1.4363606034612486e8, 2.737666394532412e8
7.329383307552127e8, 8.249764126634618e8
2.2849484102547392e8, 3.2419852303131014e8
1.7411659811648557e8, 2.5650972377717537e8
1.7986384646491665e8, 2.3760403720887026e8
7.840551713939209e8, 9.03612475715756e8
1.943746409321905e8, 2.833446216702273e8
1.5058772910462025e8, 2.1796786705796775e8
1.9223420213302863e8, 4.4892925815758634e8
1.807591761177454e8, 2.6348638449362212e8
1.4375275349832937e8, 4.02082867016706e8
1.8985381362382883e8, 2.725187019967252e8
1.0677191144395038e8, 1.9339022120741338e8
1.3682545428252757e8, 2.663463826691019e8
1.706460806839376e8, 3.0774369034764165e8
1.2973794759977037e8, 2.019867293002393e8
1.5580798688869813e8, 2.3758147562296712e8
1.7399542140061203e8, 2.654839254383553e8
1.8833451520480987e8, 3.21382308262436e8
2.2115219324718645e8, 4.52878001797878e8
2.1463604360951155e8, 3.335298099375055e8
1.648460145588735e8, 2.24949040092728e8
2.4432864475753945e8, 3.7107715385420036e8
1.1311833724832967e8, 1.655757299738952e8
1.2020705119559646e8, 2.069894423675972e8
1.7414630831448463e8, 3.066163591368937e8
1.6364642027232212e8, 2.1594085801984158e8
1.6377668738085672e8, 5.1648234670282316e8
2.177619251223041e8, 2.741463004221623e8
1.91495211811806e8, 2.5034444376482308e8
2.0134869526904988e8, 2.379059409702294e8
1.4460213968363023e8, 3.9902032920686567e8
1.7584613589568928e8, 3.264927787104642e8
1.6324809163330072e8, 2.4123637860484725e8
1.5254248534923846e8, 2.6719874850520512e8
1.540422903216725e8, 2.283460983804044e8
1.7418551204300785e8, 2.927088458703195e8
1.753235575176182e8, 2.5198640018218687e8
2.7365607350859404e8, 3.661284033265366e8
4.3583815417148256e8, 8.275022902952509e8
1.1104603113686794e8, 2.0952880382830128e8
2.0422507445049152e8, 3.0057754767555696e8
2.5184216348250273e8, 4.048958849368355e8
2.2328491338496393e8, 3.482407381011949e8
2.1880926484223256e8, 3.409232089856215e8
1.1976105355860096e8, 1.5660918832942066e8
1.5409185442514616e8, 3.6174251229304343e8
1.556328847943622e8, 2.3204119952226922e8
1.6759458645914125e8, 2.469298029883908e8
1.0842302329184131e8, 2.0043188736366972e8
1.8901597420421872e8, 5.1636436704741096e8
1.7311847718525112e8, 2.5290341581145307e8
1.9172165093112648e8, 2.589951405276636e8
1.6658489678077534e8, 2.2394526238598096e8
1.3127097599736996e8, 2.7500045723718643e8
1.381344943925076e8, 2.2446663628584865e8
1.4543400744884664e8, 2.3082013517128652e8
3.475219031826879e8, 4.2913900902254486e8
1.3670006866102663e8, 2.2863892288189006e8
1.3299163715215167e8, 2.5665850015381393e8
1.8883762736650717e8, 2.4633467083729693e8
2.0394327022836158e8, 3.2301180922704834e8
3.9975134678120947e8, 4.375173847120703e8
1.8451249728437495e8, 2.3763690881235424e8
1.157868684968025e8, 1.9863075492579776e8
1.1828908812852253e8, 2.0166151912545463e8
1.5245552339129728e8, 2.01161497270505e8
1.31167319572554e8, 3.4735173971788883e8
1.8884501965257344e8, 3.0925344448547316e8
2.5215792101635134e8, 3.1487009406254166e8
2.7694011710679114e8, 4.5458339112921375e8
3.032672697213378e8, 4.2728501572768736e8
3.045207612249548e8, 3.575849527649263e8
2.279847509856712e8, 3.181990725514603e8
1.2997614299756314e8, 1.8053272871823353e8
3.634517844350899e8, 6.045765159935136e8
2.242485849002344e8, 2.894935260364244e8
3.870603607193832e8, 4.592012411148765e8
1.4790378662805173e8, 3.105895970124101e8
7.55709819785911e8, 9.610866462080644e8
1.7119767259421518e8, 2.0406822198019168e8
2.351121571234971e8, 3.241954414855157e8
1.2697051911754459e8, 2.4005408097434372e8
1.4156756883866847e8, 2.7966830099363214e8
1.2486152117309307e8, 1.9482628638138047e8
1.66273709174868e8, 2.9978176279416305e8
1.380890003711964e8, 2.953284496383653e8
1.3699668782113233e8, 2.2311823987157533e8
1.2563110316359162e8, 1.556559470614083e8
1.8064943016306257e8, 2.4274781005929413e8
1.6872049528441852e8, 2.493211440535382e8
1.7238226535702977e8, 4.6000659379205483e8
1.4735501235664976e8, 1.8993989488182414e8
4.012538365046001e8, 4.976370081070679e8
1.5592668243829656e8, 2.1426049553877476e8
1.3262232050871697e8, 2.0943627185319436e8
1.6656540134228683e8, 2.5076606829420894e8
1.8361102439852622e8, 2.712308282024489e8
1.3919648449528232e8, 2.8477427723471403e8
1.4767817780338633e8, 6.236042478575592e8
1.809897537495601e8, 2.7548125758389664e8
5.488591661688799e8, 6.562702871680408e8
1.8501020450865132e8, 2.3192755378638425e8
1.2061530212944728e8, 2.898896260474903e8
1.543232960412052e8, 2.7781035495623744e8
1.9409135133548602e8, 2.6467067161124316e8
1.4350730975813186e8, 2.4722391273013806e8
1.9870983196631655e8, 4.1526951004787904e8
1.0232378001094691e8, 1.638417748924125e8
1.4285308285978907e8, 1.8885240581535974e8
2.382031464382019e8, 5.257540952218895e8
2.1866343457166013e8, 6.43163370702888e8
1.879082533400751e8, 3.0918339680799204e8
1.1890516148859157e8, 1.7956053418451393e8
1.581478362434755e8, 2.0492991756965762e8
2.077226114399622e8, 3.272330774292297e8
2.0328257747194412e8, 2.5241522799966687e8
2.5323240121833038e8, 3.181140684509109e8
1.8607338774945766e8, 2.575593765783195e8
2.1789831463259244e8, 3.096905625965164e8
2.135663063725045e8, 3.5380555520587236e8
1.348547868497486e8, 1.9676254201479954e8
1.4788655835855526e8, 2.839365776569887e8
1.6313153690909693e8, 5.821414131046094e8
1.1850592036745627e8, 1.541012194205907e8
2.943556287968325e8, 3.589831180701638e8
3.112538620946729e8, 5.277629631641785e8
1.4038565929819342e8, 2.0190196056540766e8
2.2355091889682946e8, 2.958380365874582e8
3.8556477720135176e8, 6.944304496884001e8
1.8656162507094705e8, 2.7358231568634915e8
2.1784365672521332e8, 2.956946880004299e8
3.823833110045939e8, 4.438600720633188e8
1.9567225175779808e8, 2.568876904977795e8
1.366778107079825e8, 2.024923191759852e8
1.4005254281862274e8, 2.0933477906680033e8
1.4592432856644115e8, 3.3241744926067466e8
1.3262253918418427e8, 1.867001098483593e8
1.5439992870462963e8, 2.54331011451438e8
2.4349469532152405e8, 5.747748966103601e8
1.2265590174065322e8, 3.1956762082179046e8
1.8986561863945192e8, 3.978330688571088e8
1.0456264184338927e8, 2.064617389261663e8
1.1289155447543368e8, 1.9335828354719904e8
2.2182419899599713e8, 3.490753726090046e8
1.0894394139524643e8, 1.8409074510781556e8
1.788632074132462e8, 2.3853929482106766e8
1.7117470753825715e8, 3.4922305745055467e8
1.7131962395818996e8, 2.406970411384245e8
1.769244614271001e8, 2.3253287523944378e8
2.552968604165292e8, 5.015319744370901e8
2.0596643852875686e8, 2.863180529867407e8
1.4760225654650924e8, 2.226151388088721e8
1.6707456365731308e8, 2.1365180157379395e8
1.4566363140809748e8, 2.030733282591929e8
2.9403920548217183e8, 3.570134978484953e8
1.75624803319342e8, 3.1945369837401944e8
1.4748880831840107e8, 2.257577325659347e8
2.5278292148980287e8, 2.985233484478351e8
1.7946688264590043e8, 2.4752756608859897e8
1.4188347241643587e8, 2.3499748141595435e8
1.2192303626660764e8, 3.054259386854641e8
1.2322792141304772e8, 2.5166999592167988e8
1.6291996907779473e8, 2.2127440124048766e8
1.219699736342659e8, 1.7309524047397724e8
1.5951725163858175e8, 2.369308436860972e8
1.1406868727627297e8, 1.7398763316166642e8
2.263251128096175e8, 3.3124176606643975e8
2.424425915326966e8, 4.5351059652229005e8
1.5524226842063382e8, 2.2256576622088608e8
1.4459465994854435e8, 3.446943586007495e8
1.4745992065442276e8, 2.2515764436936355e8
1.5667751284091923e8, 1.9797068239935067e8
1.9868059607115382e8, 2.8365522658737504e8
2.5346013323886997e8, 3.3492835544639003e8
2.032293556434132e8, 2.6245708052280575e8
1.7817975624051082e8, 2.4041869751575658e8
1.5525747206511208e8, 2.986342176747813e8
4.285037214160043e8, 6.50097718637995e8
1.4562708130396396e8, 2.2341610802750558e8
1.5289711267385328e8, 3.32804428191223e8
1.5897397831973213e8, 2.4945910893703556e8
1.737945600482181e8, 3.1570891658615386e8
2.5795019210920718e8, 3.3683192972151303e8
1.6466633091256648e8, 2.173967009277078e8
1.2877233977608645e8, 2.2444090616660997e8
1.1076864031317364e8, 2.3026260937167516e8
1.5255257342016658e8, 2.1714832331532001e8
1.6270570630497354e8, 2.760614134738718e8
1.6909466409261e8, 2.989534716386587e8
4.199469906414982e8, 8.745491454272908e8
1.6681591897073385e8, 2.1995888422956344e8
1.3795775219077495e8, 2.7624036771764666e8
9.848424411208764e7, 2.412517931610972e8
1.5563830955934528e8, 2.8761052353875804e8
1.4894612987672848e8, 2.15989798170169e8
1.395228910905345e8, 2.012187691841628e8
2.260286570036075e8, 3.4943697867438215e8
9.370844707939267e7, 1.352495783478784e8
1.5631542510237923e8, 3.698819737631919e8
1.5256045169968602e8, 2.0864842679826936e8
1.3873113925436267e8, 1.8703421453851017e8
1.2835364536947188e8, 2.3625849964269245e8
2.452938840418928e8, 3.048060786148717e8
1.3513290253253338e8, 1.8160731441321748e8
1.5825354542091548e8, 2.3975814356057793e8
1.423363212094585e8, 4.746531471165909e8
1.7458914185333002e8, 6.492324959282311e8
1.3758590971750364e8, 3.7172350844742495e8
2.1824469161757028e8, 2.7251253622080517e8
1.5121182230042893e8, 2.0877316463893497e8
1.7781616983420414e8, 3.049516504407782e8
1.9691744775023657e8, 4.276236028933223e8
1.2036957801691514e8, 1.9391042408094108e8
2.2686978208865803e8, 3.30795346320678e8
1.3767642062125355e8, 2.1945752668420437e8
1.363150210550884e8, 2.1986982685392213e8
1.2392811792556193e8, 2.6102884050019684e8
1.3283045394017525e8, 1.7482151076560983e8
2.7835745443751544e8, 3.8095210979796505e8
1.4777801135700607e8, 2.8384667301925665e8
2.9148351087755036e8, 4.524336991586634e8
1.664911727623434e8, 2.3118583489096686e8
1.0942538674100696e8, 1.5090416446101177e8
1.304333938118258e8, 2.9739168904617655e8
1.8730795773533538e8, 2.571944537622993e8
1.874146039824816e8, 2.4934293709083644e8
4.182536804636444e8, 4.803776057208275e8
1.6968902473392075e8, 2.760287497139259e8
1.3919344457442716e8, 3.667344950020967e8
1.698570263354233e8, 2.6785658103467438e8
2.4775406637482566e8, 3.050309722275645e8
1.2790223146770376e8, 1.858011411133427e8
1.8072669167390576e8, 2.848031613264979e8
2.4203614416670507e8, 3.032750516269355e8
1.2905235386505346e8, 3.650572146342568e8
1.4431401026508597e8, 3.135876022892403e8
3.373094327964007e8, 5.591720135057844e8
1.3760777109601447e8, 2.27086627552037e8
1.2205832234203206e8, 1.788997968877491e8
1.5839710433375728e8, 2.3521164797642696e8
2.0985843559350094e8, 3.680013990956e8
1.2104735991573949e8, 2.0553194201585913e8
1.763620404128615e8, 2.228594739847944e8
1.6487760919712156e8, 2.51620175159012e8
1.725969769125836e8, 4.836618866158103e8
2.1733440269516608e8, 5.07431797959994e8
1.3573982711101636e8, 2.2446865185339257e8
1.7982633264304042e8, 3.694466707971374e8
3.0101957874929196e8, 4.0012818739610124e8
2.1851469549732515e8, 3.6425213243270254e8
1.945347037235202e8, 3.756374856966168e8
2.159852389012902e8, 2.6823166437935495e8
3.080998430987141e8, 4.1571343562825406e8
1.79150379650032e8, 2.4540094509763756e8
1.4085293926866895e8, 1.9973291754513445e8
1.7442079882074273e8, 3.177957617341017e8
1.1374239247100586e8, 1.952246277857512e8
9.914506668924718e7, 2.3251369168663633e8
1.457205685324137e8, 7.286426964329782e8
3.677290673953214e8, 5.14756715891817e8
1.4462123376063934e8, 2.1225806323270288e8
1.6694576206405827e8, 2.5289736722791556e8
1.5487594891639978e8, 2.9742797687433106e8
1.9231236626707992e8, 3.1028669959223485e8
1.5654625728129357e8, 2.6025252798134437e8
1.5184398847596616e8, 2.3006273475133598e8
2.90937245900093e8, 3.8902572498191553e8
1.1429950175733738e8, 2.3012753596629646e8
1.4127821813915983e8, 2.3162097131451562e8
1.1558178227695256e8, 1.7923338792774737e8
1.4807931020551893e8, 2.07405117089119e8
2.410845332182431e8, 4.9959234003693116e8
1.383952836751489e8, 2.218739786162415e8
1.670675858539114e8, 2.1659308758254516e8
1.1324689219580996e8, 2.4461503826322114e8
1.2778290230189613e8, 2.3457727056950617e8
7.406598731275446e8, 9.120730936195602e8
1.5481139136077502e8, 6.296284152502711e8
1.4175978823006576e8, 1.9884333741246745e8
1.5140133841579595e8, 2.041253955171985e8
3.5638652611081123e8, 5.05556779732349e8
1.5139021043334138e8, 3.9628556168016255e8
1.565425348223193e8, 2.7693319660057175e8
2.7240007539963835e8, 4.140017873858014e8
2.4306550037521428e8, 2.963811148525857e8
1.4487740099019864e8, 2.7455339695963526e8
1.5877065394441548e8, 2.2986103303871083e8
1.2028092681663713e8, 4.260919749900605e8
1.4389159494960776e8, 2.3779220980874032e8
2.7606361228191245e8, 3.395187494292674e8
1.8977415721042827e8, 3.3945482657561135e8
1.279609506591001e8, 1.697154166002816e8
1.9851378176788837e8, 2.692456110132547e8
2.5164162015657642e8, 4.1964843712928516e8
1.7148958757056627e8, 3.507283671265193e8
9.365464435463648e7, 2.291330185292559e8
3.0390087512478393e8, 3.915361113085777e8
1.1029744149294394e8, 1.7403141547060937e8
2.4746948705582213e8, 3.7467149792848474e8
2.8283387688789344e8, 5.600897581997927e8
2.55289527570455e8, 3.1780052106225735e8
3.557253862156705e8, 7.720253635931219e8
4.6045428656040406e8, 7.262448102205559e8
1.3387103773073418e8, 1.7293770473869553e8
1.452952735342243e8, 3.4356714738045603e8
1.489032293839372e8, 2.731649747519725e8
1.4660076500399643e8, 1.978636722458984e8
1.368314565214245e8, 2.0740803314488357e8
3.5435472209258115e8, 5.907836041590002e8
1.6155307816900834e8, 2.2693715832838836e8
1.1065198376317361e8, 1.5345807142810956e8
1.2032287169535378e8, 2.0880354481411275e8
1.9741431653116673e8, 3.29749848772619e8
1.597568788268395e8, 2.2334959285866117e8
2.70839514922843e8, 4.347194502262018e8
4.4313964543043107e8, 5.571981211571071e8
4.8792589780078053e8, 5.723766607461932e8
4.0537453488121814e8, 4.955439554651108e8
8.65844592925068e8, 1.0164410365973204e9
1.505622721740139e8, 3.1546441539049435e8
1.1966337820536381e8, 2.530548056116239e8
1.3676207067579997e8, 1.964711195351004e8
3.8966045990822136e8, 5.219036011877963e8
2.69604548598933e8, 3.433030141510738e8
1.8319714068361688e8, 2.403026646843087e8
1.508881046958237e8, 2.4944553123954228e8
1.2871038628902714e8, 1.8131601942751068e8
1.3864029637189633e8, 2.1560780386254114e8
1.8512171629160658e8, 2.560021931300698e8
1.8761900643382233e8, 2.95939760338374e8
2.1651115274671742e8, 3.012997517640044e8
3.286721471197377e8, 4.931658964327152e8
1.1580480186626182e8, 1.805904201790282e8
1.9336877683629215e8, 2.4095466578835127e8
1.9180886611217993e8, 2.7691877031362075e8
1.6792842336764735e8, 2.6157148433168685e8
2.3078569570857227e8, 3.039296033903065e8
1.4573669371101436e8, 1.9831405352861658e8
1.794274232672334e8, 2.7287714035460514e8
1.894166873595578e8, 2.4566112748448443e8
2.743889211969173e8, 3.1884135003580016e8
1.7555889900440687e8, 2.6571591178283468e8
1.346822874687348e8, 2.689581149028369e8
2.1506370958539394e8, 3.0647368512560576e8
1.775580517525876e8, 2.760584962213361e8
1.5416350509082565e8, 2.2539904608858746e8
8.268668372032629e7, 1.345576386823152e8
1.4715117767333552e8, 2.640689006622774e8
1.4908835305474064e8, 2.0047229909233114e8
1.7357791220173758e8, 2.5126096919625533e8
2.6614778007810172e8, 3.452587620185547e8
3.1539137140614814e8, 4.328251297712512e8
3.032282699330616e8, 4.8179875647580874e8
3.7860070815457153e8, 4.811641242118012e8
1.1585099384987333e8, 2.1943904519719318e8
2.736105280434468e8, 4.7786059472418064e8
1.730190344304411e8, 2.3610504117556223e8
1.4817067358492544e8, 2.2631516451431146e8
1.7713087897544593e8, 2.2566862415817162e8
1.6561442959393123e8, 4.368442050040487e8
1.6596679275885996e8, 2.6877984412563825e8
2.6141478968395758e8, 3.942370554443376e8
1.7419078130120674e8, 2.2075196193411115e8
1.8593272251643872e8, 2.866896353609405e8
1.6618020698075315e8, 2.3089858620992076e8
1.7581933060354602e8, 3.380236932181129e8
1.3009605548367701e8, 2.2881700872034392e8
4.6232108472971207e8, 5.0558489100860566e8
1.1865100491115145e8, 2.249166629104162e8
1.34766148055936e8, 2.1228473342740837e8
3.6350579202276266e8, 4.229004235723655e8
1.4087959868867037e8, 2.4244988645705286e8
1.1674754069387303e8, 3.084860324829706e8
1.7630168108824763e8, 2.2926383218388575e8
3.257547639231267e8, 3.8563898550371027e8
2.0822306004691982e8, 3.023401070116547e8
1.7225894445490044e8, 2.350029077096982e8
1.4213030730995244e8, 2.6807530576760972e8
1.3472438027636704e8, 2.5242187427877453e8
1.8692417968775383e8, 2.562377254085837e8
1.7550144281367013e8, 3.084216198562536e8
1.1916424512850046e8, 2.7942541283268416e8
1.8978095425542518e8, 3.293968492920374e8
1.6916795683611217e8, 2.6307670517990884e8
1.610614203969443e8, 2.9241793271381646e8
1.591588547279392e8, 2.3708585573363858e8
2.962946965378045e8, 4.2047046908077455e8
1.8221886592060104e8, 2.9892443121091026e8
2.13530759507117e8, 3.5295736417443657e8
3.125131469018632e8, 5.134184595016704e8
1.9139038217593163e8, 2.4685250020693564e8
1.0189696614169472e8, 1.9786741428578562e8
1.3739756020581186e8, 2.9543094241883963e8
1.4408411086767846e8, 2.1390650362981594e8
2.798047870331451e8, 4.698942082634986e8
1.1705558702155627e8, 2.0614745806774423e8
1.5987844568864444e8, 2.168739108732168e8
1.5259761542692244e8, 2.5133519127319703e8
1.5502447732019642e8, 2.46803620087181e8
1.2530898603643584e8, 1.9413938605360824e8
1.9465319094129014e8, 2.853388724575008e8
1.7489927761808556e8, 2.4755093656640896e8
1.1599319576491067e8, 1.7427633882493603e8
1.719012574199581e8, 3.011045071346835e8
1.4819333702699414e8, 3.965691444737561e8
2.1040499274738824e8, 2.931045076478588e8
1.4846528685992908e8, 2.4921733568070826e8
1.393047173453294e8, 2.307275587507987e8
1.603847187410119e8, 2.068384792877819e8
2.0552807420146278e8, 2.746519052082223e8
3.8391771953016907e8, 4.742242604158519e8
1.4204948428380406e8, 4.424578330696165e8
1.6511983331132138e8, 2.6286458246411595e8
2.472744874057046e8, 4.2328708146569276e8
1.5776762015542734e8, 2.486619257380908e8
2.782712586007893e8, 6.529670457484664e8
1.9927470644795766e8, 2.8232663154915804e8
1.1550505881203659e8, 1.8380191874972937e8
3.293683520033473e8, 3.9019245282545507e8
5.097520150919261e8, 6.396838931016263e8
1.8051661612751523e8, 2.113712389416199e8
1.0535539357008727e8, 1.8082949836435243e8
2.6546272222828278e8, 3.1659698719962656e8
1.39016536320766e8, 1.871506726760565e8
2.004652610116136e8, 2.6117684291013068e8
1.4631166079942864e8, 2.228991542271704e8
1.5612312320648202e8, 2.0246181312302786e8
1.6040821454812187e8, 2.2849352366008043e8
1.2224833480807664e8, 1.886036546703439e8
4.300563158696798e8, 7.304736020592366e8
1.5508487234780046e8, 4.0830207651015496e8
4.94906053567054e8, 6.018009602138706e8
1.62617888541153e8, 2.4480622781457072e8
3.159417631311313e8, 3.974102583060389e8
4.879082051939299e8, 7.449458137696548e8
2.8395833477895963e8, 4.4582011372343063e8
9.490763933314617e7, 1.965942312274195e8
2.058566533490417e8, 2.6493323590987897e8
2.8697697800665987e8, 4.684024383952928e8
1.1258578517409313e8, 1.8947957873625055e8
1.368936034647944e8, 2.4572084641630244e8
1.7034348806582478e8, 2.219765052742077e8
1.8507914544317517e8, 3.024296182189951e8
1.832332669238395e8, 2.919876947356544e8
2.30460122536011e8, 3.1559632358353627e8
1.2942908760503286e8, 1.8469114262187013e8
1.1589060345211805e8, 3.488246661345835e8
1.9858230689381078e8, 2.5948601510181487e8
1.6256372157630008e8, 2.18049890610272e8
6.744625293827896e8, 8.772889848517971e8
1.649842036352662e8, 2.176975874600095e8
1.8451377031403494e8, 2.6161313130953598e8
1.184918585353532e8, 2.0585793948285884e8
1.3872760682573918e8, 2.5793685049135014e8
1.3945287990875196e8, 2.24782679353382e8
3.2246075758067954e8, 5.213418230714547e8
2.218873087009241e8, 2.900958370305745e8
3.3568329455873454e8, 4.911084125632446e8
1.923703824793074e8, 2.2895672437173644e8
1.8036448487516335e8, 2.5563574530157432e8
1.448168692602525e8, 2.6083998412273887e8
1.1317037866763683e8, 1.8277924394893804e8
2.8927714000781995e8, 4.316286672971212e8
1.307691554292578e8, 2.6253135145543626e8
1.5452744818159714e8, 2.5389270690434337e8
1.9097201948306465e8, 2.766916120736025e8
2.729781357908887e8, 3.31872095113777e8
1.787997682653223e8, 2.899422604433497e8
1.680716083152642e8, 3.312732682561911e8
2.1092490350962278e8, 2.670480666303312e8
1.1052947009902345e8, 1.6118670279712024e8
1.5843585850607327e8, 2.499696330588566e8
1.4158911580663157e8, 2.2565074220678174e8
1.4405710998129013e8, 4.771799766241801e8
1.1471872700637591e8, 2.6619457964428556e8
1.182399138897255e8, 1.8560669830511332e8
1.776844526923213e8, 4.656774495863506e8
1.0693997639354e8, 1.40087469303453e8
1.0973459397844942e8, 1.8255516073563287e8
1.4085791571317628e8, 4.3391569882224745e8
1.2921996725695945e8, 1.929084251358021e8
1.5017575378056988e8, 2.3162855186706105e8
2.4924504746176904e8, 3.268122289170484e8
1.694738710893593e8, 2.4831827098921677e8
3.313335948574503e8, 4.9509415084068084e8
1.473472639304918e8, 2.310020966458714e8
2.5277204659804538e8, 4.8698055163594335e8
1.1692997843404163e8, 1.758861464369116e8
3.04912558662302e8, 3.693625460257251e8
2.2983163495807308e8, 2.9383602736060214e8
1.7341844980825397e8, 2.339783331266655e8
1.0978776691062084e8, 1.578879203799033e8
1.592329782794845e8, 2.1549450157541522e8
2.1797640576874134e8, 2.726247459438751e8
1.5870379540596455e8, 2.67571659297053e8
3.0902545251263887e8, 3.781598935877823e8
2.0780066454425973e8, 2.953687193667692e8
2.905069127218021e8, 3.674997594332385e8
1.0517165195089452e8, 1.964802848619178e8
1.9051146401210183e8, 2.83719354594162e8
3.2909134991425455e8, 3.9813868516777724e8
1.2885650452969244e8, 2.1526606179616746e8
2.1876428694574454e8, 3.4903852389764035e8
1.3961597665245882e8, 2.048097347556524e8
1.3755461860958114e8, 2.5345700104382846e8
2.3052267908539048e8, 3.1934630622655886e8
2.124098956318576e8, 4.0619021842195153e8
2.168386213952506e8, 2.982907615413503e8
1.747484772310537e8, 3.201946519042031e8
3.492581702239422e8, 4.207994623883064e8
1.209174685654902e8, 3.3705064261543477e8
1.6924361976993912e8, 2.4022530103952044e8
1.2057183422718623e8, 1.7310021994047615e8
1.5669653128061834e8, 2.2491229797676647e8
3.930916028428848e8, 4.777158639182621e8
1.621895588464721e8, 3.2575599642801845e8
1.8519879115292826e8, 5.296680450556901e8
1.6659580344239825e8, 2.6061540011658916e8
1.4897624219512033e8, 1.91125469848518e8
1.0825321296216333e8, 2.4254027274568298e8
2.923072836872013e8, 5.328598366265061e8
3.323622342218246e8, 4.2935162777158827e8
1.4682659629333648e8, 2.246167658044891e8
1.576219300031782e8, 2.5356784439965957e8
1.6718688749342063e8, 3.1180249119530773e8
2.1118066241665706e8, 3.391836489334478e8
1.98850359990533e8, 3.4240739792464024e8
2.6346406592373517e8, 3.492106497257287e8
1.8908113380550122e8, 2.3755622026740584e8
1.0943698025827315e8, 1.6631983178752652e8
1.6989440228924495e8, 2.5573958383771494e8
1.346245222542706e8, 1.9381505353085166e8
1.4406650669273123e8, 3.835650267270231e8
1.418053285841205e8, 2.6077218278849283e8
1.726651707009717e8, 2.5921162019336814e8
1.3857178214647004e8, 2.1897273331111318e8
1.825227503908018e8, 2.496695768216917e8
1.3747890083881092e8, 2.3463580119746515e8
5.956035168442109e8, 6.652926799595284e8
1.1044275733915861e8, 2.637651021049847e8
5.005834809083381e8, 5.86462416943242e8
1.9989798103526765e8, 3.406788912274723e8
2.836691227465919e8, 3.378781211363328e8
5.707019613147389e8, 6.631254651674194e8
2.0019087042131522e8, 4.157040404037121e8
1.3452761256980732e8, 1.877612336601948e8
1.4267041074282664e8, 1.7527489833682358e8
2.1945379827672794e8, 3.327383871189053e8
9.768369943034899e7, 2.5228556054602748e8
5.170494987273111e8, 6.253224866255835e8
1.2831908347093892e8, 2.0014974539346758e8
1.6198791145698592e8, 2.433374021720899e8
1.1832738451677635e8, 2.6864924689239913e8
2.851746252257489e8, 3.3295189971249354e8
5.005737289322409e8, 6.498284364461532e8
6.408178729987043e8, 7.969945291793227e8
1.9396048822090217e8, 3.093734356730205e8
3.7790420415487266e8, 4.6249982185725224e8
4.599905607112827e8, 6.151195076798835e8
1.453345962458925e8, 2.1056200678310126e8
1.4774513890923348e8, 2.6081484853560567e8
2.3542927286959392e8, 3.708935285275366e8
2.5290332809663406e8, 3.146619457581697e8
1.2914883377266687e8, 2.0488298806288686e8
1.661746893665274e8, 2.0509770940041932e8
2.023295758735924e8, 3.3182942306513244e8
2.6221634741760847e8, 4.293650945976581e8
2.475260485604563e8, 3.463625129461018e8
1.685745438045374e8, 4.844731803010816e8
1.1520885964041239e8, 2.198048123124059e8
2.726509480851665e8, 3.619185085935022e8
1.5343526449524635e8, 2.3546290317230314e8
1.2696019955674745e8, 4.3665393869908e8
2.817082272477662e8, 3.2964451753092355e8
1.1907935712168564e8, 2.5431144249839392e8
4.0674349952416104e8, 5.2047399208098865e8
8.689712266058979e8, 1.011036783621859e9
2.3527974537003028e8, 2.9747228006871545e8
1.5027152232200313e8, 2.2139553911328712e8
2.8093706943771404e8, 3.328949252956884e8
1.3010969597587003e8, 2.0303164036613318e8
9.471691308936991e7, 1.7358538955584952e8
1.69195070837293e8, 4.041101889592807e8
1.616622496652123e8, 3.0570800449960035e8
1.5588578410560822e8, 2.0307156704814577e8
9.726583863017747e7, 1.7870586968782824e8
3.083328058472504e8, 5.2197860747852963e8
2.397445488833623e8, 3.578641806993406e8
1.5374570317661652e8, 2.715494003203496e8
1.3548524731593907e8, 1.797232154659221e8
1.4379509420667928e8, 2.4307939828194597e8
1.7120548624195185e8, 2.6094097323857126e8
1.1963128051436038e8, 2.2620284767190686e8
2.3296903604444778e8, 2.9228261284871995e8
2.078871417998897e8, 2.7483798517106295e8
2.150095994491707e8, 3.31638838070309e8
1.620637517777283e8, 2.5716094358941373e8
2.720730974295705e8, 5.171172506974733e8
6.09705359485761e8, 7.144087876265142e8
1.4021401153982756e8, 2.0359397370599273e8
1.6300709472487444e8, 2.3326669273953173e8
4.8956757135671586e8, 5.931420300648676e8
2.3155441848655838e8, 3.27608682992971e8
5.003996327976847e8, 5.938341338026676e8
1.4724994855334702e8, 1.982181405594062e8
1.386683822866177e8, 2.1867110311294597e8
1.4384645113098136e8, 2.0655389609888697e8
3.7995437174632716e8, 4.627636702172933e8
3.4487701878572786e8, 5.599669244718921e8
4.2240974551820123e8, 5.214548511523419e8
3.2153518565747106e8, 4.659504713697582e8
3.374958392780168e8, 4.271883618623727e8
4.360229594371074e8, 7.202810579604896e8
1.622307329600889e8, 2.450202458057256e8
2.6049683814882168e8, 5.743623160424147e8
2.5172442714261478e8, 3.6415384419314504e8
1.375769369510543e8, 4.9487732669233763e8
1.1988800442567962e8, 2.300959308449477e8
1.054601495836026e8, 4.0179655280932474e8
7.220374807439438e8, 8.024355280506442e8
2.4452184695463064e8, 3.8416223402496594e8
7.008367938360314e8, 7.449273054458356e8
2.8051019809854007e8, 3.523563675493165e8
1.3503191702632967e8, 2.7499280477570873e8
2.2291129119863856e8, 3.278229298469177e8
3.271370115245042e8, 3.9857207414052695e8
1.653305815571206e8, 2.1866687129544708e8
1.3033477053511082e8, 1.8389762422294363e8
1.595114956311283e8, 1.935999803027233e8
1.6340336486551145e8, 2.4577133096864647e8
2.6553877645521286e8, 3.579922382045522e8
4.6757097912189317e8, 6.171869279592103e8
2.0900064938375527e8, 2.8130114821880996e8
1.7729108491000226e8, 2.693477979946728e8
1.7718189695799476e8, 2.4302749802521688e8
2.178673727243043e8, 3.088996672762435e8
1.717123251781901e8, 4.078132054786746e8
4.6487272943296087e8, 5.450221312839988e8
5.22927404975314e8, 6.686880621740861e8
1.500297596779348e8, 3.0845490487076753e8
4.976274967511692e8, 5.766531601349237e8
1.7782903180208862e8, 2.3051047835785592e8
2.3571175529552826e8, 3.1591231700136554e8
1.0417621815585276e8, 1.864642473337316e8
3.1497580948831946e8, 3.756679941831766e8
1.4166849797903603e8, 2.2862546497609648e8
1.0782753032112983e8, 2.4709355398245052e8
3.2808136274770004e8, 3.963982312002309e8
1.4624032041498515e8, 2.155933029556524e8
1.668050726116399e8, 4.924414561624091e8
2.0502189806805983e8, 2.7982060267602795e8
1.1304659898959315e8, 1.9497258610384688e8
1.6315046138803092e8, 2.398646380702349e8
2.4113709840084505e8, 3.9564737547533965e8
3.531313149545089e8, 6.426694341708224e8
1.5595645280183113e8, 2.902921565488874e8
3.374591809114631e8, 3.9967992844851977e8
1.2142599378745106e8, 2.4777411654840866e8
1.0718759218458462e8, 1.6917101547007126e8
1.52305614183288e8, 3.1460447670381963e8
1.5076672106157947e8, 2.1897814775360224e8
1.4980138946172547e8, 3.6067051220917636e8
2.53059399158738e8, 3.6281135583306277e8
3.85628945741675e8, 6.833772107375505e8
2.6083676837008846e8, 3.086903604163938e8
1.8010082584006348e8, 2.533446746954901e8
1.8191742244392768e8, 3.3004173413942903e8
1.9858230816286543e8, 2.7697857435461277e8
1.6699980380146855e8, 2.4150158626054898e8
1.7214137838035807e8, 4.0389049813483894e8
4.924839810096978e8, 6.997184676857271e8
1.1556240671664226e8, 1.7125019492327926e8
1.7307396382133198e8, 2.809188410390829e8
1.1079549580936716e8, 2.078982728484817e8
3.4864006213809836e8, 4.2964159083738494e8
2.5606957291501084e8, 3.4353672098781806e8
1.6346077710919577e8, 2.6547578764554125e8
1.5900035643166953e8, 2.7030911547198176e8
1.4139030442581517e8, 1.810443606949373e8
1.5653456630788827e8, 2.4436287115908068e8
2.0379034310567558e8, 2.8361724277900535e8
1.4279044894035044e8, 2.2154335649285525e8
2.0562178626051643e8, 2.833160117322923e8
2.0614027781290716e8, 3.1154373522033733e8
1.710081624909141e8, 2.60251735412333e8
1.6775869608710563e8, 2.5822313803720725e8
1.8395474332116342e8, 2.803478895961459e8
1.6749066753798068e8, 2.77476808797424e8
1.354841571189624e8, 2.3923601335353962e8
1.9974390712476864e8, 3.281989387127235e8
1.424180273396626e8, 2.7071480717565453e8
1.3654165635452685e8, 2.2025315427245757e8
1.3377960206490919e8, 1.8412232678401408e8
2.8967373347748864e8, 3.6839786933639014e8
1.7548989358717135e8, 2.769526123067711e8
3.3072454115089583e8, 4.368029308883865e8
1.5481465440644613e8, 2.1660814602474076e8
2.3402737902510977e8, 3.289630706809383e8
1.361104755734404e8, 1.8981549246239275e8
4.255123672498942e8, 8.41779123118287e8
1.7096990861678112e8, 2.208804033204401e8
1.5190587496533263e8, 2.1018191079391816e8
2.5129601836090785e8, 3.390994398136251e8
1.042263873969982e8, 2.0712359470143357e8
1.1193087356717457e8, 1.710045344179076e8
1.2862974471669397e8, 1.842723067709621e8
1.2776852470775332e8, 1.7361621665902802e8
2.733039689477856e8, 3.4043566924038774e8
2.0218243259389704e8, 3.0733061405761266e8
2.6766456869423234e8, 4.321245855365228e8
1.639562678032481e8, 2.1333226048265198e8
1.416052908172008e8, 2.2253396030684376e8
1.0307551164894208e8, 2.1967835315080932e8
1.4931481776996893e8, 2.4017051632531697e8
9.523343931820211e7, 1.8845858572433513e8
1.5220161204499853e8, 4.0714749801903313e8
1.9052457014710918e8, 2.5948056987253222e8
1.2428904010848676e8, 1.9383759061361352e8
1.6295899676867682e8, 2.0213159982532364e8
1.2958483302303004e8, 1.81646762279243e8
2.1427676012928063e8, 2.880809191021082e8
2.040931527768883e8, 2.878377469620642e8
1.437074440839539e8, 3.169702301837803e8
2.0234557519432306e8, 2.836856805431882e8
1.7326359217374566e8, 3.013351349382688e8
1.3869353452237335e8, 2.5372158492288056e8
1.8917997502482644e8, 2.7182688319645053e8
2.4032442999207187e8, 4.23928324880673e8
4.918108326219884e8, 5.660254191641314e8
1.836737728951354e8, 2.8632119135795707e8
4.786125427685005e8, 5.822996564217038e8
1.0303609755872537e8, 2.1740524333639148e8
5.044780457662337e8, 8.295775005280049e8
2.0805072564376214e8, 4.7523793388389456e8
2.938858720957869e8, 4.399553713497595e8
1.3447094610984415e8, 2.4129274970200855e8
2.0450840533696696e8, 2.538964723279097e8
1.9697715550370342e8, 2.628950097369056e8
1.7553010365460968e8, 3.2569506198861617e8
1.7858182149967533e8, 2.5426198175854555e8
1.1836940141863549e8, 1.714641281867585e8
1.9771749493502533e8, 3.1921693470441586e8
4.3130445154602563e8, 5.426100404823383e8
2.1069511195282137e8, 2.4548349410509804e8
1.7977027143517044e8, 2.8667878421557313e8
1.3066873659077002e8, 2.935789157992931e8
2.7231795041269696e8, 4.0668318875685924e8
1.8889205216287237e8, 2.8546369301332927e8
2.712775048858353e8, 3.1788710712551725e8
2.1883816890390643e8, 4.013269399908704e8
1.7055606183209956e8, 3.2257897199251676e8
5.341701321700655e8, 7.148754567334133e8
1.1313040503477074e8, 1.6055137383771712e8
2.83760139486093e8, 5.728156667241391e8
2.4556298642950234e8, 3.1171375047511405e8
2.1255629847790086e8, 4.7731709835398173e8
2.47861272953212e8, 3.2542403361460066e8
2.5914426738810128e8, 4.0508839433924514e8
6.583961205007153e8, 7.589552806589575e8
2.0294035389000502e8, 3.7524865133614916e8
2.0000931240462437e8, 2.8494400268114746e8
1.0356574419895571e8, 1.7863803796439043e8
2.0571504298728505e8, 4.355151157028677e8
1.2668883694601476e8, 1.9042314360472634e8
1.514887665984295e8, 2.1795944742485517e8
1.9767779785583678e8, 3.791054438777274e8
1.776523105080831e8, 2.6653908594555116e8
1.3980751648664397e8, 4.0378271857267344e8
2.233630083870543e8, 3.3612470568173796e8
1.895392133992827e8, 2.934344442487134e8
1.8869552996792164e8, 4.1065702689587057e8
1.908744393756253e8, 2.7170738539860094e8
2.4069678392496592e8, 3.0901491378575176e8
2.4956970675664386e8, 3.7784156211407644e8
8.825093456073679e7, 1.7928738310647687e8
2.4804140610866866e8, 3.769951289439186e8
2.3856572996908146e8, 3.0368554396218944e8
1.7868676562508395e8, 2.3830231251816744e8
5.0414398306304383e8, 6.152672023105259e8
1.7663318868288663e8, 2.6234349261164132e8
3.395864092338014e8, 4.50137333180786e8
1.2790153953341691e8, 2.0586236393026125e8
1.8840469565760392e8, 2.711535937073433e8
1.8754367122379023e8, 3.4664981342977774e8
2.6361487652875292e8, 3.5912515153188825e8
1.5985271043473735e8, 2.818644690708466e8
3.104966563552516e8, 3.810856398620316e8
9.35699984028226e7, 1.7281693123792526e8
2.3272151866023818e8, 4.491276522136931e8
8.017369673633203e7, 2.351592670413199e8
2.1011810985759476e8, 2.598949096280517e8
1.847097196457328e8, 2.950161850769875e8
1.1713926271277651e8, 1.8556127330183354e8
1.4708997826841944e8, 2.1848706531085628e8
1.70272677207012e8, 2.6603872433690703e8
1.5759387348153403e8, 2.5818718079989505e8
2.316693550447098e8, 3.7834933351356864e8
1.3577503217004097e8, 1.997997618665775e8
1.0602031016389939e8, 2.2404644196236473e8
2.4111124325291458e8, 4.080984901526575e8
2.0958486496218303e8, 3.29908120127199e8
1.765915698326542e8, 2.6158427967652562e8
6.575908465885899e8, 7.203927288865428e8
4.0054943530710095e8, 4.583348880624955e8
1.3875466318043104e8, 3.03872676174411e8
9.949679421449906e7, 1.6514690497708964e8
1.1876797743714282e8, 2.1199398960342184e8
1.3752582909071013e8, 2.4830927016060826e8
1.8900566639643303e8, 2.908480038736133e8
1.6813979877487442e8, 5.2529504364068586e8
1.3720025283001238e8, 2.1479787619987094e8
1.1211242520237665e8, 1.6575349891866317e8
2.5478009089476377e8, 3.402606209890084e8
1.3938108402593273e8, 2.3965055938435104e8
1.7450724184691262e8, 2.442048711674767e8
1.2810338450974914e8, 1.951590227158274e8
1.9487527705435115e8, 2.5729045820461798e8
2.127911550883063e8, 2.8239078264620614e8
3.4562107072592515e8, 4.4023400563796103e8
2.0119934858775416e8, 3.108021516141003e8
2.7204229222696537e8, 5.482594118959899e8
1.254362121481129e8, 2.0532080019003803e8
1.9788111477169624e8, 4.067481751482061e8
1.4254925456468752e8, 2.344802797360343e8
1.639329904119184e8, 2.879657740807952e8
1.3469330290561005e8, 2.4344723836039546e8
1.3006012738784225e8, 1.9574003440720922e8
1.4426994539046693e8, 2.1102649293893367e8
1.8620119506804466e8, 2.602803036846191e8
1.981123763178022e8, 2.7621993494701886e8
1.365781518976027e8, 2.2573734978206244e8
2.454174544190905e8, 5.108240093083665e8
1.2876443482966809e8, 2.7304156873027337e8
2.811863933630414e8, 3.925723278234222e8
1.51789196772772e8, 2.3724762919176432e8
1.6621590813551548e8, 2.5187952887934497e8
1.9353556771971807e8, 2.6450238091903892e8
1.6916061578912005e8, 2.5907766216240013e8
1.1983543918466556e8, 1.9974860095910054e8
1.776462922870674e8, 2.83115244997768e8
2.399273692919119e8, 3.1984562323611706e8
3.003380401499017e8, 4.064112479300907e8
2.399599778618635e8, 3.012908806499237e8
2.4342123143401638e8, 3.710093980922571e8
1.854764876027674e8, 4.330789560954751e8
1.0987555362009351e8, 2.2786355530277508e8
1.55996995162613e8, 2.135961000333963e8
2.4230165168788013e8, 3.6770924448720276e8
2.132938006908681e8, 2.585983423128486e8
1.3560466497699323e8, 2.2028496424193707e8
3.366610952124295e8, 4.0859538853235114e8
1.8592991004828426e8, 3.105709143576873e8
3.0228968721196884e8, 3.7350108573140216e8
1.922566267432808e8, 2.733742844827732e8
2.217990281496257e8, 3.178845861144766e8
1.4529501856811187e8, 2.975417193846381e8
1.471607611852179e8, 2.1177510136448964e8
1.34313416437847e8, 2.170155247983347e8
1.2474781249914457e8, 1.987071493630631e8
1.8098375588863468e8, 2.5640562058680728e8
1.654374484843227e8, 3.266755287585523e8
1.3278593426396164e8, 3.7625264733975124e8
1.5867388580874422e8, 2.5167963580766416e8
1.5369114920426655e8, 2.022740683051805e8
1.5176553886508057e8, 2.4035556399782562e8
1.7647793191188553e8, 2.456142056377027e8
5.0885298235615647e8, 5.921846366263965e8
3.379730435729124e8, 4.126588567388023e8
7.870525308269397e8, 1.0149401303782766e9
1.5211717541879022e8, 2.21072947514847e8
1.2363429921337959e8, 1.8129434564182115e8
1.2754568300778212e8, 1.7109689017856857e8
1.2992618026031174e8, 2.0239355415185913e8
3.2853878404029375e8, 4.229984328908618e8
1.9843667641888854e8, 2.693627190297305e8
1.096882322404573e8, 1.907745759857906e8
2.4312187295894998e8, 3.416844934498646e8
1.1152260268288395e8, 1.8366183739431798e8
1.2639969658519661e8, 1.9981581510233098e8
1.368517853570045e8, 3.037870650577784e8
1.2063282639160691e8, 1.7623852835893226e8
1.5367242777710322e8, 2.2891239916065776e8
1.2903982841054063e8, 2.879258574627051e8
1.7996572750131184e8, 3.0964863063104105e8
4.0971756099285996e8, 4.440731269212671e8
1.8821090828080478e8, 2.8077471677860576e8
1.420127086606819e8, 3.455869984724839e8
4.5777852357458085e8, 5.829680419567252e8
1.5378290882577655e8, 2.469651723864316e8
3.3698880494555277e8, 4.1335694897411895e8
1.5691139912413362e8, 2.774944170636081e8
1.2622638319716252e8, 1.8634658577074748e8
3.504302644612819e8, 4.225520895962877e8
1.928877139416418e8, 3.468591409604566e8
1.481648450041745e8, 2.310137657696169e8
1.3445203375851533e8, 2.5639544973743832e8
2.5710989058129767e8, 4.689121290975203e8
1.1831027630075513e8, 2.182853601907579e8
1.0119888906383027e8, 1.7851364067517415e8
1.733994440556005e8, 2.4557315376981428e8
1.8450532666820523e8, 2.6223575744284895e8
1.4799550819433233e8, 2.5141778810212958e8
1.3679531875673488e8, 1.9373885354858354e8
2.973659242619319e8, 3.9210783379578096e8
1.0887238606760202e8, 1.7317222857594755e8
1.0675803317995729e8, 1.729617314948227e8
2.3727409082203758e8, 3.4901891838357383e8
2.0209635970461655e8, 4.2970457128368735e8
1.1624521349375929e8, 2.79325699351028e8
1.565911765391154e8, 2.6397018064038283e8
2.2467889808719182e8, 3.9655828996409667e8
1.306251689783163e8, 1.727512937627782e8
1.9666995156963187e8, 4.172687939886941e8
2.3263187332550782e8, 3.8661311932795775e8
1.8244814132638907e8, 2.5501141358678278e8
1.660306629524109e8, 2.5371484667582634e8
3.885838038964011e8, 5.287287520541729e8
2.9513524886605895e8, 3.527172975544068e8
1.2062556690087637e8, 1.9974828072598264e8
3.5500382636373353e8, 5.3026295455447656e8
1.9550952498587397e8, 4.4840685137390894e8
2.715969983483063e8, 3.438487671154337e8
1.971909908502271e8, 2.974324903303545e8
1.998214151049095e8, 2.770865373103836e8
2.9619072870495564e8, 3.769237189186671e8
1.5628369430433875e8, 2.414327204406856e8
2.402374952579534e8, 4.1924334606115323e8
1.1130942018002728e8, 4.418411441426888e8
2.3807065029282254e8, 3.320065841275499e8
5.5314512867212e8, 7.268107945504906e8
1.1629603601700193e8, 1.910583918823793e8
1.6415683627902332e8, 2.347054484631249e8
1.4363908006011778e8, 4.901119467462783e8
1.2822053837852684e8, 1.878743316166774e8
1.424429524665808e8, 1.8865068559844276e8
3.116798558105445e8, 4.94921802276175e8
1.400381613285832e8, 1.8614325371922094e8
2.7605369866492367e8, 3.873915028862258e8
2.582268105819457e8, 3.9217655198223394e8
1.3308606330788736e8, 2.6508621042395532e8
1.9108506090260595e8, 2.9116944622587407e8
2.660972683481625e8, 6.536420907259239e8
9.99127904872345e7, 2.822088544151464e8
3.210313551847879e8, 4.8308339193724006e8
1.4963090449075705e8, 2.169704416880582e8
1.1575795200927159e8, 3.856066513615279e8
3.5947647679506844e8, 6.180320567533171e8
1.0414135509118679e8, 2.156961446281839e8
1.9384797855175498e8, 2.585381741119115e8
1.0242201610651967e8, 2.1444695647638947e8
2.884380630040401e8, 4.4474511560805947e8
1.6407785515300974e8, 4.065415874698207e8
2.1137459180662885e8, 5.0506689948372763e8
1.5043541016676602e8, 2.4800897915537012e8
4.774912059930986e8, 5.459307618591069e8
1.5703182961298215e8, 2.0965058510018054e8
1.6078949435254234e8, 2.1995986198146072e8
9.766182905439283e7, 2.191886463829088e8
2.1541463604327703e8, 3.296358943850108e8
1.525563224146953e8, 2.3101662047993806e8
1.648529452736581e8, 2.3670261499495277e8
1.3879657964307165e8, 2.6898552116239697e8
2.1239184653856054e8, 3.913377007073351e8
4.047081357037637e8, 4.7246930627438015e8
1.39498794595783e8, 2.2890327660790512e8
1.4917218999608514e8, 1.868215350881522e8
2.278364514612289e8, 2.6267998641491926e8
1.0970614834619094e8, 1.9100031243727395e8
1.1844176100170115e8, 1.9668582639179167e8
1.5828061995757025e8, 2.279323349835676e8
2.5432081156348804e8, 3.105357992660791e8
1.692992783856627e8, 3.3801895664879465e8
1.8668535217632568e8, 3.033187258307351e8
2.7112096437077075e8, 4.5123727271524554e8
1.9326818067740488e8, 3.050332481142223e8
1.955409710690619e8, 3.8212078956806135e8
1.7937819653569043e8, 2.8575547617031336e8
4.9208175383164567e8, 6.035988480888507e8
1.9311278115585682e8, 2.806441781752454e8
1.9486522187001875e8, 2.4867908114366427e8
1.764826611433721e8, 2.5489713390551496e8
1.4632837930039126e8, 1.8071094992873684e8
2.018514406677317e8, 4.0414640817680806e8
