3.386790578551785e8, 4.4266823977933955e8
1.5452560382487395e8, 3.462158941993793e8
5.070584058034449e8, 7.477105602524054e8
1.1873716000353189e8, 3.038179193845268e8
1.4464142723336664e8, 3.1282639355302525e8
4.901484543143705e8, 6.141929779971125e8
1.8045915123831224e8, 4.5536214247976345e8
4.4279257947789955e8, 5.768694135076816e8
4.257624923787999e8, 5.488624387272391e8
1.911502874223094e8, 2.657905670216141e8
3.7688509264524007e8, 5.182639562935218e8
2.1182745427149937e8, 3.482192884911936e8
1.7212100830371228e8, 2.3084284518989158e8
2.0729185997333243e8, 2.969484908297613e8
3.21712712822807e8, 8.769787948925472e8
1.699294499320075e8, 2.2970321502572498e8
1.6358799206645355e8, 3.457086540136695e8
3.3150978652087915e8, 4.090770985285822e8
1.554077965219967e8, 3.425806462561538e8
2.916806900323989e8, 6.215333744278938e8
3.89378720472173e8, 4.857104519041051e8
2.1778416223489827e8, 3.0369601865595096e8
3.888181553149034e8, 4.4773841700223315e8
1.9133546516149706e8, 2.739740532054177e8
1.7381886063315243e8, 2.6016638741935307e8
3.3341722609658813e8, 4.230125618873899e8
1.8404386862348923e8, 3.0651585064776844e8
6.009413565753562e8, 7.523896282115797e8
2.0591053910634327e8, 4.5578108514913446e8
3.0752983796120393e8, 3.80815900253849e8
1.686982186219325e8, 3.4295420549099535e8
1.461000214320099e8, 2.2041192120462695e8
4.6365146423906684e8, 7.739303725401299e8
1.7403427199496472e8, 2.3653332621647322e8
2.899742981430847e8, 5.569659817567613e8
1.51109191548961e8, 1.955160083363656e8
2.4181911327029887e8, 4.36740092701598e8
2.5023469550259593e8, 3.217567076910485e8
4.7722887478495926e8, 6.933752898298028e8
3.12434922388067e8, 4.0294249589135593e8
2.0975172007275498e8, 5.976925309034629e8
3.346416031793509e8, 5.06185655385907e8
1.2993574144715296e8, 2.0923310071177322e8
1.2585878727062069e8, 2.1221663634313086e8
8.076970691415598e8, 9.00724920777443e8
1.2077200700609192e8, 3.2013805749379647e8
2.2275728328428766e8, 3.178609767387928e8
6.307864927728862e8, 1.2253996823542774e9
5.85416799530005e8, 6.44402106406843e8
2.026343684515176e8, 3.3390219460389286e8
3.10493642377228e8, 4.546008300763e8
9.054488156166823e8, 1.2070127847807071e9
1.7613614240991238e8, 2.644685809560013e8
1.620215386876141e8, 2.1726308749758768e8
1.6778412766831547e8, 2.686241725553269e8
2.6696918063974315e8, 3.64711863596226e8
2.533042236132262e8, 4.226757771717282e8
1.6515011548531783e8, 3.0293836917182404e8
2.1339239741189963e8, 3.075413574684058e8
2.2507923912870204e8, 3.347454971040049e8
1.7324065281507218e8, 3.443196269226658e8
1.530033917963618e8, 2.276261579327939e8
1.4516354319243118e8, 2.2040185231117833e8
3.877862867376908e8, 5.2321694061204916e8
2.1788938162101442e8, 3.61265239438326e8
1.3343588101822236e8, 2.6193276396194345e8
2.750631283354729e8, 3.574336860348805e8
2.0508941664556435e8, 2.977625806867887e8
1.5223006124962315e8, 2.096070041546782e8
4.229839822567756e8, 5.183287333476511e8
1.1280591116686057e8, 2.2571690803039727e8
2.83434861118478e8, 3.841943636269218e8
1.3771826961157054e8, 4.2768504688365185e8
3.4210830441815734e8, 6.062293274084227e8
1.6480773495248017e8, 4.733792481383602e8
2.5259357282289663e8, 3.470417021924271e8
1.6577031434734848e8, 2.4307741152146673e8
1.151071401575938e8, 2.854481429456489e8
5.001184145258728e8, 6.133071424268e8
2.5260006171322787e8, 3.1477220464410585e8
3.971862148934612e8, 4.800629771184998e8
1.7535180636345142e8, 3.9400073358112836e8
3.898794007331552e8, 6.616988089186025e8
2.1767230064922762e8, 3.024085776815947e8
1.7111334572750396e8, 2.802640882866687e8
3.486256592737816e8, 5.710471382777684e8
1.6517889150586787e8, 2.255332532732901e8
3.244488583738142e8, 3.894076069205117e8
1.4065611960551167e8, 3.890785095013981e8
6.436335807971051e8, 7.133391501425791e8
1.5347107227366757e8, 2.1182901187885916e8
1.7910419437460476e8, 3.019725997037584e8
1.531944386132644e8, 3.023590476618546e8
3.9658744292082775e8, 4.6419627689432585e8
1.9262831842956045e8, 8.152303204027679e8
2.5450726410679454e8, 3.268067069708744e8
1.483781786098522e8, 2.3975608609881243e8
2.5254053574440977e8, 4.405296935948474e8
1.518548123689884e8, 2.0571043220306665e8
1.710479000557292e8, 2.393322042370539e8
3.903724938316724e8, 4.976761158324638e8
2.4950794061419472e8, 3.3590616476309776e8
1.259038963042958e8, 1.888531303282575e8
1.800840427071958e8, 2.6626360626606107e8
1.815078406807205e8, 2.524709209616087e8
1.9576982032382014e8, 3.189705992136378e8
3.520118083684633e8, 4.7649482595033747e8
2.0497662317917567e8, 2.664537551040985e8
3.1986976535474116e8, 3.7873338650294656e8
4.3340285797580236e8, 5.426400957346468e8
1.6883790046874174e8, 2.3211139900933513e8
2.1396175350740206e8, 3.3975805176219815e8
1.541443184099625e8, 4.6933328380730575e8
1.3028353013824685e8, 2.1043640223191634e8
1.5368268159864992e8, 2.0864413343342045e8
3.32497413062731e8, 3.918502225640357e8
3.830487536164704e8, 5.0862838180606353e8
1.5852663291357338e8, 2.3420506864935127e8
6.189305074408517e8, 7.55935153311941e8
1.5923266092930365e8, 2.6796504122446996e8
3.155306196682753e8, 6.284163387199689e8
2.037991975253586e8, 3.6757827267107344e8
4.292505760304638e8, 5.324636615803461e8
1.4414211864462635e8, 2.3512114033533975e8
2.0492717775877205e8, 5.536119836816902e8
1.462048973503363e8, 3.518356841723667e8
4.4088754864614433e8, 5.550893802064805e8
3.4661910727540827e8, 4.4047746682767963e8
3.8543429001941234e8, 7.587946710279802e8
1.593537388799521e8, 2.287983356761842e8
3.1302278831581014e8, 4.196822369389948e8
4.7935613078326946e8, 5.573831745921726e8
4.447693683839804e8, 6.200254155987312e8
7.406015964550822e8, 8.667936041226258e8
1.3337923937760566e8, 2.689388476531627e8
1.1748298328480491e8, 1.8210960018208313e8
1.4245523519765455e8, 7.490582414777613e8
1.9434399064320084e8, 3.2284816650237083e8
1.764686383198625e8, 2.6628209474642265e8
1.365124517368213e8, 2.0923240930783117e8
1.1730182953562891e8, 2.4159294842907998e8
1.563273760478133e8, 2.696369410508368e8
2.692079287607121e8, 4.6733564181322086e8
1.3426948394032454e8, 2.224892092636717e8
2.119373842431467e8, 3.996855091825085e8
4.123620567946573e8, 6.049581219697585e8
1.7584035255796385e8, 2.5500199515576333e8
1.663686568695217e8, 4.0495386340196335e8
2.320433574176342e8, 3.463151265792235e8
1.3983084395692995e8, 2.34180827384057e8
2.082485256066124e8, 3.250481232788327e8
9.109762530519383e7, 1.672291569735274e8
7.647030946125411e8, 8.785956166312755e8
2.2047237244635308e8, 4.341169859240531e8
2.272481537522857e8, 4.610191555688077e8
1.8848212720648608e8, 2.5138881743343505e8
1.4694302354490015e8, 2.605683333021693e8
4.667056963894812e8, 6.66764445188747e8
3.309063060748058e8, 6.097036831362393e8
1.8746126701449665e8, 2.693715024224594e8
1.4284247028510296e8, 3.181607526671429e8
1.414853399647167e8, 2.0689978727406168e8
3.859882778877969e8, 4.9900348010013056e8
1.3521107944540536e8, 3.4690097000666326e8
2.3951480477548528e8, 3.2971284142086536e8
1.8448432172852144e8, 2.580826195023063e8
1.7121786243543226e8, 2.7200793116400445e8
2.2114899721087572e8, 3.2315919046983176e8
1.4000679447856367e8, 2.125964290238908e8
5.65670933787044e8, 7.404411272955256e8
5.949641004633971e8, 6.925110312812641e8
2.276604227848607e8, 3.8276776842027634e8
2.491416332642186e8, 3.5073207624831104e8
3.3443974126605046e8, 7.13173428190824e8
1.550302739050993e8, 3.092655644536487e8
4.262118329651254e8, 4.865061836110302e8
1.813839327039017e8, 4.0266262952573127e8
4.031560428702218e8, 5.2163199816203666e8
1.7149420852069864e8, 3.5824541783514684e8
4.253435618609235e8, 7.261148077217323e8
1.264492746991906e8, 2.6958985270734143e8
1.766414821798999e8, 2.7358070350762725e8
1.6503960905039737e8, 2.4052790849797222e8
2.533980377707703e8, 4.7698482214285475e8
5.756940456817083e8, 7.910648427905571e8
3.6648590245844656e8, 5.072919921358821e8
2.0263202414930308e8, 4.0715897002481776e8
1.455818016491467e8, 2.8101356480557376e8
1.6493092875824016e8, 2.893733858067465e8
1.3382373513908471e8, 3.414403943459124e8
1.690011811912176e8, 3.503323974490725e8
1.53147984404737e8, 2.746186904996587e8
1.7280249223039982e8, 3.162545266150708e8
1.429649900608781e8, 2.141595379308447e8
4.29043904217042e8, 7.784284833431333e8
1.681472562912653e8, 3.74910016131351e8
3.623096578458917e8, 4.64992157117205e8
1.38611437440264e8, 2.878954262773072e8
1.84743538210501e8, 2.5538468923903662e8
1.4022883275501287e8, 4.038573550587877e8
8.256902955536842e8, 1.0941634227868621e9
2.5246671690655378e8, 6.708794639297984e8
1.6630959401369625e8, 2.8464066567310506e8
4.8676551806934786e8, 5.699332037199185e8
1.0177346844251834e8, 2.1363206460382143e8
2.1923464274290335e8, 3.0498617919820815e8
2.884488164330297e8, 3.8658871575751626e8
2.0586652014256054e8, 4.609376046166824e8
4.619611941842248e8, 7.01180106870591e8
1.605515772572662e8, 2.3120314665342572e8
4.562463344820967e8, 5.385113367971724e8
1.58437487784093e8, 2.7583583995249e8
2.9386851293721944e8, 4.916079854409644e8
5.389458210709082e8, 7.462849108137537e8
1.850152937331139e8, 2.3658775236045432e8
1.2278794295583741e8, 1.75194908500557e8
2.1520506954382613e8, 3.358628772238627e8
2.0246245688351685e8, 2.882488182218719e8
1.5005282717654443e8, 2.2590136396349165e8
2.0242990608552504e8, 3.037073159484566e8
1.914905624403713e8, 2.750732664375815e8
1.9647798157719928e8, 2.954847718242272e8
1.4195335233119792e8, 1.9920316234355655e8
2.160044106289005e8, 2.7513750438492256e8
1.6400896820438904e8, 2.5636456920557675e8
1.3902524533112445e8, 2.3124158742262676e8
1.0878965215734436e8, 3.3999918631859046e8
7.768272544494411e8, 9.530311803187348e8
1.738938702529532e8, 7.74896405384108e8
2.971559579634661e8, 3.888116916813228e8
1.6901767667005843e8, 2.6365137830300274e8
1.0267492861862257e8, 1.7261941851229268e8
1.4689829060906488e8, 2.0340587777557564e8
2.1576428430508906e8, 2.984256419243403e8
1.6914737751031718e8, 2.999991992811699e8
1.794088733527766e8, 2.5856793809118283e8
1.8760009067808592e8, 4.149369412463835e8
2.3181517838722602e8, 3.107596682925508e8
1.7760283150950474e8, 5.300441939576715e8
1.5540433471528092e8, 2.457214628427423e8
1.2493166054571755e8, 2.0686739341663846e8
6.885271035605336e8, 8.621543965844171e8
1.4035703948628658e8, 2.0065824113046432e8
9.439434043823107e8, 1.1410459725957463e9
2.0635290522017786e8, 3.376138100663876e8
1.943615297602823e8, 3.089229856230179e8
2.2763741489677146e8, 4.8542322787111837e8
2.4167343846887618e8, 3.1604105071993333e8
4.2912993764664984e8, 6.10678079004529e8
2.1178699058167803e8, 2.8187592079339695e8
4.5017468573873156e8, 7.372423418738184e8
4.300121476086701e8, 7.54305260915298e8
7.325323063012539e8, 8.244914541444112e8
1.832763181289758e8, 3.2991290327891946e8
1.1559981772881661e8, 2.156490495581454e8
2.458509631194327e8, 3.208151925796286e8
5.3443999275692093e8, 6.034083758626323e8
3.1131942617506415e8, 7.016973393759195e8
3.476512821898337e8, 4.844864600341526e8
1.9278897683247453e8, 3.2420539238238406e8
2.0410818488489348e8, 3.1781985856987655e8
7.507058253499277e8, 8.208444874758047e8
4.55314402930711e8, 7.823995873035952e8
1.7440167817156184e8, 8.989589520469015e8
7.371006378869947e8, 9.579179221809697e8
2.2687416061204702e8, 3.562062563188281e8
1.3519852316739076e8, 2.910719284140342e8
1.1886122612186578e8, 1.977749824463877e8
3.687625836532639e8, 4.4192578567053056e8
1.817509175664737e8, 2.552518122061025e8
1.681149215608743e8, 2.582638019790062e8
2.0674417698051453e8, 2.9363463535200804e8
7.677538109879395e8, 9.408357465847481e8
2.3673629880595377e8, 3.1728814511423826e8
3.50530997865169e8, 4.7786979189354384e8
2.3043955510742366e8, 2.893519754514776e8
2.5974763149940345e8, 3.7669216627773035e8
1.4370603997621349e8, 2.313631534908838e8
2.5521270664587644e8, 3.162699754916322e8
1.614823227090995e8, 2.173155462184436e8
2.8884593909342664e8, 4.9205244484578884e8
2.671675566888102e8, 4.2532027085749525e8
2.277594771687386e8, 7.02743987584675e8
1.520975531779406e8, 2.2928435960551336e8
1.6728323956156743e8, 2.6526485310627356e8
1.7202737268894073e8, 3.150715388374836e8
1.8514624264374557e8, 4.3228178612428105e8
1.3731429692799634e8, 7.777945054978398e8
1.8893636604957855e8, 3.533451914299887e8
4.826555351896567e8, 6.029139788693802e8
1.7348399577223378e8, 3.3974426501072323e8
7.129614253243108e8, 9.065617957155232e8
3.374153064285518e8, 6.275102368104843e8
1.5903200051516086e8, 2.933272100030813e8
4.748952737968279e8, 6.101775689622905e8
1.7682223743496972e8, 3.0527952512158626e8
1.837662189249562e8, 2.5924800667596373e8
1.185629285840807e8, 3.694284670380454e8
2.599199944268122e8, 3.217926510051497e8
5.419969781375153e8, 6.043691898091453e8
1.524796845596496e8, 2.5350990173318335e8
1.4284525405916297e8, 3.759318488682011e8
2.2623863576225308e8, 4.010803655045148e8
1.8509617896740508e8, 3.211250948561107e8
1.916883267874102e8, 2.480747144326644e8
9.645070383820729e7, 1.6699324513648722e8
1.450567403669619e8, 2.4040681891957042e8
1.9125157383381322e8, 2.7935169868603975e8
1.6225017828929028e8, 3.4106676765093076e8
2.795211456575673e8, 7.931602782233822e8
1.219217796319303e8, 2.1016009421397611e8
1.4627909178864294e8, 2.1435985968443424e8
1.4392889602954337e8, 2.115737787339268e8
1.9712796086101007e8, 4.1969809633146036e8
1.8282345387441137e8, 4.310653567128734e8
3.385618692421284e8, 4.497021029017767e8
1.1847323906543422e8, 1.888828803923939e8
1.3037202790089865e8, 2.3335534420390746e8
4.865371177942773e8, 6.704997948104243e8
1.1800248686724947e8, 2.0293531216647664e8
6.669702452684678e8, 1.0494520214539517e9
3.669863073487162e8, 4.307979305312397e8
1.143135388340239e8, 2.197517944025488e8
2.066834479490718e8, 2.733677573515134e8
2.5591798363324234e8, 3.653455501212391e8
1.7722419799463177e8, 2.662185796645884e8
2.7333031164744294e8, 3.923956371059822e8
6.745614001223745e8, 7.669930704682854e8
5.91017723226924e8, 7.140804458382723e8
7.048682339356947e8, 8.073322768004049e8
1.496802119788295e8, 2.2750342698387045e8
4.307013063593086e8, 5.092098801809637e8
1.2771687686746526e8, 5.1910301951448923e8
1.0818450455296216e9, 1.4290195731741538e9
1.5642303483523965e8, 3.5612683785574853e8
3.1195425361404806e8, 4.7975531207882893e8
1.0334221948170939e8, 2.415335319278818e8
5.775838954254782e8, 8.001161117411174e8
6.5762844797012e8, 8.350443022920618e8
1.876716579741665e8, 3.377589023084782e8
1.3251964205041955e8, 2.400348334516922e8
1.5316193872793955e8, 4.8616753019284433e8
1.8228528631475815e8, 2.926290435776876e8
2.1774462461604926e8, 2.984380337019798e8
2.018681633165211e8, 4.146668714381512e8
2.829299941053048e8, 3.849876863671417e8
2.548170168109307e8, 3.245379830851187e8
1.3888464246782604e8, 2.2394069776645702e8
3.383012391130865e8, 4.4836542488703525e8
1.2748750153642651e8, 2.376800371731967e8
2.4029375419136268e8, 4.127520985106182e8
4.2581315444193596e8, 9.058114871924723e8
3.5373665164049906e8, 4.2011976877049243e8
1.4523582382635033e8, 6.125177102186911e8
1.3337432580248198e8, 3.206735874311002e8
1.6591520491508165e8, 7.837969496047367e8
7.795897077934564e8, 9.51897011142995e8
1.625272601574134e8, 2.6788396429961404e8
1.482583936119472e8, 2.3265758898363113e8
1.8394081775884688e8, 2.4727941394216284e8
4.299409877749717e8, 7.751641464986868e8
1.3414686128254277e8, 2.1780126756835115e8
1.655895897361341e8, 2.3538017608913127e8
1.9447973758310038e8, 2.643788412608504e8
3.6584340791316426e8, 5.774839487500265e8
1.7820139787505642e8, 2.458410913434638e8
2.171837511863532e8, 4.937269623226381e8
4.0219116017620516e8, 8.143380500973083e8
5.247077578086735e8, 1.0279252437371497e9
1.5556286790881792e8, 2.5434778595826235e8
2.454095944879424e8, 4.73128779662235e8
1.55454956241662e8, 2.916180015116822e8
1.588212357917159e8, 3.2466363993667835e8
1.5359117461394703e8, 2.997104446898748e8
2.706038135235662e8, 4.012117062446596e8
4.7025555622551596e8, 5.237170334844864e8
1.1594198291729705e8, 2.4442402585674325e8
1.998744743270672e8, 3.0790232940207237e8
1.5596784933055767e8, 3.101686810485673e8
1.371775421492573e8, 2.6824704033839387e8
2.1976032782939798e8, 4.293689931499334e8
1.872907172005112e8, 2.5031770231460127e8
1.8660864504252622e8, 4.85774865453548e8
1.2276180368441993e8, 2.3636190750817525e8
2.509215823364567e8, 4.652665317342144e8
3.7175393198259395e8, 5.2269890612321496e8
1.9173297684549883e8, 2.5046987859807676e8
2.4215782135139012e8, 5.2517330379251975e8
2.2864748326573923e8, 4.0578272590089583e8
2.0523334228878477e8, 2.881058242212703e8
9.198557362437977e7, 1.7671972039765447e8
1.6856256507392842e8, 3.8185744542793137e8
1.1567696515975848e8, 4.1056469051338816e8
4.4675099782910585e8, 5.894513125656332e8
1.452685686816171e8, 3.47623025288856e8
1.9468927212118676e8, 3.6601701998381877e8
2.753310920408358e8, 3.473124342642378e8
4.575129309991477e8, 7.021662554751569e8
1.187704062733968e8, 1.8563045729752624e8
2.1010900411694774e8, 3.459407521316125e8
1.6889596289203823e8, 2.360589462659215e8
1.880944930698894e8, 2.979604828793375e8
4.964490496739146e8, 5.799633365721297e8
1.5999445853950137e8, 3.094609570243401e8
1.456158899197935e8, 2.75901271886554e8
8.09418056577715e8, 8.54319416442553e8
1.3105937413978791e8, 2.983917407056339e8
4.1387591196222454e8, 6.28875945374087e8
1.3605302518484014e8, 2.339333364967823e8
2.0259502174071455e8, 2.9185776651396936e8
1.4054935667495024e8, 5.591710143557166e8
2.2414898353752378e8, 3.5994506147824025e8
2.5967043515123132e8, 4.2822891239317775e8
1.713205380599186e8, 2.4397658443172425e8
1.2150115150405703e8, 2.2047931329119083e8
3.6558509221537966e8, 7.220044660401973e8
1.5591200249596366e8, 4.057533176732195e8
9.285798157745038e8, 1.0283078882715385e9
2.117241623220326e8, 3.0195971823024553e8
1.6935114732081607e8, 4.456747086111798e8
3.8791434885838705e8, 6.27313872185568e8
2.3198285266522026e8, 3.5922802400896424e8
1.6589959476362738e8, 2.1189491792848933e8
4.1668156612686485e8, 4.9952458988308793e8
1.2518168916336855e8, 4.5360163866096383e8
1.724171757914969e8, 3.7556617853155386e8
1.7079546664789203e8, 2.458362410738549e8
1.2650351313451257e8, 2.1272478833410558e8
1.1664570231176534e8, 2.355900059373906e8
4.2322472387278026e8, 5.010072401710591e8
5.854338851828946e8, 6.479475799055388e8
7.065490762064478e8, 9.33693555177398e8
2.0149456673947814e8, 3.076129373303206e8
2.514107668303349e8, 3.401657292224244e8
2.6393800133543077e8, 3.358583633782418e8
1.7393346871285635e8, 2.7184975131272244e8
1.5547846988174748e8, 2.201099072254375e8
1.5837091961086792e8, 3.8984663219436115e8
1.836332872054068e8, 4.0201374175135577e8
1.3353039205257875e8, 2.9316790197370017e8
1.1058984976953329e8, 2.2573088726383278e8
1.627876651428974e8, 2.5791662656033525e8
2.322709173171762e8, 3.370089935324562e8
3.649858255360509e8, 6.073993720088314e8
1.5763936219672322e8, 2.0566117078254625e8
1.7720647446041957e8, 2.739970833152948e8
1.7243134909168124e8, 2.4383792280928612e8
1.755801633196309e8, 2.6273126358463204e8
1.2413377525441658e8, 3.3288679010536945e8
2.3074686734660348e8, 3.136959436910086e8
2.4926817728379595e8, 5.3406629588477206e8
2.2012061386276734e8, 3.360440035139753e8
2.6592138771021762e8, 3.685735383439096e8
2.2375376150929475e8, 3.0096806556553274e8
1.2315606221475019e8, 2.1859295223225442e8
1.9235953809121373e8, 3.075942715736629e8
5.712480949932033e8, 9.636593127221336e8
3.670889516859275e8, 4.4173850743562055e8
2.6009817617341486e8, 3.727897076410181e8
2.0277531556647706e8, 4.106160361144162e8
5.600142713895733e8, 6.661152393918471e8
3.2331052320982975e8, 4.102789652296876e8
1.3575054353104624e8, 5.395931737091887e8
1.9398988981133062e8, 2.63693164184169e8
1.4027598259876448e8, 1.9377726575884324e8
1.716301620885694e8, 3.516202436401718e8
1.8092776662254462e8, 3.4038824350654405e8
1.998289183770072e8, 5.158054414111842e8
1.6494698468639877e8, 2.310651580119697e8
1.1637051097823642e8, 1.9589048940575746e8
2.529960924875804e8, 3.747645853877995e8
4.794478369583827e8, 5.548569978641613e8
1.331022540791265e8, 1.7492771257382256e8
2.5654226582916075e8, 4.694509660360416e8
1.6337893724359328e8, 2.620024007672805e8
1.804410185375806e8, 2.6443653840377855e8
1.857542955426339e8, 2.62743693217956e8
3.8497744519309044e8, 8.944814335153389e8
8.160415179221823e8, 1.0842573978938932e9
1.5256997640273565e8, 3.485803764022026e8
1.7001299367051786e8, 3.341202706466134e8
6.657135739825572e8, 7.689965201658858e8
1.7385522834441206e8, 2.5356366349825424e8
2.5194277524157476e8, 5.870684665757409e8
1.088834000752154e8, 2.6199984906095168e8
2.1467357435758558e8, 3.5288002796850926e8
1.7632762596344703e8, 3.179250339188086e8
3.78879962017769e8, 7.185238391232516e8
2.593924605702277e8, 3.265484023747608e8
1.760473491917198e8, 2.2638735454889023e8
1.1802234927390575e8, 2.025452601361548e8
3.397625954112766e8, 5.265327846850307e8
1.3217199954182738e8, 3.2560915902054536e8
4.0712448326294893e8, 5.2120582677183604e8
4.628739872396034e8, 6.650073549639472e8
1.489991501431686e8, 3.4771315123962677e8
2.3085769462522233e8, 3.02826643881262e8
2.84528729841999e8, 3.7656653128624254e8
2.863968414802994e8, 3.756659505715439e8
1.3674410049007225e8, 1.988702780653359e8
1.4163734868380785e8, 1.9686479073766577e8
2.2870841676077747e8, 3.733479138825693e8
1.3498714155352423e8, 2.1776364873518977e8
1.8758602399172473e8, 2.973216661575156e8
3.472207044093174e8, 4.648716185727413e8
2.420741895235016e8, 3.335972452692231e8
2.5945147484065112e8, 5.314940997127942e8
2.07325881306213e8, 2.6886503676273274e8
1.8474664959339836e8, 2.4119259190833107e8
1.4864710254402223e8, 2.461053163279865e8
2.376355535310745e8, 3.507776929543481e8
4.353559408923327e8, 8.424823756154395e8
1.4350659520822442e8, 4.1847926772751224e8
2.9339953015892965e8, 3.7652637033660614e8
1.522381625718676e8, 2.3408849040049714e8
3.068091927610376e8, 3.5459448570514905e8
2.010766795545888e8, 2.909861480630959e8
1.5447118050259167e8, 2.3054243538138542e8
1.583016237963299e8, 4.265287668856049e8
2.063184818066204e8, 3.562239755972755e8
3.565849829063829e8, 4.1681814579685324e8
7.280618945672511e8, 8.19688955259734e8
4.6204226937231815e8, 7.151061355446924e8
1.9164290768794686e8, 3.3581408502303994e8
1.4856280098582518e8, 2.3830644247021514e8
4.9959907127419686e8, 6.427269872786119e8
2.2113448437358767e8, 3.1617927981075037e8
1.59025386456601e8, 3.2062981475535184e8
6.496649237682463e8, 7.489144955267417e8
1.7264646730536708e8, 2.3526136254837245e8
7.994698626688218e8, 1.0309359193203185e9
1.6805160360516185e8, 2.4722428956374273e8
1.1810681671308064e8, 1.9611558517241463e8
2.296478007388199e8, 3.116890170689116e8
5.584843223177453e8, 6.75511632589787e8
1.5407270271661577e8, 2.4513264126843527e8
2.1823614896645504e8, 4.676047233819341e8
1.3589112193336678e8, 1.971604269950397e8
1.504570890643918e8, 3.1383862632257694e8
1.6039127873013487e8, 2.402694985218246e8
1.3065434873681106e8, 2.08811309725893e8
2.554478298143725e8, 3.4650271127796966e8
1.6956768616652587e8, 4.12933753428711e8
5.250864895755482e8, 8.014946620798281e8
1.4951532919529176e8, 5.2805855797192925e8
1.638075520297964e8, 2.3088069656089988e8
1.824531559023956e8, 2.6184215187007886e8
1.619374781725172e8, 2.2339860259528056e8
2.3625841186288786e8, 5.026881360090687e8
1.523690028303842e8, 2.470178250624164e8
5.79189716842333e8, 6.427503090450037e8
1.1214835752167271e8, 1.9506265905750775e8
3.8129303516937006e8, 4.672945513764422e8
1.7296116082309783e8, 2.573285654459283e8
4.18067810335526e8, 4.7599060782625455e8
2.049576095615873e8, 3.9686619966316056e8
1.910448348866931e8, 3.159744940834556e8
2.990563254107356e8, 3.804678011981445e8
2.903970338574481e8, 4.004116948258708e8
1.5365755224747813e8, 2.932135340100392e8
1.6646774271769977e8, 2.9835447899038285e8
1.6317745673245937e8, 3.0702318171817684e8
1.3049192059244236e8, 2.745610983929589e8
3.425453946426556e8, 6.681410027790874e8
5.784252596257745e8, 8.287063192414714e8
6.630039814376867e8, 9.392619201214743e8
1.2824561985579593e8, 2.3882882830611712e8
5.557036526622458e8, 6.581520155384483e8
1.9449634937893802e8, 2.691568081834531e8
1.6709996636047992e8, 2.345405575553243e8
2.063121962977753e8, 3.339737058317382e8
1.7010567708365873e8, 4.175316231744503e8
2.433778200590875e8, 3.2932658850000334e8
5.183837749301685e8, 6.272495715837976e8
1.7761965478842258e8, 2.967564314468745e8
7.543979976061342e8, 8.668437270945802e8
2.5846364169639403e8, 3.864798875114003e8
1.9428716270902097e8, 2.5839895727977678e8
2.4960399893456817e8, 3.294949121526867e8
3.979935585960964e8, 4.856210041609476e8
2.0247120925720355e8, 2.8954778127946776e8
1.5711364788700327e8, 2.1697212128887248e8
3.0028714909691143e8, 3.6940410604127085e8
8.397354480396577e8, 9.313044834945538e8
1.5896863940152764e8, 2.973560065954321e8
1.4385963239381847e8, 2.291174404724797e8
2.484412608713533e8, 3.189583651163332e8
2.838866107129468e8, 4.359931773867597e8
1.9960920641034028e8, 3.402970491742276e8
1.8126457635904568e8, 2.2772310387070426e8
2.0356597130567822e8, 8.296923719501497e8
1.378184458296476e8, 4.1963590161868936e8
2.1018088767955768e8, 4.488589084918373e8
1.8502297162982848e8, 3.131255101120843e8
1.2517249766036402e8, 2.3591321252260646e8
1.3343488899981989e8, 2.4514805388285518e8
1.777658030624184e8, 2.7631477653456646e8
1.3205123763589182e8, 2.1340927655009386e8
1.9309617926618215e8, 2.585862024251355e8
1.490041816309e8, 1.968209317776404e8
1.4637028919977233e8, 3.025901663057676e8
3.382464657040754e8, 4.353586256960414e8
1.7863493539948177e8, 2.8839231314921206e8
1.476925061433517e8, 3.202216935902217e8
6.647972579345384e8, 8.581765530814017e8
4.4953509321283174e8, 6.520328906590397e8
1.820795918706359e8, 2.916702798535067e8
1.3862548805881318e8, 1.7367743149792567e8
2.2098134631946573e8, 3.4916610000962615e8
1.5941539000773793e8, 2.0607251819817176e8
2.998340028376686e8, 5.831849317973198e8
1.3168147262849706e8, 2.1918961292673486e8
1.9457192849513462e8, 2.889415158989384e8
2.3493670788254747e8, 3.978679907141571e8
2.047676418837965e8, 2.872968544597114e8
3.172768094014555e8, 4.504537780694474e8
1.854617971743411e8, 2.8449373766201764e8
2.95832547929354e8, 5.3433169993475306e8
1.6673089661538196e8, 2.853536778350694e8
2.1405530115808114e8, 3.7749364002942306e8
1.690610428685169e8, 2.131682256069026e8
1.828080405872846e8, 2.6235642390948838e8
1.3010551854712631e8, 1.8197796704970244e8
1.815720084302615e8, 4.603223588414187e8
1.3665520657349077e8, 5.732791056015894e8
2.0356959355745208e8, 3.708616061787581e8
2.81235733282053e8, 4.7637506418905526e8
6.118912838461525e8, 8.205083234274952e8
2.2318672369201478e8, 6.315499322383981e8
1.6260244560605812e8, 2.3927076302747712e8
1.4801613492953345e8, 3.081328985575958e8
3.1768794606426275e8, 4.739286785964541e8
2.1476327943221107e8, 2.953512076427629e8
1.4949085630702806e8, 4.150919783841606e8
7.076021726077576e8, 1.0375495782639612e9
2.7031593905371535e8, 3.519121124020991e8
4.0485689802368826e8, 6.315433428873402e8
1.7311215247117636e8, 3.86516766374421e8
2.0401669677949217e8, 2.794591458344935e8
1.6343135138063884e8, 2.821806195513491e8
2.1732878516561496e8, 4.6823666498552203e8
1.8672158046405563e8, 4.4955679319855934e8
1.6833140034234163e8, 3.499724580222445e8
1.5961473449685484e8, 2.442429962191794e8
4.403583076656693e8, 5.387258242770989e8
4.045523939829814e8, 5.917761110363019e8
4.5287337454694736e8, 7.062528753719411e8
5.006967453876317e8, 5.992197957511563e8
2.6300456774977037e8, 5.548404978004746e8
1.6586360591211432e8, 6.489579981195714e8
1.5101885733178702e8, 2.3275688689533463e8
5.2352660426757526e8, 6.438907648405051e8
1.8145114947283626e8, 4.0012420027011025e8
3.1958969162507176e8, 3.7820927882620615e8
6.57150781350344e8, 8.330637371574945e8
3.625891030428453e8, 6.433823304882858e8
2.290317782573271e8, 4.4766045473999405e8
1.7816831660739633e8, 2.393526286455392e8
5.2527354601952684e8, 8.410501712016604e8
5.610919244898604e8, 6.609033425559573e8
4.648573720604886e8, 7.840131504858334e8
1.2775600066101187e8, 2.7885043601053256e8
2.6199141967079318e8, 7.956473312001678e8
4.425884193357055e8, 5.330504421770695e8
1.9685424838842285e8, 3.600454050377994e8
1.9693651200544095e8, 3.001390801700887e8
6.047547785508757e8, 6.673734504844469e8
3.131638494991876e8, 3.834950464007519e8
1.713125303591193e8, 4.7892274616660255e8
3.236958535952374e8, 8.575521340489179e8
1.3221018828976685e8, 1.8820599162907603e8
1.038295031973151e8, 1.6413507334776923e8
1.911902169924285e8, 3.24889390171278e8
1.5004224538147902e8, 2.1980697135594147e8
2.0026759190728676e8, 3.887655793597026e8
1.3085551634649533e8, 2.1501419399471426e8
3.725027260927651e8, 4.3547811043034315e8
3.961790727039434e8, 6.978052931992811e8
1.9157471214431006e8, 2.390580655804869e8
2.2603269761084813e8, 3.466101287461274e8
4.475521134328639e8, 5.576421280597394e8
3.2706373545543456e8, 4.474388438057809e8
4.3842272826262635e8, 5.478593773129143e8
2.251526008371593e8, 4.732418894426575e8
3.5248902531669587e8, 5.0812347307961196e8
1.6664432831970564e8, 2.62150629881783e8
1.3352795536365876e8, 1.9956763775465682e8
1.3251695598904599e8, 2.1465497001303568e8
2.7151601678162646e8, 3.466483713407839e8
2.0825825992448908e8, 4.3074851568565005e8
2.7066079878835636e8, 5.250332469907163e8
1.930136756381533e8, 2.6872697764098513e8
1.0388064764967333e8, 1.843633583896751e8
2.696356437116451e8, 4.507759308616112e8
1.9773208309438685e8, 3.0598531076808614e8
2.5137730994245014e8, 5.255632585145767e8
1.235740884329919e8, 2.4693542160952315e8
1.6117584130706495e8, 2.821380800015315e8
2.4031333968859166e8, 3.4052867833177793e8
1.4443317368628705e8, 2.804660928042294e8
5.815815971832337e8, 6.890972126130906e8
1.5341302993236634e8, 4.0794352010337037e8
3.349943264654096e8, 8.867636991364065e8
3.7088139334755254e8, 8.184680365794837e8
3.341516042211028e8, 4.129891961429996e8
1.8382669584838158e8, 2.5866106288425034e8
1.506011467848172e8, 2.357549524401992e8
3.1999932620271915e8, 4.20101040919885e8
1.6341463345865625e8, 2.900966390083189e8
1.557723698199278e8, 3.136250952899245e8
4.804500750735186e8, 1.0011222482718419e9
2.1068476274072367e8, 3.692474140489039e8
3.458338726402626e8, 6.216823473607154e8
1.279197012967344e8, 1.8581377622721866e8
2.244823537230361e8, 2.79845274123951e8
1.805445793700703e8, 4.696706964807221e8
1.6463217959298798e8, 2.8692706250374484e8
5.53142191718002e8, 7.122770561959618e8
6.906592520773795e8, 9.344993247130133e8
1.58100594377679e8, 2.2239837920673484e8
2.228651195185369e8, 3.2440719235034287e8
1.2529413473380256e8, 4.0614059003011686e8
3.529481426491417e8, 4.327390109545292e8
3.7909992331471354e8, 5.9593293614905e8
1.7399990216086638e8, 2.6538322162890318e8
1.671390583988407e8, 3.16478824083696e8
1.7893752193890184e8, 2.75068496412736e8
3.36804741348565e8, 4.063149664336445e8
1.5440841011097592e8, 3.083587045576047e8
1.9905765108919212e8, 2.988661071566551e8
2.1246104857663637e8, 3.1269683821660197e8
2.555920628441263e8, 6.762584353184948e8
2.065374832881925e8, 3.54921313515172e8
3.131805880207281e8, 3.803083079609918e8
2.1468591832606733e8, 3.715387544752508e8
1.7368184336354023e8, 5.482790953656234e8
1.439060217395811e8, 2.0829960180360174e8
1.4819243594350657e8, 3.058957302147142e8
1.5968060803329366e8, 4.359276473448851e8
1.7854986339684117e8, 2.762920825970242e8
1.4843120234820113e8, 3.7400616589219105e8
1.6482151227460995e8, 2.861079710194481e8
1.9419204697192866e8, 3.84347643718247e8
1.5471811078998873e8, 2.3355185399198443e8
2.067523269382382e8, 2.843838445894577e8
1.44081827888977e8, 2.4692384562720045e8
1.362340120530089e8, 3.407986137554328e8
3.503478072861982e8, 4.744885998468814e8
1.46509010546465e8, 2.6074913534860602e8
2.978623366824529e8, 3.9348455956904614e8
2.257083692529703e8, 4.7448820498415303e8
1.2528261856361781e8, 3.1441160983223015e8
1.1219805211083862e8, 1.688998601466813e8
1.9343729812490436e8, 2.706324343360081e8
1.3455589045513785e8, 2.704001868119968e8
2.4163181787631753e8, 3.027883201223147e8
5.34054319528185e8, 7.581686141667163e8
1.1888203773706385e8, 2.0230531985849628e8
4.524992027589706e8, 5.557099957781734e8
1.688772466755172e8, 4.3316981206911427e8
1.2655165511634304e8, 1.780397436055925e8
1.944017802277807e8, 4.115091590259407e8
1.3065508565058447e8, 2.5659164080353445e8
3.285204177637246e8, 6.103431246404169e8
2.2698559232172033e8, 3.374463379457436e8
2.960317007552216e8, 4.721224298784524e8
2.85499056892157e8, 6.024440833813505e8
1.4840543442647642e8, 2.5241695380700684e8
2.3593145312967813e8, 4.611115450929862e8
2.8048305374598634e8, 4.7677780748742783e8
3.1142721092142534e8, 4.580644862004173e8
4.55778597445213e8, 5.311752011917635e8
1.294170175691897e8, 3.220835076736871e8
4.421324605823423e8, 5.0970816171546865e8
1.1590326289411683e8, 1.8643443596278083e8
3.585023910089792e8, 5.066710696144609e8
1.694306621673286e8, 6.39420146997896e8
4.2174759850237894e8, 5.643078682052249e8
3.7870059601707566e8, 5.480570439746362e8
6.276631000276304e8, 8.092653542174473e8
2.8365879849428135e8, 3.5648118500939e8
1.489379017428058e8, 2.984370077446285e8
2.800122790130028e8, 3.951444218922829e8
1.4876515435188103e8, 2.5284693537824655e8
3.6763466998422325e8, 5.727626792389758e8
2.0236368434802285e8, 3.22033308733486e8
1.8384928848029962e8, 3.3768679419105846e8
1.9463505191915146e8, 4.2712549949145585e8
8.213771157179714e8, 1.4444054569803047e9
1.8038515259900972e8, 2.4542678674550354e8
3.3203052729876316e8, 4.948450738143858e8
3.1931868899291736e8, 5.1861488856970096e8
3.2180588015959823e8, 3.7573722543294966e8
1.9281805805292282e8, 3.698079170553363e8
2.940388708142274e8, 3.5831618528217775e8
1.5121933022610673e8, 2.6684283203930053e8
1.495418137076556e8, 2.0129048210430261e8
7.747405932732042e8, 1.0119158126195078e9
2.0405371670220217e8, 3.0898584255714375e8
3.396474323869992e8, 5.789885907314575e8
5.605966319757144e8, 6.827307655642626e8
6.161318246626343e8, 7.612833741170949e8
1.8306785502545944e8, 3.8442601849573153e8
3.790148936179448e8, 6.099076608373922e8
1.5191043213981047e8, 2.064589699602022e8
3.879843673322795e8, 6.484883111550783e8
6.132043953048143e8, 6.937620968683984e8
1.4086678693419784e8, 2.0590040118314305e8
1.4848194442756498e8, 3.586425717027331e8
2.098775165964224e8, 4.757744480900981e8
1.4900966629162872e8, 2.376140239983715e8
3.357076089214943e8, 4.3894556330766714e8
5.070393334369343e8, 7.425903494349871e8
5.406667237327929e8, 6.750770590010175e8
1.6527182200186178e8, 2.263643903701865e8
1.9266894577294904e8, 2.7634100237035316e8
1.3862267568391493e8, 1.9933227166861317e8
2.2061064224064893e8, 2.908727915770578e8
1.3794031771882656e8, 1.9872369591917402e8
2.3373221646661747e8, 3.697583660684406e8
4.4895476817230415e8, 5.757276671702946e8
1.4441310200381917e8, 2.1829546392127421e8
1.8876464986340714e8, 2.743349264973759e8
9.486215685269986e7, 1.5501011299434218e8
2.6016383476053628e8, 3.756773826801097e8
1.6579340490650555e8, 2.142792750941816e8
1.3080332395145029e8, 1.9753563872027174e8
4.075615599354579e8, 4.894263145613232e8
1.3832388853599647e8, 2.047370977737533e8
1.3958978432124507e8, 5.766197390932921e8
1.5613311523175982e8, 2.4228469776577836e8
1.443636141262023e8, 2.88810429971531e8
3.226645661916821e8, 7.003476870881954e8
1.6685974689339978e8, 2.5939212038965756e8
3.848320415603352e8, 4.791226706541402e8
1.5527802793906075e8, 2.3285528866894758e8
2.0908633667542002e8, 4.418172963278057e8
1.7847082604425535e8, 2.766418044270967e8
1.859517712769477e8, 2.290494385402784e8
5.1368131817674154e8, 5.962976543810159e8
1.5506273273072624e8, 3.913801684716889e8
1.0501840356217779e8, 2.0158378051669902e8
1.6711024459985766e8, 2.6658573616551536e8
1.1883533195063719e8, 1.8575489658104813e8
1.525176972001515e8, 2.6265296255580395e8
1.293520917691738e8, 1.729988538429413e8
1.5098227479931703e8, 5.37221730184013e8
1.1471061699216147e8, 1.7407445484871116e8
1.3069670149073131e8, 2.4774053167437842e8
2.3995323529480928e8, 4.039544731796301e8
5.0324972143353814e8, 6.363002178730334e8
2.9187019130221575e8, 5.0949374355949116e8
1.6282683784852517e8, 2.8360907227048403e8
1.624244185940095e8, 3.3549770156773317e8
5.501212016781425e8, 6.367599248495667e8
2.1730442623270214e8, 2.934913268819796e8
1.9407581999041098e8, 3.0498920982671535e8
1.7126492643646988e8, 2.6804457760463116e8
4.1062446042794406e8, 5.747315669109848e8
5.284523566780064e8, 6.035846585217075e8
4.026840891896705e8, 4.8450924633966345e8
2.946953688155817e8, 4.5614343940641683e8
1.5287457181362018e8, 4.027576619593404e8
1.5679271502218685e8, 2.4588616329638702e8
1.4592446733726573e8, 2.561737923372346e8
1.8899947923352042e8, 3.103916433525528e8
2.2712288241973737e8, 3.6526451968638253e8
3.1895508714915776e8, 4.750083525304498e8
1.5677013196526334e8, 2.445878842910124e8
4.379903798228091e8, 5.743941706066295e8
5.685396142923306e8, 6.661873166877741e8
1.5252936486779928e8, 2.4457910395463714e8
1.504006792352707e8, 2.331648342121306e8
2.0922707381557336e8, 2.680718946872118e8
6.237304086224141e8, 8.757025975941768e8
2.9210017342188895e8, 4.093864537666225e8
3.730787622924317e8, 4.4616133498099875e8
1.8666367875396383e8, 3.2973737452437603e8
1.8624577605389336e8, 5.697229891121619e8
1.9056859977754492e8, 4.18679996293461e8
1.2971913458732055e8, 4.7440528567639667e8
1.2630635062886007e8, 1.9772419335826454e8
1.633557922982793e8, 3.971146563091978e8
5.881356027680755e8, 8.840238482432956e8
2.1773466386787122e8, 3.358009973453558e8
1.7894594961294508e8, 2.550620234068693e8
1.0279003707529731e8, 1.8902963014662182e8
2.813044937764069e8, 4.43158936574586e8
2.0207987968565091e8, 2.6754855076029238e8
1.5738304955485135e8, 3.9827186623301125e8
3.924938698317408e8, 4.630084911275117e8
1.367371473131024e8, 4.0927963154665285e8
1.9220538694895962e8, 5.612844381981372e8
1.4611209396738744e8, 2.7013992249514085e8
1.8903560274851668e8, 3.06563898225246e8
2.0729863022852343e8, 3.1145167024274415e8
2.2499858025676057e8, 4.901250662945035e8
2.5699400196563828e8, 3.4389253164306414e8
4.9899645047068197e8, 6.136127039726061e8
2.3076211155254698e8, 3.053466199542919e8
1.6723973734060794e8, 2.30144334878381e8
1.2115269648251696e8, 1.8712212539447543e8
2.3234655955302656e8, 4.8141632279454726e8
1.698107261969366e8, 2.5258349819901252e8
1.901052999696669e8, 2.7825839554348254e8
1.5848860679319125e8, 2.5823114789183876e8
2.7094066469046235e8, 3.865996747838473e8
1.9611473276471314e8, 2.7372604617580813e8
1.701902503514874e8, 2.5528043454155466e8
1.5568523170145512e8, 3.098550743859957e8
2.0213075024202132e8, 3.8866080948766774e8
1.6093069951017758e8, 2.6735312730153528e8
1.4651918666158035e8, 2.839714277235658e8
3.165554129799382e8, 5.427954525681884e8
2.9351562618857e8, 4.395039895655114e8
1.719949303087932e8, 3.056221955541348e8
1.9444596751326331e8, 2.518721855632638e8
1.4456251445189214e8, 2.1968130013953185e8
3.4398790887845784e8, 5.814153603472346e8
2.4392984957311833e8, 2.834906099201068e8
2.6201569024506763e8, 4.415791400990843e8
1.5894525821073774e8, 2.2692043175705257e8
9.848811313255936e7, 1.714002733603727e8
1.7523390989988783e8, 2.7244447677729845e8
1.6940025557114482e8, 2.853623692781597e8
1.4173913036758918e8, 2.4852254627858332e8
2.0350320467126563e8, 2.738742626783766e8
2.3907031546097896e8, 3.199231499745397e8
4.1350574594737285e8, 5.03167629484213e8
1.5894476823181027e8, 2.5541989324859685e8
8.985303222920486e8, 9.710978910052993e8
2.091137292932263e8, 3.5855258434096533e8
2.3744612415126064e8, 8.641823352332658e8
1.479999236539986e8, 1.984594920602085e8
1.2121339472489826e8, 1.866884926208531e8
1.375747904170028e8, 2.4381833241373378e8
1.288813715982013e8, 3.9116186286910164e8
1.6047828838426423e8, 4.9493776794232005e8
1.4219134017579928e8, 5.592262558134757e8
2.2521753200521368e8, 3.0567219104045737e8
1.2887393277764308e8, 1.9857053458587563e8
2.2285822850345975e8, 3.3388349398456097e8
4.2325145809539515e8, 5.202267614027795e8
4.568088946406338e8, 7.116074148956527e8
1.7781524572488242e8, 2.8494230282595223e8
1.4772572638058975e8, 2.402104067604583e8
2.0353224943174198e8, 2.9189870784175396e8
1.8722208269356465e8, 3.2616053398759556e8
1.1815419909164126e8, 2.1814590510672703e8
1.403754091027029e8, 2.9945836531104255e8
2.2445225640465802e8, 3.2596120066681355e8
2.969533587629263e8, 3.934567915728209e8
1.721179679076705e8, 2.9620170812427646e8
5.301464862806479e8, 6.63600597077086e8
2.3654305257439506e8, 3.594597506035692e8
2.6067601303673607e8, 9.954299121264988e8
1.2854542262505259e8, 2.2473672230350113e8
1.7032107237339094e8, 2.7905156135178715e8
2.9829076105171126e8, 3.60944108507217e8
1.5998979716718236e8, 2.5376217614802483e8
5.608851065049353e8, 6.261146285957654e8
1.800428395414064e8, 5.818874038052539e8
1.5778721777116126e8, 7.043657970085554e8
2.0250486905890957e8, 3.0627122527681375e8
1.3290605720416301e8, 1.8170984186944836e8
1.8832992735691756e8, 2.6321266800222492e8
4.08961189112278e8, 5.0848280091703546e8
1.8367401182887545e8, 2.2535139310304564e8
1.3331163362361999e8, 2.106669200150603e8
6.88262042529985e8, 8.929611124684249e8
3.424205002135087e8, 4.1865062907506114e8
1.7825051129371995e8, 2.3788930895293733e8
1.5332670576621002e8, 2.4635647982122967e8
7.017858348073152e8, 9.386817614031442e8
3.8923920080561e8, 4.8301249481371707e8
1.4439544412113544e8, 2.5884208367096692e8
4.7411547094006395e8, 6.024111060008645e8
1.559961136160751e8, 2.5477049140951997e8
1.4996357245956108e8, 3.4131934309836286e8
2.285078574028208e8, 6.37291669643648e8
3.529317141886914e8, 4.4257020919257265e8
1.35847189899108e8, 2.393918406415392e8
2.0423783287839696e8, 2.921508411307185e8
1.5483087457623813e8, 2.4176403312830824e8
2.2418362286541328e8, 3.0031319786672205e8
3.054443034686944e8, 7.008290729226202e8
1.5585910084899122e8, 2.0761717736975792e8
1.6950466256807953e8, 2.868903084484431e8
1.730387041508155e8, 2.240311380804819e8
1.7803137188935915e8, 4.860420232054792e8
1.370988941022062e8, 2.642096026990516e8
3.174736473395635e8, 4.8598755474499196e8
2.9645627695009017e8, 4.2280513458863944e8
1.8330379697910374e8, 2.5870624428185576e8
5.730098093800387e8, 6.927854184847001e8
2.2382490806117794e8, 3.3701561086943734e8
2.0110310036998624e8, 3.233805159510897e8
2.4695131975678977e8, 6.194544390167208e8
2.0407242929398575e8, 6.642444248389474e8
1.1202442668255231e8, 2.0080544104115158e8
3.553410396261093e8, 4.0834769676737154e8
4.6729826006942636e8, 7.18964098105864e8
2.1804125202213576e8, 2.8245518113695514e8
2.5525576810960135e8, 5.81555058594896e8
1.900141941847659e8, 2.6268699281743068e8
2.5336554070698988e8, 3.710351319751145e8
2.3732993462792543e8, 2.974511235776113e8
1.4712893667487347e8, 4.4867276252421594e8
1.9629619449191853e8, 3.157641689434277e8
4.0465291254884934e8, 4.4909546149303746e8
2.27984420549636e8, 4.517042706466771e8
6.027181507662543e8, 8.584573334194844e8
2.0435102617052212e8, 2.733590333142126e8
4.9622592746327454e8, 6.360451845099779e8
1.4794858119140726e8, 3.2311310285179174e8
1.4756118545227966e8, 4.1634772362110645e8
1.2543898980885124e8, 2.1480662168397456e8
1.5064834350405735e8, 4.0124408779415226e8
1.8676314821299502e8, 3.4100666221417516e8
2.3489814471749336e8, 3.1877779567424417e8
1.2576544806725812e8, 2.5706998795889327e8
2.099150585401021e8, 2.692094193040972e8
1.8977996757566428e8, 2.6351531737270766e8
2.1064022217610967e8, 4.825245943230073e8
1.4520453394887775e8, 2.8648674498958063e8
1.5667958761503202e8, 3.857535579693624e8
1.888709843489862e8, 3.601201074597221e8
1.052667388158353e8, 1.4640572482137236e8
1.7502478740719885e8, 3.668678239568278e8
1.2971675091419952e8, 2.264127196907734e8
2.1851715245501247e8, 2.827556844158598e8
4.011787555213167e8, 4.7993711896264267e8
1.9410754815585062e8, 3.57527422806147e8
3.2001944550039876e8, 4.365841821176292e8
1.9685276129487804e8, 2.775208075174682e8
2.4946801677723432e8, 3.2930229942523444e8
9.966067901355264e7, 1.823301335843e8
2.732376529647522e8, 4.917406196617911e8
2.216484377150184e8, 3.206766540298168e8
5.748923883999542e8, 1.0485900840138735e9
1.1905672291711633e8, 2.0172067751784372e8
1.3581988373033386e8, 2.0775443100042388e8
2.152313504427393e8, 3.645858470583278e8
6.253405892341753e8, 6.865392104427267e8
3.0090415089237225e8, 9.11733066783088e8
2.6696590015287733e8, 3.627979696978928e8
1.8836101880692804e8, 2.966328516481142e8
2.1436911304923245e8, 2.858782296368413e8
1.1831951464984764e8, 1.876430224995695e8
2.104726506698731e8, 3.547355942191006e8
4.355917473441497e8, 5.213619295629984e8
5.94298194395588e8, 6.639667467858728e8
1.53314809480812e8, 3.2448309759620965e8
2.0887838524452534e8, 3.0362197070972955e8
6.966247413932931e8, 9.813935355142174e8
1.5520035503840756e8, 2.691758110297663e8
5.449182289890164e8, 6.99073352768925e8
2.833574184926106e8, 4.233389268136825e8
1.2623165413136333e8, 5.123931250179978e8
4.6040958798854536e8, 7.494226521976748e8
4.817815202837482e8, 6.22343014242457e8
1.5046944591204944e8, 2.5993924943087858e8
1.9234766474783784e8, 3.4794568595290494e8
2.8580849088564014e8, 3.91034616083896e8
3.542079830633379e8, 4.4659028524383837e8
1.5973350509838212e8, 2.440094870489071e8
1.412971374685608e8, 2.4113733773752913e8
7.43146882231626e8, 8.061525327305194e8
4.95777085257109e8, 6.531041066056094e8
7.255777647348444e8, 8.734051806666069e8
1.6815806656776077e8, 4.637230461965885e8
2.1903844773225653e8, 2.739680112858336e8
6.122517272864845e8, 8.993678006616497e8
2.451428277466553e8, 4.4103483595370644e8
6.360739369676111e8, 1.011891433467549e9
1.8278795763839576e8, 3.604810488060382e8
4.520334150910702e8, 7.07872924877101e8
1.3649896392964524e8, 2.3017913264734057e8
9.21378416602662e8, 9.997982624229596e8
8.17376272219802e7, 2.4530234729963827e8
1.82104551805855e8, 3.0260344607429206e8
4.583383606523588e8, 5.941737367291923e8
2.8325433132235944e8, 4.056977391957314e8
1.3052221966195448e8, 2.5085386245405382e8
1.1313449812860094e8, 2.5178337142869797e8
2.0482956556872898e8, 3.3915267300938475e8
3.8164786116937804e8, 4.357016473806895e8
4.411097200232217e8, 5.253367359238437e8
2.0423900421284834e8, 2.803023522502427e8
1.633503230398398e8, 2.4331222562557343e8
1.9145967537189853e8, 2.9638506794902766e8
2.2669849386716917e8, 3.6314938284341353e8
3.694691238686195e8, 6.872067028197687e8
2.355517052647404e8, 3.316712733653037e8
2.2349066544446957e8, 5.117637947534738e8
2.0287179060175568e8, 2.710476741798651e8
4.6731301730933714e8, 5.855936731384399e8
2.0028525752598462e8, 2.8119547244618464e8
1.8664414406945273e8, 5.308323913540849e8
3.014250253379886e8, 4.182812496299542e8
1.4350230752214465e8, 2.917557429757741e8
3.8680219972016615e8, 9.847052691853523e8
3.5267806898680216e8, 4.2763208110208553e8
2.844126454627252e8, 4.538635848180492e8
5.287332918956101e8, 5.939498136304308e8
1.6740101721541476e8, 2.247699216701433e8
4.5971248925223356e8, 7.880901966397492e8
1.6032749900395462e8, 2.0884769874792904e8
8.787168639494867e8, 1.0441219927392931e9
1.488142787178715e8, 2.0587255208830252e8
2.497430806085809e8, 4.4474297341196966e8
1.8384528690241924e8, 3.7889264374598527e8
2.0068861046166602e8, 3.161474761028764e8
4.007008575421494e8, 4.9198501803786904e8
1.9946074421958333e8, 2.6347533846569762e8
1.9002564285169274e8, 7.06939400839157e8
6.6611887992256e8, 1.0297311809788357e9
4.268846064517383e8, 5.086821961257467e8
1.1200750939273171e8, 1.9678639650475854e8
2.2795370459706116e8, 3.052808310976467e8
1.6693530295026913e8, 2.972225833720328e8
2.191207198323354e8, 3.087541467811421e8
1.6116139123996025e8, 2.403570898311189e8
1.88109436433868e8, 3.008415368930438e8
2.201021110359542e8, 2.918602608342899e8
2.1273078723987332e8, 3.862315315623681e8
1.578472987195731e8, 2.8765405876670724e8
2.0936889456440857e8, 3.092758511997124e8
1.920953559105152e8, 4.3348985925239533e8
1.23008815464551e8, 4.354477497156181e8
1.7177367379009536e8, 3.3867822118067706e8
1.643062490171506e8, 2.4846304046931165e8
9.555548572605648e8, 1.1524371871510108e9
2.0051628781795922e8, 3.449902110128931e8
2.3805977889003357e8, 3.4244371507734615e8
4.187313356739296e8, 7.215670801265844e8
2.1300328808277088e8, 3.75318300217391e8
1.3307555311746645e8, 2.3003699278762856e8
3.226250003540487e8, 3.841969920829267e8
2.9205192140565014e8, 3.5239103237996894e8
1.2777027956879234e8, 1.9699919138922638e8
1.2008861627744403e8, 3.5876325792832255e8
2.8132986396041596e8, 4.026040187242752e8
2.3804804107999197e8, 3.100065867189178e8
1.91918650291642e8, 2.5678133203583714e8
2.0652947155547646e8, 3.0180440175702804e8
3.326571775314584e8, 5.12443314217946e8
1.8873686145579582e8, 4.041021100187132e8
4.919062306000357e8, 8.156367326842043e8
1.7316869131592038e8, 2.808931132406909e8
1.7473986597250098e8, 8.884821133357512e8
2.392857822936851e8, 6.08556189707573e8
4.0087005841761047e8, 6.666438203538948e8
3.375994477210628e8, 4.714025790332382e8
4.5822650829425794e8, 5.6456479226445e8
2.902244419207136e8, 4.709556183452495e8
1.648935461991697e8, 3.254060260653287e8
4.444820685053761e8, 7.054312070029055e8
1.6193500128747153e8, 3.21029811848195e8
3.6817974131126964e8, 8.507335538097923e8
2.0845765297135398e8, 2.8655693582786846e8
2.541172585333099e8, 3.128451106066777e8
1.636849026176262e8, 2.5924208522842634e8
2.906011104664706e8, 3.967458321794167e8
2.2845698863759175e8, 2.8159156116225386e8
1.6475412804998392e8, 2.1679903987257507e8
2.5551642229346934e8, 3.352331305030198e8
3.192071332496499e8, 4.996372908509352e8
1.4566512472640854e8, 3.109529552966933e8
1.5318468375719655e8, 2.488204741862092e8
1.3796197939622396e8, 2.6173539345935306e8
2.111972706528526e8, 4.172730151782713e8
4.2554471158571416e8, 8.645335676726885e8
1.2356042601247223e8, 1.8785006196009436e8
1.383415140698579e8, 6.932663511580198e8
1.3097052757728334e8, 2.265712585113766e8
2.1091830104775938e8, 3.062393176335982e8
2.5521326858359513e8, 5.894359598052479e8
1.419612667542732e8, 3.292378797230026e8
1.3296396678798231e8, 1.7321125028699437e8
9.88563718069843e7, 2.289600756865223e8
1.5263000077126032e8, 2.765201167589545e8
1.586219556016432e8, 2.3291105392924747e8
2.6558208315819135e8, 3.391582330801072e8
1.1927296922201543e8, 1.9360827843314165e8
3.598838583270375e8, 4.355015545059483e8
1.6313741234201103e8, 3.4880377419641095e8
2.0725627782669568e8, 5.2107932022974217e8
1.05940835782776e9, 1.257464463874643e9
1.5372887295073256e8, 4.0305641614655596e8
1.9253440374288195e8, 4.501739037940286e8
1.5873150941564977e8, 4.791594055394343e8
4.9612869959319204e8, 5.800348961664586e8
4.938472755342703e8, 5.767293751969744e8
2.677086269135063e8, 4.043691458337427e8
1.238366507874719e8, 1.7776637714602765e8
1.49953594947566e8, 3.2053891800173116e8
2.0853166080795142e8, 3.0182299683199054e8
8.45917773412247e8, 9.548046128926383e8
1.4659794335672837e8, 2.3141869173123935e8
1.4543954410069138e8, 2.6726315197484314e8
2.1325943129704413e8, 4.687929443960311e8
3.697736993236531e8, 5.628998556084079e8
1.4701936575466284e8, 2.985314746525221e8
1.785406159478748e8, 3.214339799457825e8
1.6052472845756444e8, 2.2676716960887542e8
2.936388004307964e8, 4.2687716969737834e8
1.2559760258375086e8, 5.501654039228958e8
2.1887868668913567e8, 3.707701976233793e8
4.46702456177604e8, 5.991145724983826e8
2.0831017670172766e8, 5.333174337480635e8
1.583250869154472e8, 2.5625013406875563e8
2.3113166516156155e8, 2.6383627090025282e8
1.4318277422221506e8, 2.054623491544838e8
1.4676725840187868e8, 2.0342069971450335e8
3.119644512810973e8, 4.241620512665191e8
1.8486784137622324e8, 3.796555862893485e8
1.390760668968018e8, 3.072306011414479e8
1.6559665795855734e8, 2.2526659922117543e8
3.479692749560662e8, 4.298908816957275e8
1.375642653169643e8, 3.7040081876385576e8
1.7383360132175085e8, 2.3964864575863287e8
1.3364160771684906e8, 1.8232281284302634e8
1.9808360346561733e8, 2.6011558530720246e8
2.5858250998209614e8, 3.403707372070825e8
1.2271794825676899e8, 1.914484175562256e8
1.6707867018889263e8, 2.2913139354768953e8
1.2111772399455534e8, 2.4568435759138307e8
1.7713626390785956e8, 2.731756402631209e8
5.753236996916976e8, 6.809594722181048e8
1.7847937205887336e8, 2.8288467039421004e8
4.3390464084953463e8, 5.749211074802479e8
2.4983605203091145e8, 3.377085637840296e8
2.1416779063409987e8, 3.0235758247588634e8
1.6824119343293962e8, 2.538513517465982e8
1.7557169734859592e8, 2.4191502346275246e8
3.225970666379684e8, 4.7013333317789835e8
1.3449692336391884e8, 2.003785980540176e8
1.2760883708683667e8, 3.156664148250313e8
2.4951319405107868e8, 5.0610497233871746e8
3.1044462298335797e8, 4.461741865842772e8
1.3239571536113985e8, 4.435707918929541e8
3.633716910776674e8, 9.303830739692652e8
2.3547544706576723e8, 3.4176137997963816e8
1.5823740151887622e8, 3.048477403166387e8
1.9001639376896274e8, 2.6074553714622238e8
3.9023000709509873e8, 4.5939869094281256e8
2.5513558843971643e8, 3.3389133271372455e8
1.4922913159176654e8, 2.873264338349857e8
1.7524748303265452e8, 2.3035381098228484e8
1.271121496313365e8, 2.229887381529503e8
2.3053124161285368e8, 3.4656139564298475e8
2.712689051652088e8, 4.6014025548524386e8
1.5322524919281998e8, 2.1405873371534094e8
1.4949410893522948e8, 3.08105221363773e8
2.8139579772107595e8, 4.1197772491288924e8
9.513910989181113e8, 1.1136328236657112e9
2.217416781339835e8, 3.403294865874864e8
1.591845986739687e8, 3.466209517404578e8
1.6449219890107784e8, 3.524800835816079e8
1.3638856119192448e8, 2.0117871035098222e8
2.1442431726588887e8, 8.256424847195364e8
3.9154780994467986e8, 5.52158864172418e8
2.1175293048152778e8, 3.055181236926688e8
4.530912851889232e8, 5.679992353285353e8
3.46649828536218e8, 6.034430285439435e8
2.236335926204179e8, 4.9499334865406024e8
2.2783617055299565e8, 3.2120128720735943e8
3.346898778564866e8, 4.810953427010385e8
5.125463926099594e8, 5.699319776358123e8
3.6720054698387384e8, 5.1739320917974645e8
3.928768152694918e8, 4.821412628530427e8
3.0836631228087884e8, 4.6987367682050246e8
2.080689061018708e8, 2.5964665667780432e8
1.3897481744853842e8, 2.1787407888655576e8
1.2076560248507878e8, 1.6355759355766204e8
4.1708685868856317e8, 4.8074891443969464e8
2.705432849822841e8, 4.939230489334319e8
1.597080741913454e8, 2.4316537507145575e8
2.1436425559620884e8, 2.504070438124137e8
1.578470649056235e8, 3.404917065480029e8
1.818137649876182e8, 2.942799638857338e8
1.6179205162268072e8, 2.4332445256727186e8
4.38115087754778e8, 5.281079338758098e8
1.9438492768593404e8, 2.3998122347601604e8
1.5848316535071415e8, 3.793520188988829e8
1.7608554552785754e8, 4.0469497067425257e8
2.5411776374064237e8, 4.172228208167773e8
1.586144648750694e8, 2.353187091774356e8
2.8963478060869354e8, 3.613447313456429e8
1.9119203886990485e8, 3.2577720186731833e8
1.58638421605053e8, 2.466825435251131e8
2.0695443530931592e8, 2.7143715510233855e8
2.081578527831856e8, 2.5563482394336894e8
2.852469884766464e8, 4.200640651524286e8
1.8311054121801978e8, 2.587469610236616e8
1.671292116714226e8, 2.5133366965940598e8
4.645224806502034e8, 5.615798813426954e8
2.4144765098637113e8, 3.940746045929917e8
1.3399681849875553e8, 2.1379108339010286e8
2.014097506093556e8, 3.493285899287709e8
1.5941221940242767e8, 4.092585623308234e8
2.433984460567745e8, 3.0402415888994354e8
1.350430005238334e8, 2.3194753355056182e8
2.5189069859938487e8, 4.581433264436065e8
1.5338979638207802e8, 4.2480774583773965e8
1.93101175134785e8, 3.802482366155705e8
3.082623954786197e8, 5.2725277616834426e8
1.8477175887555128e8, 2.8388227651002663e8
1.7509006689441594e8, 4.357436846479877e8
3.6328833913871336e8, 5.945281600673006e8
3.2317539809416157e8, 6.555914222078635e8
7.986760604190959e8, 9.328119502860074e8
1.515408088105443e8, 2.9422846345941633e8
1.9496091928218997e8, 3.2688830983481044e8
4.4852915725719154e8, 6.745248364814011e8
1.1897875490924776e8, 2.4228580963286322e8
1.6833350156734517e8, 2.329881216535308e8
2.31739821180739e8, 3.332845151448346e8
8.860172634993494e7, 1.8539695945964304e8
1.6278346619834164e8, 2.437810916390501e8
1.9503135992972663e8, 3.4873080234849054e8
1.3965898296452877e8, 1.9799656570794576e8
1.2752296031227245e9, 1.3523327124735007e9
2.1469840567996636e8, 2.9898718864148974e8
1.719945544451758e8, 6.485136083242091e8
8.76474112378108e7, 1.8323536644568077e8
3.385843096944025e8, 4.484685298742849e8
1.2051328216068679e8, 2.2868942926542243e8
1.824970173425367e8, 2.487401809409699e8
1.222798090757663e8, 4.398107619917803e8
2.5759555965448686e8, 4.0433088298643786e8
3.062985153169819e8, 4.032923344987505e8
2.834249978166152e8, 3.7614353300922674e8
1.9518003846593657e8, 2.675430176390499e8
1.5505130961424077e8, 2.7108164058813477e8
1.4576727309288314e8, 2.68099249534187e8
2.0140051165983918e8, 3.746098548715633e8
1.2092709113787916e8, 3.514304629309928e8
6.008451218098308e8, 8.165608949576688e8
2.2234388637414876e8, 5.692388988839289e8
7.642555222482121e8, 9.23051465386134e8
3.597776788708658e8, 5.539806190313641e8
5.596921246377829e8, 7.921862090387104e8
1.5220326608216473e8, 2.309462151949723e8
1.5522498603640008e8, 2.101629828489283e8
6.244122584301115e8, 6.980142710630851e8
7.878049958260031e8, 9.754434035632657e8
2.0731484488792655e8, 2.7974185736645913e8
1.7069611809487805e8, 4.544936577901343e8
7.856472993695306e8, 1.0719079273740295e9
1.5219714754977542e8, 2.7849501311259544e8
1.1827028925037347e8, 1.8724936281203926e8
7.941173003454112e8, 8.983110100904713e8
7.341469761092376e8, 8.247629203567877e8
1.875786320604272e8, 2.99393792067174e8
2.8015713664701164e8, 5.30803029770462e8
3.2748964747933203e8, 4.019917358738149e8
5.281746728493956e8, 5.914528397181748e8
1.2128870863656151e8, 3.020001221276948e8
1.8621839601153007e8, 4.0631972154181063e8
1.8904533328445148e8, 4.159007387379768e8
1.2030176328089812e9, 1.3416070980949228e9
2.075527991098116e8, 3.155044518127215e8
2.851493858642651e8, 5.235254250886715e8
3.364494408254991e8, 4.118518850095045e8
1.5946217841774535e8, 4.1757224331191224e8
2.6826931358025002e8, 3.3242942534685165e8
2.0303508691688138e8, 2.8236599196055394e8
2.2309502291050336e8, 3.303224437690151e8
5.2494359962632895e8, 6.415671498309234e8
1.5758866644232398e8, 2.5570989248251647e8
1.7164102079907238e8, 2.480135263485246e8
1.7932418340440866e8, 2.959670823716977e8
1.6278370774875104e8, 2.5283864367847276e8
1.7140998161527112e8, 2.8093683147500986e8
4.047415779822334e8, 6.475487881839061e8
1.1337689128194928e8, 3.955190617335057e8
1.7654858121607187e8, 2.832719567415618e8
1.239360294995098e8, 1.848580082344188e8
4.6137486677950585e8, 5.814138389851878e8
1.5467402750523567e8, 2.0517495088981253e8
3.8757990054195803e8, 4.7854894019260144e8
2.399904619036528e8, 3.336365301287236e8
1.4343528095952928e8, 2.217085857875153e8
1.605144671887249e8, 2.804620291367088e8
2.147956676877925e8, 3.748947402771112e8
5.721194116893843e8, 6.613863338633142e8
5.237637008589702e8, 6.978089575866842e8
3.1461974668512e8, 4.463299338501017e8
1.363926214413717e8, 3.611512031627345e8
3.177393334448087e8, 4.0097315924512976e8
1.965515957603798e8, 3.1954889289146316e8
1.8973202408040586e8, 2.472641361501464e8
1.9826829313493356e8, 3.5765865179200643e8
1.7410597960350293e8, 3.0547818512009865e8
1.1301268956680545e8, 3.3128482822441435e8
2.200595535948002e8, 2.743963044879403e8
1.6897960506233594e8, 2.316946848107285e8
3.680268503855772e8, 4.622452778147073e8
2.15764485032097e8, 2.783955211608878e8
3.0681018686207545e8, 5.688705190625099e8
2.6204622203371835e8, 3.6545902420159274e8
2.8052375972530615e8, 3.6637096132384944e8
2.2568125449449888e8, 4.8401930391608053e8
1.502063417465848e8, 2.5065305112476477e8
2.893144273400793e8, 5.0502062085605675e8
1.1044586989561227e8, 1.8086284709002978e8
2.5579540327309597e8, 4.9643169267322177e8
1.7076292418228397e8, 3.3175710905695814e8
1.32782567241346e8, 2.0417113978648335e8
1.3729630075818858e8, 1.993668927873359e8
3.132542937740007e8, 5.633837417776256e8
2.990803380103942e8, 5.863651624608822e8
2.400685495126469e8, 3.815226756300716e8
1.5235823692858848e8, 5.207077503949395e8
2.1362711159861475e8, 3.702763605387955e8
2.461548758692031e8, 7.294267783930619e8
2.790041941966171e8, 5.2492879912698376e8
2.6264500332679206e8, 4.2004208573140174e8
3.176982733650261e8, 5.508494803583778e8
1.9493108814629087e8, 2.569551838385353e8
2.798713395359624e8, 4.4512082013787997e8
1.949876062456744e8, 3.343340082009411e8
1.7064542870006454e8, 2.377185785150903e8
1.2851167071694641e8, 3.0522659496149737e8
2.4563146312511203e8, 4.6815453101483417e8
2.9152610719434625e8, 3.53875310473942e8
1.881493478736426e8, 2.651621932977998e8
2.3163612534202978e8, 3.4369077325795203e8
1.4076610498257986e8, 2.4336653413863355e8
1.7965684497148034e8, 3.9413024644168884e8
1.5353666436423457e8, 2.671928547969645e8
4.756253584493563e8, 5.579321651712574e8
2.3326679349413177e8, 2.979160841353462e8
3.174252975456845e8, 4.6798489389993596e8
1.9199316349203143e8, 5.339019261212159e8
1.1455120196233496e8, 1.811633301421358e8
1.5388108595309675e8, 2.367597446054823e8
1.1373359378001526e8, 1.5696820770211467e8
2.973475407964271e8, 3.999311531720037e8
1.9549481937937856e8, 6.335158431767473e8
1.784252776880975e8, 4.860092866015261e8
2.6428889104181057e8, 4.1318322396545714e8
3.6325235067395914e8, 4.609902683192282e8
5.700166412810255e8, 6.75116526378825e8
6.788938896277864e8, 9.229255430309926e8
1.091354526907836e8, 4.782528179935062e8
1.8619003714684436e8, 3.1833712660191643e8
1.4821897469247574e8, 4.0798188844746304e8
1.5303358294190934e8, 2.2883406403759387e8
1.541102606911357e8, 3.545344706664253e8
1.5789510385029787e8, 3.5290836438879836e8
7.197808668197161e8, 8.441415320692189e8
2.710610990978686e8, 3.968219867367388e8
1.666593158816038e8, 3.378520013878431e8
9.333643029179174e7, 1.794727440063735e8
3.0767822603921324e8, 3.981274945222441e8
1.433952222453804e8, 2.488365078326427e8
1.6787888958362487e8, 2.2334223837145534e8
1.7248380617363986e8, 3.4222939151964015e8
2.820304206169811e8, 5.1114500238725305e8
2.3634137196788576e8, 5.2425981559441084e8
2.1459315759590185e8, 3.4328735974665004e8
1.5792022327323356e8, 2.5360886509259778e8
1.4058606872749677e8, 2.3267440500620508e8
2.2770817526195323e8, 5.320533588664254e8
1.7809634508836138e8, 4.7324040849837685e8
1.555059284715435e8, 2.0478245022762135e8
4.9150123624951196e8, 8.958465476589571e8
1.6432038330874896e8, 3.557895778834165e8
2.6356826766531438e8, 6.908179369321102e8
1.3812245409754428e8, 3.879486337372589e8
2.084612507538994e8, 4.8763207981021124e8
1.4773378569729728e8, 1.9934519179308057e8
1.534803459096114e8, 2.2628697366891348e8
5.157496544137227e8, 6.550142897226633e8
5.54513888202643e8, 7.441842144352827e8
1.8200285563959005e8, 2.986627423595906e8
1.3832153401934814e8, 5.2842399746712583e8
2.179939414561973e8, 3.478642030419614e8
1.440261588951217e8, 2.7810377213264126e8
1.382034074080607e8, 2.2407462568931732e8
1.6277415454722428e8, 2.1417151781126928e8
1.466369243824086e8, 3.1503627673697466e8
2.6297088669419456e8, 3.659979404850595e8
2.5777779259605122e8, 4.4843911612895703e8
2.297450655560565e8, 4.349119057549303e8
1.1292391335967186e8, 1.7702755222471547e8
3.003256854888189e8, 3.7110601062172127e8
3.879616577892146e8, 4.816024284882178e8
1.4020239467404833e8, 3.136308898830708e8
2.493256031476143e8, 3.778862615653507e8
1.5798987078943723e8, 2.5424737067076147e8
1.4049509041882864e8, 3.230297383422249e8
6.15642864299096e8, 8.944590513358762e8
1.6162136367848244e8, 2.5315870862667394e8
3.3514107710711247e8, 4.536046420357874e8
2.112751952526422e8, 3.001137621240231e8
1.8084043285483897e8, 3.5896317593438244e8
2.278775106466381e8, 3.254816566677236e8
1.422454508662889e8, 2.880284966256226e8
1.5541797366087615e8, 3.3323887924235785e8
4.182663852424457e8, 5.2775235340624535e8
1.1532524924666518e8, 3.5184831110652816e8
3.2624538377225244e8, 5.727780126069335e8
1.7284116675093e8, 3.0383908340619653e8
7.298483348368365e8, 8.369365111627501e8
4.122642908118494e8, 5.784725731485355e8
2.5890042676493424e8, 4.559121677362534e8
2.0535417866097966e8, 3.5038594758155066e8
2.665177743801686e8, 3.46080195149781e8
1.5673561250710648e8, 3.220326145286309e8
1.3464607130621487e8, 2.2849029792283532e8
4.332042830182144e8, 5.229723678766627e8
3.510840453122644e8, 4.1123416321021426e8
3.5885675328228045e8, 4.939666229809391e8
1.3755357652547437e8, 2.2360559675762388e8
1.2834710988613397e8, 2.048557130049253e8
1.915671703781662e8, 2.5716253953097966e8
1.732229062172149e8, 2.727487731278988e8
1.3486612465594786e8, 2.4643155707384863e8
4.432535574519982e8, 5.1519518991382706e8
5.0006496277942824e8, 6.208611287587605e8
2.207664341890491e8, 3.2245904058325887e8
2.1165405931385428e8, 3.982045358372518e8
3.5136594236275935e8, 4.5654063853031635e8
1.8102719563112816e8, 2.837816966120601e8
3.436291657333981e8, 4.5115024322812814e8
3.830271125790433e8, 4.8115525036063194e8
1.770990383552565e8, 2.342568128967786e8
2.2617684129834932e8, 5.2452458668724614e8
2.509583590385819e8, 3.285297522710269e8
1.6664433258932954e8, 3.443020767168745e8
1.3046859983670245e8, 2.432943703371595e8
1.9767537165457273e8, 3.5358396047831833e8
1.7507930617498136e8, 2.514584307626326e8
2.0429381574772346e8, 3.2242033544108915e8
1.4071823515341613e8, 2.3224101121098942e8
1.8921199438062257e8, 2.926258286361526e8
3.371413188017338e8, 4.143070604898468e8
1.2441626773465486e8, 1.9632383799232548e8
2.726620549591805e8, 3.99924047265961e8
1.8099520747176993e8, 4.1345383562216437e8
2.840942094015414e8, 5.602007432755059e8
1.064202914234931e8, 2.16088243361985e8
1.1886728327105303e8, 1.84846651701091e8
1.682873391242845e8, 2.908975746258093e8
3.980616188344664e8, 7.828864038700645e8
1.7618805965943998e8, 3.0534738512174207e8
2.5222092324855447e8, 3.2881854481691825e8
1.8644783476729426e8, 2.500203793439017e8
4.908406436523581e8, 8.57129217701818e8
3.1615536971888906e8, 3.9137249751222324e8
2.90271026486009e8, 6.19379707225518e8
8.119211886874743e8, 1.1638040716352918e9
3.125687668914559e8, 4.4641551748643893e8
1.2877191122991647e8, 2.8603326509156996e8
1.5913926085276046e8, 2.3846469947264162e8
2.145024299808456e8, 4.0667604149811286e8
1.5243370816255713e8, 2.4705210716476458e8
6.278631440478635e8, 8.380123747593093e8
2.205175512025252e8, 3.078468555935243e8
1.6136009360859847e8, 3.1065140332394737e8
5.101331968152726e8, 6.89546496284023e8
2.2527999790269455e8, 4.39039432339601e8
1.971296894155677e8, 2.966141072794041e8
2.174690872314732e8, 6.506977520997888e8
2.8899492036609554e8, 4.117415498756854e8
1.5088454248801875e8, 2.3134743577937695e8
1.4458808527106524e8, 2.6775322068058777e8
7.601269084045243e8, 1.2362565189700031e9
1.243687710015148e8, 1.9545117882921588e8
1.8322304371599653e8, 2.5060394567714047e8
2.007496433881506e8, 2.9902921389001983e8
1.478956080211556e8, 2.4077002084255308e8
1.6820776435999835e8, 2.505018211976665e8
3.2767405331665343e8, 4.691915112692162e8
2.7306184409414285e8, 3.332535725587609e8
1.2811012546773502e8, 2.3156423910351825e8
1.7015511695909193e8, 3.029763214506921e8
2.0355112338895813e8, 4.609580538253994e8
1.2756757742756025e8, 1.915860618675206e8
2.5112397935109076e8, 3.3308219533853346e8
1.6676860370488316e8, 2.1407094070056775e8
2.390921790492135e8, 3.203690951694452e8
1.3142427329830378e8, 2.990827411247128e8
2.987448948048036e8, 4.238011061042873e8
2.5341239443105397e8, 3.572518992294755e8
4.020837928275092e8, 4.877995713145623e8
2.104146108237415e8, 2.975192133295844e8
1.8177358463966984e8, 2.5388247202218547e8
2.5561505793658656e8, 3.521143648765428e8
1.1672778767457014e8, 2.2236144841317135e8
3.036723257523494e8, 3.6334748280963665e8
1.8114022281246382e8, 2.4391899652768683e8
5.861825127091448e8, 7.303237027336848e8
1.9808636884269544e8, 2.488314793760598e8
2.1016826870874292e8, 3.0239582769474787e8
5.412810496788554e8, 7.827289646863132e8
3.0303786882631433e8, 4.431006532873349e8
3.0164444004887384e8, 4.3166504935110056e8
1.8128794313940722e8, 4.8390761250891596e8
1.5329379571928352e8, 2.4173692942371756e8
1.4613471127611116e8, 2.2416635604127976e8
2.119093967580038e8, 2.853902480362823e8
9.298823885730629e8, 1.2467176611663747e9
1.6816479860312015e8, 2.4920290142480457e8
1.3805273138389173e8, 2.3738791103124514e8
4.6505592482937086e8, 6.469686141580168e8
2.7749933283088565e8, 3.903624008321103e8
1.8985753018522844e8, 6.425977784577906e8
1.5840482275509283e8, 2.2069116141142413e8
1.6075940693024158e8, 2.4500656740882277e8
1.7963083769751027e8, 3.437236574937136e8
1.8778008195236078e8, 2.7074627173448676e8
5.529470795951493e8, 6.540817002628808e8
6.763665285344936e8, 8.239280558688504e8
4.475346751175554e8, 5.447638133096335e8
1.8704786672997496e8, 3.601539214060638e8
1.7474258217445377e8, 4.878487301006729e8
2.1337495016103777e8, 2.8449687349247575e8
1.6853105293003026e8, 2.3837471374835944e8
1.3911718494673786e8, 2.2562716567256677e8
1.564407720824741e8, 2.2299854850789425e8
1.609604095289038e8, 2.3411811586768177e8
2.1146413842038935e8, 4.087844371028874e8
1.4378498099798885e8, 4.4305702321961635e8
4.00663041271487e8, 5.967344160080197e8
3.273136670623402e8, 3.975030844337981e8
4.774849021025674e8, 5.73662655868941e8
8.148387903260791e8, 9.98714650763913e8
1.1632745242219023e8, 1.772241824931903e8
1.5557095475594193e8, 2.7295033217267364e8
1.8869565075819778e8, 2.388913909209408e8
1.2756338212736079e8, 2.9577192731306183e8
2.4261357649159604e8, 4.6149374454385924e8
1.6643144325050166e8, 2.7333551433697486e8
1.2556554169171424e8, 2.3544736015062296e8
1.926104826129831e8, 2.4257192532208467e8
4.248527220145512e8, 5.106426343322926e8
4.810723824794704e8, 6.255158670772281e8
6.18561054881968e8, 7.030406518683252e8
1.7937896981895086e8, 2.632999583312323e8
1.950052058103535e8, 2.754243799186633e8
2.5936364586387205e8, 7.275214548122993e8
2.7346429064370894e8, 4.196794711941116e8
5.15471737757625e8, 5.90792212474763e8
5.831256112100087e8, 6.511003973883361e8
2.9115103579295766e8, 3.4937397605738086e8
1.6811019455628002e8, 2.3392674939864892e8
2.323917275044884e8, 2.816453639781205e8
1.7259764714913365e8, 3.3110432241459846e8
1.274385662494757e8, 3.0088421710505027e8
1.499592531355551e8, 3.029249698159979e8
2.5955345097415188e8, 4.176954911110961e8
1.2924630604769748e8, 3.6779282341050893e8
1.5744345796480387e8, 1.9772237841972813e8
2.0870852487568006e8, 2.858938926835889e8
1.8345066046112764e8, 2.857564808537203e8
8.69372206879375e8, 1.195984357013755e9
4.5628965641463673e8, 8.325835963862022e8
1.974729744803472e8, 5.44340919255374e8
3.4353377126419604e8, 5.0386064186107725e8
1.6874060539546862e8, 2.4618679353871855e8
1.7923693830287606e8, 2.5965273564770958e8
3.720903540112883e8, 4.820717765805786e8
5.914283216881284e8, 7.73339106639406e8
2.145518909946511e8, 5.247744386113229e8
1.7076681959772655e8, 2.252088062079727e8
8.777757673323088e8, 9.689411852528723e8
1.44596475483217e8, 2.3929889624371743e8
1.361833739566615e8, 2.5855675078827798e8
3.191575093832233e8, 6.375983050426514e8
1.3942282800333655e8, 3.256226112285213e8
5.535364241590992e8, 7.045754773341216e8
1.2400436131218444e8, 1.9372721501396272e8
4.098558444158982e8, 5.536742803933219e8
4.748347805349656e8, 5.814443969108166e8
1.415464460562514e8, 2.0255035112792826e8
1.2625019456877239e8, 2.120827884031876e8
3.371994256119438e8, 4.087063703404923e8
1.3734028909687486e8, 4.034763650311664e8
1.0464830943289669e8, 2.1384951554369798e8
1.2695912658424112e8, 1.9151917278975728e8
1.9918775890459415e8, 2.915719722395837e8
2.3265216954237157e8, 4.3871171559454465e8
4.2643525744680107e8, 5.915805961199843e8
2.787660626204605e8, 3.9604969857985896e8
2.781750932918565e8, 3.880173973922052e8
3.99052511891481e8, 4.880364734345534e8
2.0925711251475424e8, 3.7489242982864994e8
1.7216466674496123e8, 2.5542319903628945e8
6.01474904481391e8, 6.375701855425646e8
3.248041676009673e8, 4.200414968544328e8
1.090700997140403e8, 2.277602887420744e8
1.501528301217461e8, 3.139011329620508e8
1.0744675758827549e8, 1.9488806830956253e8
1.3177307101982449e8, 3.9230277263505334e8
2.4869586419449848e8, 3.0543834872044027e8
1.5859508945284376e8, 3.3140220036632067e8
3.7825560735131603e8, 5.105288495841337e8
1.9865865217877856e8, 2.812867437327021e8
3.8746109529072803e8, 4.7161142165106344e8
1.2917588340856493e8, 3.586887057753662e8
5.425088864221545e8, 6.424772205616817e8
5.465289068257234e8, 6.225716697628562e8
3.655425679361534e8, 6.26203783138607e8
2.3780870007663718e8, 3.0838868789429605e8
2.5019088178645614e8, 3.8457378465735894e8
1.7834912945564502e8, 2.3168945853915283e8
1.9311558159781462e8, 3.7840769408210605e8
1.6988732905750275e8, 6.664742625137173e8
2.0712092049332517e8, 3.250367271109782e8
1.3220184739838973e8, 5.777117667093302e8
4.2805600693984777e8, 5.2152699996779233e8
2.0219292192568624e8, 4.0074963809688413e8
1.8842504122034264e8, 2.715700248195161e8
1.773930123355652e8, 3.1560761850363874e8
1.2980812597318323e8, 2.2615877627528104e8
1.3886435233102577e9, 1.4579179817368476e9
6.348516776436471e8, 7.280405671907588e8
2.1204192188854882e8, 2.695831694396056e8
1.5796548574425444e8, 2.2094620820319963e8
1.6086984447139177e8, 2.309491884024545e8
2.7431518472731715e8, 5.80700107210408e8
1.4576159311232972e8, 2.575856232732046e8
1.7848929064797983e8, 2.4177328478026617e8
1.9508161760544482e8, 2.8677140730599123e8
3.513969119272161e8, 4.949915962116904e8
1.5200798028681007e8, 3.759824799992224e8
1.4738768682271066e8, 2.6347951370861977e8
3.042850127994812e8, 3.783139334000125e8
3.0807366479837847e8, 5.031271464000854e8
3.10321808412622e8, 6.683053772802546e8
1.5540011767933458e8, 3.273222420447042e8
5.3674911933548933e8, 1.0303450540658234e9
3.626232387124464e8, 6.904676300422553e8
3.259876556722389e8, 6.364666317318527e8
2.1995159864679396e8, 3.454135502200477e8
1.7670999558005905e8, 2.848182951831799e8
1.5281766272489566e8, 2.204938902370546e8
3.8967283682083684e8, 4.665345167228324e8
1.2797632445157726e8, 2.7162126444105494e8
1.6224378194848758e8, 2.35609553705549e8
7.592222762080226e8, 8.675801679440037e8
2.3708141163561398e8, 3.2649476492095095e8
1.2638745114403309e8, 3.497311019001175e8
2.257837503794252e8, 3.4075490365513515e8
1.2812222208782302e8, 2.5002529172535968e8
1.8036556265811977e8, 3.122102884392802e8
2.8121059103831774e8, 3.875308256071246e8
1.772081169803736e8, 2.9716996955023897e8
3.831148815669926e8, 5.2309294784647596e8
7.238606691399473e8, 8.82780123185392e8
1.2760380551082648e8, 1.9655140035320655e8
2.3600221259161976e8, 3.4602450486689454e8
3.1088453796175426e8, 5.550072774293085e8
6.688607904834262e8, 9.659128855539e8
1.718883764226523e8, 3.2718279252980566e8
3.872089781836285e8, 5.2368770840172946e8
1.5659703343115363e8, 2.432087310199469e8
2.476846035010618e8, 4.754058878935156e8
8.095139739701375e8, 8.78522698144609e8
9.500931301684368e8, 1.1298851298724356e9
2.715006928638378e8, 7.548781132091742e8
2.6822832495382506e8, 3.378334237491792e8
1.4548518735339198e8, 3.386271646641409e8
1.3460357212158653e8, 2.8587401606531674e8
3.458109386315661e8, 4.658450681354821e8
1.6654661276782215e8, 2.328749882683199e8
1.7639272854878163e8, 5.16352100003927e8
1.967507172761796e8, 3.796829137321381e8
2.987777418165022e8, 3.9743979165568537e8
1.8463362437186947e8, 3.858805066349247e8
1.5818075526857206e8, 2.1377941307709113e8
1.7432388090367895e8, 4.287681774420556e8
2.5083962279164878e8, 5.024731488725694e8
1.8737108064821568e8, 3.2738692119939977e8
1.7376505944626778e8, 2.6906275341324043e8
1.8449199815207356e8, 2.892503436234434e8
4.065871737102577e8, 5.012524900447529e8
8.187174876401639e8, 9.196631435447791e8
3.00491750841492e8, 5.0419685552988625e8
1.5891292535203925e8, 2.371821775719252e8
2.2220349979070082e8, 2.9351507358701783e8
1.9183658697357848e8, 3.603048152832996e8
3.253017442326283e8, 3.8032966550204617e8
2.8390762934425825e8, 5.720366831920209e8
8.223862622362701e8, 1.0213553834966228e9
5.320979077632644e8, 6.89665023595755e8
2.5309933456350058e8, 3.688514659377207e8
4.203569847573582e8, 7.345756193185647e8
1.838414399981176e8, 2.8618295360970294e8
2.1249967681542474e8, 3.278860238606467e8
1.4526828568358004e8, 2.8435131545186776e8
6.895036412024066e8, 7.751983871678469e8
1.342914614249503e8, 2.7765772994172937e8
1.5427379125423262e8, 3.3550630010694647e8
2.2925304352195475e8, 2.8052134031733507e8
3.343932051073711e8, 4.844272781468593e8
1.3881650240728915e8, 3.076556581530276e8
1.1313340987005885e8, 1.7704446527648726e8
1.4665335031099233e8, 4.368545389151326e8
3.1237080620794636e8, 5.60551221515375e8
4.205592121709833e8, 6.468751478828382e8
5.155460637456764e8, 6.107893336678352e8
1.3386765133433793e8, 1.8411806072526172e8
2.846874068102008e8, 3.628054697194309e8
2.6445091553991845e8, 4.165242305031129e8
1.321200858447612e8, 2.042512743258206e8
1.6564805144332597e8, 2.689977004019408e8
1.436899461945407e8, 2.191356942491901e8
1.816552386887331e8, 2.274507223089099e8
1.518982384165738e8, 2.721995612457603e8
2.894742954645626e8, 3.768326348499847e8
1.9585620783685026e8, 2.875408938709682e8
1.9175944468411934e8, 2.6681158584978694e8
1.3165972413587339e8, 2.8961334793449026e8
2.3730970256521374e8, 3.0610408940777516e8
2.240977159734751e8, 3.6849705987822974e8
1.4643969700907785e8, 2.0536775713854742e8
3.188844134560232e8, 5.580842169192111e8
1.622251052563933e8, 2.5610938233128855e8
6.899202848568572e8, 1.0177108927135483e9
1.768694235261678e8, 2.6307639918591145e8
2.5654239451799434e8, 4.431696511427866e8
1.6686150140109578e8, 2.7770302451102734e8
1.518590538424324e8, 2.916433627028442e8
3.53671672593894e8, 6.752084228470953e8
1.8651270161649382e8, 2.976468734993157e8
2.7972773423312813e8, 4.232771484324242e8
1.266920592634402e8, 2.4881415673795995e8
2.8249324036070025e8, 3.6730202665204114e8
1.2212694442597076e8, 2.040308936968068e8
4.0451632227641875e8, 5.208147410862092e8
1.9494517234623528e8, 3.798235065477233e8
2.072280738371079e8, 3.174172312530163e8
3.316356613548448e8, 8.118086139434724e8
1.9634412680103588e8, 3.4121488359141284e8
5.861272067613943e8, 9.580078012635093e8
2.7355142527945477e8, 3.769202904942414e8
3.077771199256442e8, 7.684015129241484e8
4.07014532546275e8, 6.742188001787741e8
2.2351537167897525e8, 2.929844751462926e8
1.5866737152760893e8, 2.1064607975877932e8
4.269971318989627e8, 4.843700303693401e8
3.251341742722134e8, 4.4323856028232235e8
1.0572637175270857e8, 2.1390041008280087e8
2.5853664052134567e8, 3.3067388525880706e8
1.0254807377740413e8, 2.8283759761721873e8
1.625847590216231e8, 2.9509665637706333e8
2.3659005069010705e8, 4.8974015117438054e8
2.4589136342697668e8, 3.893652216346415e8
2.0996033748494574e8, 3.247723852086821e8
3.069899413038344e8, 5.794766193723502e8
1.5374424794142988e8, 2.848790189996939e8
2.1490093898798296e8, 3.62612212483455e8
1.9784016975901318e8, 3.124325607582685e8
5.505518162161179e8, 6.592670077393496e8
2.0968734775655615e8, 3.2902017016136956e8
3.7483520299812245e8, 5.591369912322072e8
1.9844257063230076e8, 4.374109479162175e8
2.63895334989306e8, 4.280844127512456e8
3.4277391063043255e8, 5.20959612885688e8
8.780999578087499e8, 1.2204380244946039e9
1.3987742749832866e8, 1.9006158807714966e8
2.043540894007186e8, 3.513965635085566e8
1.758102790027671e8, 2.717331961571955e8
1.2239480341071358e8, 1.7329554467724422e8
1.6863894708546382e8, 2.299964331493875e8
1.6443652129427043e8, 3.329986934564292e8
1.2531531566644782e8, 1.8201511264346135e8
3.6452754361048514e8, 4.421498803350974e8
3.24741921351349e8, 3.913477417530219e8
5.082016079654117e8, 5.659329061122055e8
3.214718551698846e8, 4.7686978177384764e8
1.6734706562037036e8, 2.7374961067014945e8
2.1304050503622964e8, 2.7914376979648936e8
1.6731946362029383e8, 2.2553732461944333e8
3.527783802410092e8, 4.7045402603864026e8
1.726345443659904e8, 2.1384484820149595e8
1.4925230178299466e8, 7.617812296526375e8
1.49226859246542e8, 2.6746942674045417e8
3.6566237339053065e8, 5.0177431997119594e8
3.204613185822805e8, 6.015712527707673e8
6.456668129160612e8, 7.478761037960224e8
1.652668152791176e8, 2.9269463677188504e8
1.232719179724368e8, 2.0472356423786965e8
1.6231967936096165e8, 3.704744940165908e8
4.643581168879889e8, 5.403361917827599e8
1.1657908349499322e8, 1.9541349433348468e8
2.1367756202223793e8, 4.438164135409105e8
2.4560069601924276e8, 5.044857069258896e8
3.1096957974118894e8, 4.8305140349852395e8
3.663147094461154e8, 6.81025135635126e8
2.916621776871549e8, 3.4843543297040695e8
3.534357881496615e8, 4.2722849003343743e8
5.1141695901654214e8, 6.575061817347108e8
1.6444304080998695e8, 3.593747175996231e8
2.1250886139915422e8, 2.7431354323005855e8
2.0680903147131726e8, 2.978449973720975e8
2.4316258870738986e8, 5.234638914165872e8
2.266553696095435e8, 4.449193062554184e8
1.183231201690777e8, 4.435898970046939e8
1.818456782549954e8, 4.20546507983861e8
1.6135765423455557e8, 6.705883094133148e8
3.7175380920451874e8, 4.7623426762160695e8
1.4355407121421576e8, 4.0284656691441274e8
1.545600739255766e8, 3.512329821629362e8
1.3015987977395713e8, 2.5506545845111445e8
1.847792945424452e8, 3.1003027283122253e8
6.963661725682302e8, 8.126255535265213e8
6.894299761650414e8, 8.299256625485572e8
2.737454550912681e8, 3.7593146781067e8
3.955569236330198e8, 4.6060740455587626e8
3.7511726991840976e8, 4.444274124756635e8
1.8902633426043826e8, 3.0848002428732e8
6.982323442988656e8, 9.530999805745487e8
1.7967387003082132e8, 2.859031997841823e8
5.016400567736872e8, 5.956041653173238e8
2.002027654053033e8, 3.091455770880704e8
4.437739770604569e8, 5.66217804727953e8
2.418139300094161e8, 3.449238935839906e8
3.037546430102864e8, 3.735195475188157e8
1.670082981757006e8, 2.6813250511747625e8
2.4610904949801648e8, 3.910493097283954e8
1.2739922359184979e8, 2.350911025919329e8
2.0843024020500758e8, 3.064800781521354e8
4.5813727255739707e8, 5.995266729120347e8
7.767804130954376e8, 8.439187968928585e8
4.689438041438057e8, 6.395892732808986e8
3.6311521697882825e8, 5.021095797095552e8
5.94945136571271e8, 9.791189255343705e8
2.304203902830082e8, 5.0815894852986765e8
1.7716836007073814e8, 3.043680938136398e8
2.867785811019381e8, 3.9544929802870303e8
2.0764037888866222e8, 2.760123620248926e8
2.1521690838554654e8, 2.8557477675383604e8
4.892958191025717e8, 6.138458572517496e8
1.992434584653558e8, 4.15211577354607e8
2.7922574362641186e8, 5.500835706296283e8
2.2676872916425678e8, 3.4605259878097403e8
1.8705211982559937e8, 4.5357266291680014e8
3.580254823641122e8, 5.0181092153224397e8
2.4770588852834746e8, 3.5456841459700537e8
1.811349034933808e8, 2.827791620218724e8
2.8308515349483746e8, 3.482116411610302e8
5.1984828181551933e8, 8.18711214447693e8
1.7210075353504506e8, 2.66438827128519e8
2.6343435480557704e8, 3.584903655384397e8
3.1638213462522e8, 4.258425024935715e8
1.9499488991221437e8, 3.686600121156995e8
8.184808990558293e8, 1.268160168872967e9
1.730578204529134e8, 2.840110992213958e8
1.4251147832779244e8, 2.8233997854338926e8
2.0282073521931678e8, 2.889052347974229e8
1.7306392992483664e8, 3.6040123215163136e8
1.5661007715621847e8, 2.513578251667366e8
3.728964054223725e8, 4.851559000071489e8
1.6609923209091938e8, 2.4860573614695325e8
4.4034960698433006e8, 5.1190616354912263e8
6.884518855925109e8, 1.2006828712539282e9
1.845251303174488e8, 3.054648178504976e8
3.7647879229355025e8, 4.486936918196595e8
2.2772019044684193e8, 4.36276916138127e8
1.6276401661800852e8, 4.644945221909115e8
1.2884094764395032e9, 1.469068639968849e9
4.993563817624469e8, 6.253650713410137e8
1.397234009192063e8, 2.2498784006978095e8
4.644008672682223e8, 7.505422690526512e8
2.035260298773923e8, 4.131736101345695e8
1.7657423664519846e8, 2.872988928020029e8
5.431607590360618e8, 6.245182133816503e8
2.076244023622696e8, 2.68416236269121e8
2.4635596834941244e8, 4.011858809516029e8
2.6291721466412598e8, 4.219925574382707e8
1.587109564083201e8, 2.5389170661509174e8
2.0198118306944436e8, 2.811448770199886e8
2.2863508541785648e8, 2.992569062112957e8
2.0095971202630487e8, 2.688566382838826e8
2.080813417271709e8, 7.098213697712417e8
2.5552847182106274e8, 3.341869857976681e8
5.830774613134818e8, 6.442085559647102e8
1.9297350181013477e8, 3.0243023528420156e8
5.850038445807673e8, 7.621411621767002e8
4.3175349317427576e8, 4.933359566067012e8
1.1173916870209019e8, 1.8609554636183995e8
2.6321079644419068e8, 3.491482822214343e8
1.563718165027997e8, 2.388002475838133e8
1.6027769221443757e8, 2.5266552992596367e8
1.9676160620260644e8, 2.685568331529027e8
1.2305536206672837e8, 2.0927088320080623e8
1.824909570143092e8, 7.490555555324076e8
1.836316915166044e8, 2.8001486449948657e8
4.8533446436025447e8, 5.684251240782231e8
1.384809272944521e8, 2.24239529492514e8
1.3413719392806324e8, 3.347078979326741e8
1.7846518049953762e8, 2.596379070258164e8
1.64558825936646e8, 4.114315924616534e8
