2.0706749595206687e8, 3.019786729225712e8
1.2619903172448327e8, 2.7571317167390007e8
3.406619714950535e8, 5.434343282425847e8
9.263321257460688e7, 1.9682982353800666e8
1.0846229538149542e8, 1.922131578744081e8
3.205066523369572e8, 4.15118775430124e8
1.5351670211507794e8, 2.917527439836056e8
3.2967160004911053e8, 4.163567232145054e8
2.9329512225521296e8, 3.7197902043009317e8
1.3121718678439711e8, 1.7512853936576378e8
3.503647013692961e8, 4.337755280887174e8
1.4213441061163443e8, 2.3562568304588693e8
1.7349899485273895e8, 2.199351240909577e8
1.587057084579207e8, 2.3268111045380062e8
1.8987270595136696e8, 6.027144581848269e8
1.4050145266703877e8, 1.8527436570853457e8
1.1445438754082036e8, 1.8657744908350924e8
2.697605199443089e8, 3.2588728189621e8
1.446404490803709e8, 2.4104725341893354e8
1.4571203622338894e8, 3.3993812708075744e8
2.3988617985895574e8, 3.1107057953978956e8
1.685500914699071e8, 2.361274190344625e8
2.213735321650787e8, 2.697164250355927e8
1.6005803481295225e8, 2.315405822951105e8
1.69701614995165e8, 2.3835594242299673e8
2.360252274117212e8, 2.989537577132605e8
1.492787362684322e8, 2.4576052446731502e8
3.269861318616992e8, 4.527263380768182e8
1.4833015702781957e8, 3.220228428671761e8
2.6667795757607043e8, 3.2040895373847866e8
1.4583799542289567e8, 2.495290671694166e8
1.3474880917665318e8, 1.927934157265583e8
3.224589107567507e8, 5.748081000915171e8
1.3210187117200665e8, 1.8440148048538536e8
2.471283976628719e8, 4.5801149895318836e8
1.3328211663184917e8, 1.66913345338595e8
1.5965141573419833e8, 2.7214302409271526e8
1.6802946378020966e8, 2.305766271578191e8
2.105555526778349e8, 3.4613283087983245e8
1.9102427524008158e8, 2.607011504717243e8
1.1962312289888078e8, 3.8984962851478e8
2.900474285526253e8, 3.976435588226844e8
1.2938262639415647e8, 1.881272837189822e8
1.081622214587292e8, 1.833067807987842e8
5.888764765546237e8, 6.594339572347745e8
1.1241753867426032e8, 2.4268103130333105e8
1.5653071466548827e8, 2.1219829151978818e8
4.019553453554447e8, 7.691041246726458e8
4.595293261049953e8, 5.073513603107827e8
1.7727480797948402e8, 2.562028288145772e8
2.009713877994937e8, 2.974941203387773e8
6.231410515693077e8, 7.705177131827245e8
1.4889704897854352e8, 2.1308482527090323e8
1.182257913002784e8, 1.6117998252049148e8
1.3352410615230408e8, 2.045944632430616e8
1.762348502760566e8, 2.523191220282814e8
1.7488769540068325e8, 2.939738124766023e8
1.2199682160367477e8, 2.151903552917315e8
1.587491812201817e8, 2.0992791029637453e8
1.7724549210771376e8, 2.7295758707806516e8
1.3960384270905352e8, 2.470117707913141e8
1.3189859537038396e8, 1.9044224555412203e8
1.0851673013459851e8, 1.767624623322341e8
2.472705236400397e8, 3.593879989159234e8
1.8110648786837792e8, 2.8640579672756016e8
1.222606940791761e8, 1.9938867819912004e8
2.1367052250403565e8, 2.868368572585488e8
1.2805205305870017e8, 1.9425700283523777e8
1.224353648462747e8, 1.7183865819034058e8
2.0433191334575474e8, 2.7960621338340586e8
1.0896805237119162e8, 1.8038216606358528e8
1.5194683459487557e8, 2.2938711545014822e8
1.1573412077742077e8, 2.775230920231117e8
2.533593585154764e8, 4.379483538392926e8
1.762163864799946e8, 3.7686545746711373e8
1.6202468440451247e8, 2.5038549303649253e8
1.5072718378098485e8, 2.2547858312301877e8
1.0207670013831602e8, 2.4974988735295466e8
2.21655922639314e8, 3.2100599512076163e8
2.0053350167066845e8, 2.498237754070393e8
3.888171748043508e8, 4.839642862532247e8
1.5758178903770792e8, 3.605887963224669e8
2.6373628306343755e8, 5.080755684229483e8
2.2149298876734936e8, 3.0153717577960396e8
1.4149733494154269e8, 2.117866900107719e8
2.1536565937805337e8, 3.784637563607643e8
1.1444452240692453e8, 1.5578559247055635e8
2.6604331218331957e8, 3.1163863120390016e8
1.4078884535049406e8, 3.106854769079431e8
3.5109869593257314e8, 4.050383822563957e8
1.5012566240701365e8, 1.9145051394264162e8
1.2939949144706436e8, 2.2108913560183093e8
1.393980532122298e8, 2.4559115350528353e8
2.4119523699811092e8, 2.964785215260594e8
1.506997158152113e8, 5.757269622726985e8
2.2457415963384116e8, 2.7706178265178156e8
1.356098967557412e8, 1.8772058205613002e8
1.8659250283687067e8, 2.6688582011237144e8
1.247156274251778e8, 1.7258543586160508e8
1.2942322082789579e8, 1.8377538155621406e8
3.179923377279507e8, 3.993812792735079e8
1.4240921243324393e8, 1.966862337033093e8
1.0985727764701125e8, 1.663588026767699e8
1.5306709691707745e8, 2.1303318464274493e8
1.6683075521368086e8, 2.1388559572130576e8
1.4962633096857655e8, 2.0327458901662356e8
1.6908438197981054e8, 2.5015713801669782e8
1.4041709728358468e8, 1.8066061836576837e8
1.9270953039777035e8, 2.372343596625572e8
2.2055460170698854e8, 2.993442392320702e8
1.3419210951920392e8, 1.819124017120941e8
1.5619086452863163e8, 2.5221753669057843e8
1.2726772600612457e8, 3.244891899979448e8
9.155767961344813e7, 1.4640783804147306e8
1.4538608355667868e8, 1.889070809610611e8
2.0464890347207564e8, 2.5395113388939402e8
3.4084661091380686e8, 4.2569160896539444e8
1.2348659715161864e8, 1.9263579349991924e8
3.658393147740049e8, 4.4638928417813516e8
1.2050976720446102e8, 1.8455140091989046e8
2.081912792528057e8, 4.369895295483391e8
1.4549534918367836e8, 2.7293008402553254e8
2.4187712460405758e8, 3.0534770582213956e8
1.2277409220540355e8, 1.9960829068283564e8
1.7584307680007598e8, 3.597973995698711e8
1.3323795487295489e8, 2.9587704691020155e8
3.1962437630841345e8, 4.2510406232524693e8
2.710776102759201e8, 3.474619325818869e8
2.9624220625062215e8, 5.3297113358891344e8
1.3361962036236453e8, 1.8464395594468012e8
1.8462262595248297e8, 2.870852938731564e8
3.71512260164166e8, 4.270844570558071e8
3.531265517598248e8, 4.5430407917243177e8
4.6231173563089687e8, 5.565754486840626e8
1.166631406857551e8, 1.8662199422187632e8
1.0479974439416558e8, 1.5696374328981125e8
1.3270866768528788e8, 5.825363644577283e8
1.4068297538267177e8, 2.1853019237375528e8
1.3404851476362883e8, 2.1382851421632177e8
1.0930168538197681e8, 1.6358138308820656e8
1.071165694824162e8, 1.998390850325094e8
1.393495828261759e8, 2.1969484233897552e8
1.9492028664554888e8, 3.31516947321088e8
1.1961043092968827e8, 1.8118472951081333e8
1.4114872698047733e8, 2.7037697027521974e8
3.938494438666622e8, 4.8150466566949266e8
1.2566678209150283e8, 1.915152317733104e8
1.5380969697192153e8, 2.895338159301349e8
1.5880745034531587e8, 2.4856771023391527e8
1.1027568982472207e8, 1.775801491298874e8
1.6813755286158246e8, 2.530151516183402e8
8.438185254779534e7, 1.4860851601706287e8
4.265867820176141e8, 5.1515549895743287e8
1.3746942052394992e8, 2.826255665953475e8
1.729543585322051e8, 2.816373631971488e8
1.495603971248591e8, 1.8692597852690765e8
1.2208816651818895e8, 1.8976027799950173e8
3.0042138437303334e8, 4.2704470010767406e8
2.0115732720625743e8, 4.4809213231001616e8
1.5480980467710108e8, 2.298072009031729e8
1.234250289592524e8, 2.425343565523703e8
1.1574094521654838e8, 1.7564171324121377e8
2.3161872324775684e8, 3.1313128567239016e8
1.3422310990466404e8, 2.3049920220266694e8
1.863731422857411e8, 2.6058174634664905e8
1.773362179185106e8, 2.3111999334575075e8
1.3560725831266117e8, 1.9715037123216677e8
1.9948476297834104e8, 2.8023221129324484e8
1.132477042852178e8, 1.6794637658603784e8
3.890896185381227e8, 5.384960507794998e8
3.8847244911386585e8, 4.785659308324247e8
1.3452829994248214e8, 2.4185133922411278e8
1.5134695180413872e8, 2.341241758592677e8
1.6517497042369884e8, 3.691861198632102e8
1.2706309699402404e8, 2.2882574803681085e8
2.710473213233737e8, 3.2247796432579476e8
1.1659231226027519e8, 2.6921792894978917e8
3.227006713671923e8, 3.9896854804709965e8
1.2033278805852361e8, 2.4044365115178296e8
3.332467750985499e8, 4.8890261232798e8
1.0855754145064461e8, 2.2838161153912252e8
1.6806054284010172e8, 2.302840722999925e8
1.149454101584378e8, 1.8699043774393448e8
1.894463274556356e8, 3.168313196611508e8
2.837197954404462e8, 4.8574270346868265e8
2.2014742450438341e8, 3.1077639784471834e8
1.841291361563843e8, 2.870236589498268e8
1.0714677519751908e8, 2.2401064068372542e8
1.613139092540076e8, 2.640640227628291e8
1.1987763492126945e8, 2.5233218349324456e8
1.4652716276420072e8, 2.4377121942790288e8
1.1238155278971614e8, 2.0195706519297242e8
1.3332816980038695e8, 2.6262601337214717e8
1.263604046707961e8, 1.87613045140915e8
2.995829135026562e8, 4.9043091874488384e8
1.5764510140175352e8, 2.4427848214827368e8
2.6446451900959444e8, 3.627730733498521e8
1.2311228758276387e8, 2.57497423100719e8
1.7363224040765902e8, 2.2707214641232336e8
1.300125312912829e8, 2.6490146215901446e8
4.980203685790715e8, 6.594584848268205e8
2.2167652061660728e8, 5.498906243520133e8
1.628904105869447e8, 2.6713941479755116e8
3.027484708237686e8, 3.624818682795878e8
9.605947431027329e7, 1.894014772448849e8
2.3263279747912505e8, 3.078466011563848e8
1.5737478652288008e8, 2.339376788733964e8
1.7104897758068588e8, 3.0554054675821066e8
2.975105610919565e8, 4.427849889028688e8
1.4177300921494275e8, 2.034548972309111e8
3.110338772945373e8, 3.7859637619843066e8
1.3071024182382421e8, 2.2402150918509692e8
1.9746058955819085e8, 3.289243890149017e8
3.2260104996966773e8, 4.3416467719881386e8
1.4425585490519854e8, 1.849333101060027e8
1.0873979953132065e8, 1.594989416721022e8
1.3985756550752744e8, 2.0777038129107034e8
1.7429061361950016e8, 2.484842476171187e8
1.3217895243426992e8, 1.949289151505201e8
1.4393169142898744e8, 2.097968072025699e8
1.54687031109147e8, 2.4294996948238412e8
1.2612109638042712e8, 2.0059831628600553e8
1.3505792636302438e8, 1.763966344760678e8
1.4190944364955756e8, 1.9415461077520236e8
1.3509540872338992e8, 2.1216391348691675e8
1.1635801347013025e8, 2.0151107965995982e8
1.0397038223869659e8, 2.603258530225431e8
5.21384698025094e8, 6.357208591611413e8
1.67872035691239e8, 6.333546374867624e8
2.3027915999863088e8, 2.8113926239094275e8
1.5950342014545232e8, 2.06490898832874e8
9.378281454865663e7, 1.4349772321356604e8
1.2612392249327655e8, 1.7474774680810004e8
1.2635682534077275e8, 2.0112435602190676e8
1.4570310337698305e8, 2.392677342139091e8
1.470708739177638e8, 1.9923105531958032e8
1.240368239580264e8, 2.599641487924292e8
1.9557037689918384e8, 2.602998418541154e8
1.4271245085713533e8, 3.2630467597725934e8
1.4616427556942582e8, 2.1120660721813974e8
1.1080500750119095e8, 1.831366051493687e8
5.3565979675880796e8, 6.405037844025369e8
9.704994595556292e7, 1.4077334119782463e8
6.770864142340615e8, 8.237786658955082e8
1.6780136747275057e8, 2.569013345507194e8
1.2697339870802012e8, 2.2351769647596726e8
1.6675886333811724e8, 3.1647941339921725e8
1.870603572437233e8, 2.456149172771031e8
2.721109829297103e8, 3.708486487020879e8
1.3347524782419541e8, 1.837617582709737e8
2.926266444883986e8, 4.916767087944053e8
2.892352695416753e8, 5.417309310707781e8
4.982567207611193e8, 5.852258672083304e8
1.57032172362578e8, 2.6606150035775936e8
1.085554935666737e8, 1.799349741516756e8
1.7730569921795565e8, 2.3885716209216756e8
4.388801784591668e8, 4.918716328155883e8
1.9298257542296475e8, 4.823935652135537e8
1.761365670886566e8, 2.8983508746618766e8
1.8337207552541852e8, 2.695247324024519e8
1.547471801440706e8, 2.2629844734282207e8
5.2497185340394396e8, 5.775375559012923e8
2.69911124926366e8, 5.3498015039311594e8
1.7121353907270595e8, 7.21657831028543e8
6.678885441574059e8, 7.988497422720714e8
1.841096515049525e8, 2.6424859585439095e8
1.1817456801306061e8, 2.4896835011307493e8
1.107056025234237e8, 1.606741898983062e8
2.1490897182620692e8, 2.77485027763958e8
1.8196287469161898e8, 2.463861202808621e8
1.4628991981668648e8, 2.1352802729815504e8
1.7482333459873697e8, 2.499570958214579e8
4.625404520638517e8, 5.940435508777447e8
1.5382154370566243e8, 2.1623601487164915e8
2.4048026765783447e8, 3.224493392355468e8
1.7270005427667806e8, 2.2267046256434816e8
1.783414547214481e8, 2.5339279706795403e8
1.3139488787527558e8, 2.0515444358442318e8
2.33159637475564e8, 2.831087082629754e8
1.5175680971386388e8, 1.9038604684477353e8
2.200601479619687e8, 3.2920496278356296e8
1.6711632402162334e8, 2.782104575289315e8
1.6482588573998237e8, 4.813195070506565e8
1.4087226547964275e8, 2.007337671588667e8
1.256789805129128e8, 1.9802140991306338e8
1.274844663602281e8, 2.118139653672309e8
1.6135119290387812e8, 2.880176329099694e8
1.09657006036695e8, 5.720894903673906e8
1.458187004595884e8, 2.53113067781146e8
3.5745687923791367e8, 4.484490701048381e8
1.1042941812656961e8, 2.183392432826554e8
4.592446420590532e8, 6.12795800427602e8
2.010250278186573e8, 4.0219379335895544e8
1.1966713971950771e8, 2.2234343898542225e8
3.0499835891977704e8, 4.1076971834802496e8
1.344869320543804e8, 2.1420548688838425e8
1.9494698581823704e8, 2.5695339464681754e8
9.370987804526281e7, 2.59056049893373e8
1.6580212569829273e8, 2.1279040271007165e8
3.5095151270550907e8, 4.04285799912833e8
1.3848512205498412e8, 2.1034007323866063e8
1.1846510327605955e8, 2.5993279503927812e8
2.1286201767711827e8, 3.2458457365522623e8
2.063755348225399e8, 3.063221469117445e8
1.3387556323365898e8, 1.7964116556685126e8
8.249974755273812e7, 1.3279196116893439e8
1.1020920246379699e8, 1.848260490938997e8
1.5051217876685926e8, 2.2393696888179624e8
1.5373391504471877e8, 2.66648827289552e8
2.1831748031233555e8, 5.44810264370307e8
1.0669029337392053e8, 1.6239718745963916e8
1.4571925608560768e8, 1.9473351097651228e8
1.2572715397249897e8, 1.8056221443721303e8
1.595098043381176e8, 2.577574186657589e8
1.43137175987588e8, 2.6510948805031618e8
2.0551613471996063e8, 2.962398827497783e8
1.0298744840747613e8, 1.575135482333115e8
1.2382632730239983e8, 2.2008650169467795e8
2.0243345857415166e8, 3.767441913316724e8
1.1503551249970958e8, 1.9667637335029864e8
3.9435992798376554e8, 5.877682201037326e8
2.737482612875151e8, 3.259113424925045e8
1.0575880197340153e8, 1.832134975737835e8
1.9877139238228285e8, 2.5515840782233232e8
2.3039442980879143e8, 3.0313483062800187e8
1.3413152561826007e8, 1.8933371966392067e8
1.649605912428918e8, 2.3726992390313473e8
5.395995880412949e8, 6.092640337577677e8
3.767811698205566e8, 4.5792748222477406e8
5.608189414260584e8, 6.503714032722245e8
1.2034365903738697e8, 1.8691563747500214e8
2.738836224775602e8, 3.4502735391031194e8
1.1397621856915247e8, 3.3933779895679146e8
9.408198741251594e8, 1.2251481895662584e9
1.1374941105638191e8, 2.2289930021551737e8
2.8912822858608323e8, 4.163882137395084e8
8.5042507167975e7, 1.855047716190526e8
4.4454708806519395e8, 5.2704000768801516e8
4.670875179921833e8, 5.793807962184968e8
1.837182474526409e8, 2.781806183937465e8
1.2673859230702743e8, 1.9662508485638455e8
1.3584891375195882e8, 3.2177710076711935e8
1.553353428710401e8, 2.5694858569492674e8
1.5894955453865835e8, 2.2302386464372003e8
1.5617475430305666e8, 2.8037176126693255e8
2.033491875139778e8, 2.8086877576168346e8
2.1689651421945277e8, 2.7543406796918935e8
1.263957557243615e8, 1.8442362980588296e8
1.6124854202537325e8, 2.2685190933000648e8
1.107418680447012e8, 1.8135121069881037e8
1.4367541214470547e8, 2.7062192641077065e8
2.8409758836026007e8, 5.940709464170107e8
1.7484770980634966e8, 2.251891294830474e8
1.4855224045716843e8, 4.035528713883297e8
1.2826356507684389e8, 2.4355448590662238e8
1.3919770202472565e8, 6.563613420392092e8
5.453300512849766e8, 6.804857657802702e8
1.3079111426740158e8, 2.041540561025432e8
1.358961414215861e8, 2.0414125356957647e8
1.4056163759665793e8, 1.9072246042184994e8
3.3171553037461823e8, 5.754758982571412e8
1.2215397307109758e8, 1.9161385911408776e8
1.3372710208011098e8, 1.755831646539847e8
1.8893206778317007e8, 2.508555984654524e8
2.3137745264965346e8, 3.638922207959085e8
1.2584026788648355e8, 1.7646048242841724e8
1.6420731990162855e8, 3.9015268173965394e8
2.966099962658209e8, 6.024899860717688e8
2.824672953897995e8, 7.01816587595201e8
1.3737627907250905e8, 2.0985773441741368e8
1.9916509245876187e8, 3.1256305313320756e8
1.4871749974213323e8, 2.145478345325872e8
1.4646430201416802e8, 2.3464444608442473e8
1.3397691281281756e8, 2.1622191329271623e8
1.675495084401972e8, 2.796691587353409e8
2.1849532793623474e8, 2.5825840847071308e8
9.538943905454277e7, 1.8042028152899772e8
1.6128389464254162e8, 2.5000226392859083e8
1.5589409054293516e8, 2.742001298668326e8
1.2872241522217704e8, 2.2647527801233423e8
1.6722608323068058e8, 2.7922675812582946e8
1.989524855201145e8, 2.4262396724843475e8
1.551410017220509e8, 3.6707260272122496e8
9.934129002757326e7, 1.860453850056025e8
1.9339187595929882e8, 3.0866892906052417e8
2.857015769454067e8, 3.722271595207114e8
1.412917678349348e8, 1.885321146149254e8
1.6266693790189576e8, 3.393132522970595e8
1.635785653633367e8, 3.009599295985273e8
1.4697660008591563e8, 2.253448287726887e8
7.803101711434032e7, 1.5193149140169832e8
1.4224622223829904e8, 2.732224375238785e8
1.1586749538492098e8, 2.6381432266726762e8
3.39687924727587e8, 4.360028195845404e8
1.5263685014436787e8, 2.7766943955043423e8
1.6717412200775287e8, 2.6081775199038303e8
1.3928067608269033e8, 1.980089389754338e8
2.713187164022071e8, 4.173663097015756e8
1.0480446921689288e8, 1.5808749062703505e8
1.836789989293108e8, 2.839672876288609e8
1.6125586198291177e8, 2.1407064289204586e8
1.5667608734640965e8, 2.4881643398349097e8
3.9045398578881216e8, 4.7013327604473364e8
1.5534638309620014e8, 2.483600634759771e8
1.1883438268915452e8, 1.8723662722413918e8
6.276434198623221e8, 6.683878393979855e8
1.1300035595802166e8, 2.149271031736058e8
2.2028270381205794e8, 3.734472027578256e8
9.623192423263644e7, 1.770490067434794e8
1.4256663579614082e8, 2.1750861977097994e8
1.2433486546639597e8, 4.579338437984918e8
2.0754958592957932e8, 2.869963104823472e8
1.615850069097144e8, 2.6449581899682802e8
1.5124672664308864e8, 2.043466826673459e8
1.0068339472394904e8, 1.752651464976402e8
2.3680932198551285e8, 4.606613488965947e8
1.3548816536140725e8, 3.173875175261636e8
6.049947412546375e8, 6.80499827366174e8
1.6118314915385947e8, 2.2569170536625004e8
1.599397050239321e8, 2.9256378136351955e8
2.1547720511361167e8, 3.3907362879532886e8
1.66418246017208e8, 2.3247245153469306e8
1.3154236988518174e8, 1.6632749396883202e8
2.612370356493551e8, 3.2060061433993244e8
1.1322037441089006e8, 3.280121473333143e8
1.4867467956084588e8, 2.957355643812682e8
1.3949521083052054e8, 1.9588265844448206e8
1.1442391107572412e8, 2.0644874338345602e8
9.110529328793226e7, 1.7885641588883877e8
3.1509132084089893e8, 3.892016680509478e8
4.4057617300617665e8, 4.970787663489069e8
4.0378544346905947e8, 5.3313532577462316e8
1.5782381231037387e8, 2.2613725095928937e8
1.928552040774893e8, 2.6371038924908862e8
2.0709313562833047e8, 2.637857745724255e8
1.2843623932230362e8, 2.0719530155911428e8
1.431372485752098e8, 1.9224839614040688e8
1.629117855155386e8, 2.6216490915107608e8
1.4656197979683366e8, 2.5275873199197173e8
1.0713051867984569e8, 1.9036835861591914e8
1.0447222068762535e8, 2.2240098239484173e8
1.419462610488144e8, 2.3259808790382627e8
1.816057740977857e8, 2.690973724551124e8
2.902423453147331e8, 4.3319490954684633e8
1.0836906198325637e8, 1.4995513627736345e8
1.4763102597959846e8, 2.266290006476441e8
1.1744736585047984e8, 1.722913455441341e8
1.3865941255689186e8, 1.942440911750552e8
1.1228467697361246e8, 2.8090431711989146e8
1.9791626783639425e8, 2.5663488517187923e8
1.6838682533954984e8, 3.1509548761503077e8
1.6922501682273668e8, 2.5745841919082928e8
2.230450190538725e8, 2.9401913724728584e8
1.5265162805720133e8, 2.242634333170356e8
1.0600739475897029e8, 1.77876639669767e8
1.098415028733643e8, 2.0913562190695187e8
3.8761923224953955e8, 6.971865948046603e8
2.095020695877353e8, 2.5927328466910276e8
1.7789107410611072e8, 2.460072543617617e8
1.8335154901294503e8, 2.8225975693024343e8
3.3989886970869553e8, 4.284680719085341e8
1.6158482424458438e8, 2.3347146117124152e8
1.1558775187220715e8, 4.1672357411602783e8
1.6075509404398307e8, 2.262531001677507e8
1.1118824351135945e8, 1.5067245951588085e8
1.35067833335717e8, 2.570196514602151e8
1.5806773507425508e8, 2.856457704491873e8
2.0212854378488445e8, 4.5499620684820586e8
1.2140258597271451e8, 1.67771577086534e8
8.51691620428732e7, 1.4557458720336223e8
1.589589897239039e8, 2.490874470050789e8
2.248763486657837e8, 2.8657029274280965e8
1.2067168880394112e8, 1.5533892514568812e8
1.737625229593841e8, 3.007822125827109e8
1.3996486852995947e8, 1.9156580934300143e8
1.6484778267217174e8, 2.2942356516943258e8
1.6772477486844116e8, 2.2587161621077794e8
2.085383074191291e8, 5.725387752103869e8
4.8732952411079234e8, 6.759319681380405e8
1.3539918127893168e8, 2.5051067060703206e8
1.2640455847825052e8, 2.1092560411712095e8
4.0901017478668374e8, 5.11391145993802e8
1.2556786727623166e8, 1.810055148544692e8
2.0423457958167684e8, 4.237149779652648e8
8.33064509538558e7, 1.9731382013979608e8
1.6873216728830263e8, 2.4842679465997085e8
1.3491622129240555e8, 2.190954879375805e8
2.784785352637186e8, 4.5392595832602626e8
1.8418475527058563e8, 2.504321576474368e8
1.6333211485430384e8, 2.0210156709782702e8
1.0853354864049602e8, 1.776457049366182e8
2.5596269482648644e8, 4.124641612801076e8
1.1707418766531454e8, 2.3740038036518186e8
2.4104835391869697e8, 3.235519019723318e8
3.63493297632672e8, 4.988188656290677e8
1.0957056931521484e8, 2.128138871668138e8
1.8653133887964314e8, 2.5564540555964363e8
2.1783506429170525e8, 2.74393478368809e8
2.0445591657311258e8, 2.870573911637462e8
1.1261990152063157e8, 1.7282769652906224e8
1.1820322514143503e8, 1.6317525032071579e8
1.8890651048983017e8, 2.8127275309104735e8
1.0501542178710565e8, 1.72936843301427e8
1.4435362295041126e8, 2.3436452614870453e8
2.626080397775384e8, 3.379858021985599e8
1.8668296841194546e8, 2.5261888547888383e8
2.0776823074135008e8, 4.2244326128923595e8
1.5359300783345178e8, 1.988984714713281e8
1.441946200702797e8, 1.918936350635087e8
1.3935535011613652e8, 2.2270937126325074e8
2.2096366244185862e8, 3.069297469404508e8
4.5114563940864164e8, 7.393381032623051e8
1.2686741943915378e8, 2.3229225614500913e8
1.6071377154530218e8, 2.3545448504845715e8
1.196928196977664e8, 1.8072364714107862e8
1.865880118378476e8, 2.2879226830668765e8
1.690471656976104e8, 2.4945017989088294e8
1.345507041737925e8, 2.1250485060243875e8
1.2912922625813855e8, 2.709726712887986e8
1.4393498774324286e8, 2.3762498287111083e8
2.4472984674925727e8, 2.9499500093600285e8
5.041556914156457e8, 5.910313828041586e8
2.3534482722026226e8, 4.114857102692365e8
1.1182948964139251e8, 2.0481081268834507e8
1.2566623823563011e8, 1.8817231152487049e8
2.418269428584382e8, 3.489747387424016e8
1.823567881864845e8, 2.480589523996508e8
1.2348155684851308e8, 2.1944569935820112e8
4.987487995813772e8, 5.775103443909284e8
1.3496726707181677e8, 1.809026113141531e8
5.463062104935228e8, 7.322474373503145e8
1.3905618429717994e8, 2.0816124180951652e8
9.95783488482278e7, 1.5443844289076295e8
1.625944343816953e8, 2.2026680448878655e8
3.22875646409249e8, 4.262529629544578e8
1.2547588173331004e8, 1.8762683767206785e8
1.7785930766581237e8, 3.1122172980598384e8
1.1014868538196634e8, 1.6607233897588828e8
1.3625075441899428e8, 2.7298946382554126e8
1.732155774404798e8, 2.3155804018751183e8
1.2188390175605531e8, 1.792070503823642e8
1.8403659822451004e8, 2.5554922932036638e8
1.552805496162612e8, 2.81057490870946e8
3.4755532920787644e8, 5.273625155792045e8
1.4549209998763105e8, 3.607710633910587e8
1.3061270222019194e8, 1.87630017499758e8
1.3427277798948628e8, 1.8613226562867394e8
1.2854157275212584e8, 1.7493846183850583e8
1.7208574255724353e8, 3.0704199130893016e8
1.349764968394971e8, 2.0194921549980238e8
2.272357165556034e8, 2.8091558011777884e8
1.0008322383388722e8, 1.6078974202980402e8
2.3382981189026758e8, 2.931823530567262e8
1.375747399353786e8, 2.0714117101205724e8
2.8336679655208063e8, 3.277083825448189e8
1.4581839172395092e8, 2.2225727092910168e8
1.9135275882588586e8, 2.836806338436638e8
2.2806215075354236e8, 2.93418359008985e8
2.3897887479939276e8, 3.123985809189331e8
1.3352469197418332e8, 2.209592927211429e8
1.6193544772478887e8, 2.4834326706491536e8
1.2039725652899219e8, 2.1047628965051436e8
1.1685135860036239e8, 2.2236439619827977e8
1.699668407898809e8, 3.560273933721502e8
4.3011525106011194e8, 5.75127495576429e8
5.778057863733531e8, 7.567769561315922e8
1.1827166991031146e8, 2.097626800866918e8
3.33422364084543e8, 4.181785064336082e8
1.3560616692373922e8, 1.9425017198990136e8
1.2975296924578787e8, 1.826754820461755e8
1.7336585091857007e8, 2.642278113232792e8
1.5446779132094398e8, 2.6138218844051933e8
1.8473023780753595e8, 2.475614265531218e8
4.383587309927785e8, 5.3046295525683486e8
1.3842110802447549e8, 2.3794000769640633e8
5.994287243914083e8, 6.876335820838646e8
1.5675321173943967e8, 2.359945150678585e8
1.6292504415787086e8, 2.140518098342493e8
1.736133014215719e8, 2.3336609457434514e8
2.5070522765763998e8, 3.1485242579192424e8
1.4844815193781373e8, 1.954756139042258e8
1.0946921865524173e8, 1.4665032253815874e8
2.0687356268306658e8, 2.567077044110037e8
5.31739866333195e8, 6.10296820753943e8
1.40213137746554e8, 2.5345874899485523e8
1.421993842935556e8, 2.2316999761132643e8
1.7102004372650367e8, 2.2361064770083857e8
1.7903454442740604e8, 2.987187261643785e8
2.168387769853459e8, 3.345566000919338e8
1.61900663501409e8, 1.9468361589371032e8
1.4471818475580803e8, 5.681281431385047e8
1.2510067871177606e8, 3.00104701613732e8
1.6242674020884857e8, 3.2397433901158214e8
1.32015099593743e8, 2.1912013850866118e8
1.257643581899999e8, 2.1469380385742062e8
1.280519025364895e8, 1.943717821723791e8
1.3419633211399335e8, 1.8569251578787777e8
1.157959664140472e8, 1.8512493380288786e8
1.603441925392984e8, 2.0520198311657768e8
1.2392993533138265e8, 1.6395340575346324e8
1.1891641527455129e8, 2.2392210924303058e8
2.1764237810345137e8, 3.053199808555029e8
1.602091050054713e8, 2.22584607782455e8
1.0170341493911356e8, 2.0038713847772062e8
5.41310002630109e8, 6.791514611991547e8
3.212766306897218e8, 4.528868891932554e8
1.3091484515354776e8, 2.078522271348624e8
1.0787787637559572e8, 1.376383395302604e8
1.6614215051714998e8, 2.834355108421349e8
1.5786018556085244e8, 1.9028478576346132e8
1.7650539641951755e8, 3.015020625021338e8
1.1474856906843233e8, 1.896495540955335e8
1.7048814113327977e8, 2.4584360730063757e8
2.0962398094388545e8, 3.1795636649368006e8
1.866564915623767e8, 2.5951056004754385e8
1.6778825845453942e8, 2.5224375453306562e8
1.5050328514077857e8, 2.259758968489441e8
1.3015961034616093e8, 3.081166573523813e8
1.1586569134337014e8, 2.0078825242267373e8
1.4998168528683284e8, 2.4042552659940273e8
1.176056534686817e8, 1.523191702021419e8
1.5372570454639637e8, 2.120949239809977e8
1.0521379373327965e8, 1.433193607190541e8
1.7653464183358327e8, 3.1470457599055904e8
1.150744044202753e8, 3.455545147828865e8
2.1147609662487185e8, 3.1558268773283005e8
1.5656076698972705e8, 3.5006304314829534e8
3.482189814836591e8, 4.7149272101036084e8
1.331503653354673e8, 3.6421186592721343e8
1.3993963077976152e8, 2.0133574704571608e8
1.2935817894895196e8, 2.4732831440731567e8
2.864354531003775e8, 3.8362405097648656e8
1.9444967945615295e8, 2.4325706028939345e8
1.3553975987637287e8, 3.356088240693673e8
4.413620953465378e8, 6.224040275358714e8
2.1350667292302436e8, 2.7130727822747546e8
2.78453572814984e8, 4.362169916900366e8
1.3699306243210015e8, 2.6279341076000348e8
1.7326963064163584e8, 2.3172572552858073e8
1.4509458936372688e8, 2.201210283396596e8
1.6144606775847298e8, 3.159536921300215e8
1.3461233419556415e8, 2.9432092311942774e8
1.4829477035205126e8, 2.4713488867046258e8
1.3188351568916234e8, 1.973340998052685e8
2.594433174477549e8, 3.25467606617991e8
2.8112550551247716e8, 4.2843818836160254e8
3.2570707659269744e8, 4.689726550427056e8
4.463755392953942e8, 5.341250044462337e8
2.098251696490799e8, 4.3808610924715906e8
1.5116910016400754e8, 4.789900978832861e8
1.3554176208732578e8, 1.903814257481853e8
2.5424439309478083e8, 3.1637823604371345e8
1.3386797755664004e8, 2.6763293803191313e8
2.6025549695624152e8, 3.0794998792887455e8
4.253316982603217e8, 5.594027589430084e8
2.2621188125013995e8, 4.267430506944866e8
1.8108249339820027e8, 3.34330369664768e8
1.3621478746444586e8, 1.7893242417573246e8
4.947262650199654e8, 7.065760472584132e8
3.859551085819696e8, 4.7074234647195643e8
3.2312823462889993e8, 4.860920758553271e8
1.2115805693322091e8, 2.5805610861307773e8
1.5644496498456448e8, 5.585270626259001e8
3.053504541094243e8, 3.6099435478391796e8
1.9733874800944552e8, 2.8811486364334065e8
1.4622919091333467e8, 2.3209398300103116e8
3.576289652281906e8, 4.036818969665676e8
2.2229586224341106e8, 2.7666711925175226e8
1.5929349735666096e8, 4.1341950351713365e8
2.2260592436552233e8, 6.75180399330221e8
1.2992616225494029e8, 1.870008850180019e8
9.14322164212413e7, 1.4636660410823545e8
2.4593904112634116e8, 3.609173329596112e8
1.553234040918946e8, 2.1574255148483238e8
1.801995956266585e8, 2.953893232796602e8
9.653294352094923e7, 1.635131642260547e8
2.792088697026524e8, 3.365368515667153e8
3.2839240219406575e8, 5.210375593593857e8
1.4284597964167765e8, 1.829352153004784e8
1.8385840525349048e8, 2.627304169136998e8
2.6053284796080893e8, 3.5631720218329334e8
2.1372598285878134e8, 3.0051869522825104e8
2.594410917234302e8, 3.6004279187272996e8
1.6991099100875682e8, 2.960240764748204e8
2.7256198144372636e8, 3.87397807583028e8
1.609922574850186e8, 2.258434192343671e8
1.012517185234375e8, 1.4557446294438967e8
1.2222847966592549e8, 1.8603190462867627e8
1.6715939032743832e8, 2.2058211776413152e8
1.7814714862172315e8, 2.8632108768263763e8
1.7352342531085384e8, 3.742184707945092e8
1.2793785179341929e8, 1.8527512834151354e8
8.523257404682954e7, 1.4318964930827904e8
2.2621001342521557e8, 3.1025712429041445e8
1.5242086838208702e8, 2.3083092850498307e8
2.9251434826888716e8, 4.670629905208886e8
1.051212277159579e8, 2.1208531413423166e8
1.38267109085533e8, 2.2755308329807985e8
1.5726065119438305e8, 2.1555530203035498e8
1.192640348942694e8, 2.320928744792516e8
3.457569043519866e8, 4.27044426099452e8
1.468449320546221e8, 2.904313269036041e8
2.0915671389982706e8, 5.989913741056316e8
2.935497804319492e8, 5.255014113035446e8
2.7725869342297673e8, 3.443938837048172e8
1.4274097169780374e8, 2.0307581425113755e8
1.471875741445747e8, 2.211907650285232e8
2.1719661230822888e8, 2.9020617957967854e8
1.3241119027648216e8, 2.3189753902381653e8
1.4167350631326437e8, 2.4111098104706022e8
2.955153501511414e8, 7.068434184664582e8
1.6914066744789296e8, 2.7218310611345226e8
2.002554771759286e8, 3.75009605639777e8
9.908610825829092e7, 1.4792110525511622e8
1.646777487460904e8, 2.0181013977292556e8
1.1272989169303367e8, 2.711530465342474e8
1.3981791550384104e8, 1.8633798597691295e8
4.64904538288022e8, 5.647344944642291e8
5.428330010379232e8, 6.942732117325954e8
1.4660604174756786e8, 1.947596629053835e8
2.096077632903168e8, 2.834727997562331e8
1.0825929485875595e8, 2.711795938835481e8
2.2812958596895236e8, 2.881692523433747e8
2.531754590075291e8, 4.152618831253482e8
1.2361992457917231e8, 1.8170348764272434e8
1.3492110605297926e8, 2.3922365690312716e8
1.3533939640391862e8, 2.0257012480441922e8
1.663419964347286e8, 2.256090300852897e8
1.6405286707092473e8, 2.8374706497694784e8
2.4668266271708477e8, 3.0943273174848855e8
1.2392478336743502e8, 1.969938367970006e8
1.894110377028707e8, 4.5420073659528375e8
1.6720603048321372e8, 2.6861557991968155e8
1.6652901859357265e8, 2.2056246649124566e8
1.7679538769391182e8, 3.0931183081902415e8
1.4887939716510278e8, 3.8547109625309104e8
1.439158111953458e8, 2.0355053719213384e8
1.3471483651195484e8, 2.1491223705561197e8
1.5100405453866902e8, 3.218693261031747e8
1.573257520740318e8, 2.227060968371252e8
8.957397785130829e7, 2.4424697200623822e8
1.511708736970319e8, 2.2431958690182242e8
1.6237904551895872e8, 3.1818754018152493e8
1.395731601881733e8, 2.046391153252388e8
1.554801865726283e8, 2.0387474746010387e8
1.2649081182584713e8, 2.042006145604383e8
1.1541035055296274e8, 2.568853863864954e8
2.0648796874182403e8, 2.782551548211311e8
1.384261851942368e8, 2.139327194177754e8
2.226239081380709e8, 3.0938806240875804e8
1.45652113694794e8, 2.596301498017194e8
1.139125101816726e8, 2.4242357279354888e8
1.0120939302642061e8, 1.4894015433728608e8
1.6092901769378543e8, 2.2316322402333793e8
1.2655293352049965e8, 2.159466490351463e8
1.7000981770137206e8, 2.2231505806414872e8
2.6449839864961076e8, 4.3514053129129595e8
1.059812780728649e8, 1.7710647831959203e8
3.119615917188607e8, 4.01551069990495e8
1.2284759402436428e8, 2.8297197897674054e8
1.1128070239138752e8, 1.6079919939318612e8
1.891973558429133e8, 2.7494617434294707e8
1.71769088985317e8, 2.6915945257680076e8
2.5032834923846403e8, 4.454158682211196e8
1.5031626604345357e8, 2.200593289894215e8
1.470193445687026e8, 3.085683181431435e8
2.20789326757092e8, 4.8683580917230344e8
1.391235219861736e8, 2.301675617095769e8
1.8392411969126847e8, 3.042681009380748e8
2.0620504117276806e8, 3.618294194329666e8
2.198119584969342e8, 3.3003390268074816e8
3.349867309083873e8, 4.0373549054311424e8
1.1269966740641733e8, 2.2788476562620926e8
2.264701412921968e8, 2.7875418967917943e8
9.461814262068312e7, 1.6349960127285722e8
2.905391660829061e8, 3.805073345931776e8
1.2576467443402886e8, 4.221420458390708e8
2.80415858849837e8, 4.074003471653634e8
1.777666296407183e8, 2.991150588102182e8
3.859048111033658e8, 5.0760211412390757e8
1.90880791700457e8, 2.514184616635791e8
1.1871133185990864e8, 2.3036119977656013e8
2.495589428725612e8, 3.3321649308168507e8
1.4559424933725297e8, 2.2118484539413255e8
2.1610232064117768e8, 3.751558368038248e8
1.7293177039465955e8, 2.5459885563163945e8
1.6085366302812836e8, 2.7908902161287737e8
1.5240783373116708e8, 2.8917021276507795e8
6.74530605493976e8, 1.0915057666954863e9
1.5036237457170123e8, 1.9707594146607056e8
2.3847256371471062e8, 3.515739762185109e8
1.763083380903026e8, 2.681548864164456e8
1.8044926583931887e8, 2.1961879479150295e8
1.5679670589121252e8, 2.5797328768187028e8
2.957545485328833e8, 3.365904813673764e8
1.4367286617475787e8, 2.2571302777521193e8
1.2660557520816757e8, 1.6994826322419912e8
5.048424753871391e8, 6.602708378149441e8
1.5739858148492432e8, 2.323257112508129e8
2.1011475141445473e8, 3.866447975703412e8
5.01918536700454e8, 5.885639849214923e8
5.1236807635201126e8, 6.178482297515383e8
1.901225347976445e8, 3.097425014689395e8
2.6147937328014907e8, 4.100451873479669e8
1.3009120541083711e8, 1.701926962238049e8
1.792157269375183e8, 4.0412174896905875e8
4.968299091804428e8, 5.572266175979062e8
1.2965123422658587e8, 1.7948729251566035e8
1.2874537757527122e8, 2.5243229693798187e8
1.4863636940919757e8, 2.74296715440307e8
1.265729969252958e8, 2.0010234285569006e8
2.6248142088738212e8, 3.5031034907755715e8
3.211578645627392e8, 5.143577094034731e8
4.38517690677463e8, 5.658305066357775e8
1.0965830269456118e8, 1.5968755688028723e8
1.3146368842415777e8, 1.854253128819196e8
1.215748151870262e8, 1.820539609596467e8
1.8912250515252945e8, 2.4154593346278626e8
1.3274574406380314e8, 1.8017986273037142e8
1.8146058896918833e8, 2.71630902229074e8
2.9618947106791776e8, 3.9020287136533916e8
1.3800801222776052e8, 2.0612052498635367e8
1.2306388120969492e8, 2.1293487776197565e8
8.11207044775055e7, 1.385871756931745e8
2.2217694113352352e8, 2.949991534568844e8
1.0420340841857387e8, 1.4080382849176553e8
1.1859446221838933e8, 1.6741158405456448e8
2.5910732878858078e8, 3.1034416093284816e8
8.503266576105088e7, 1.3203736660226236e8
1.0717696580790633e8, 3.429261788223806e8
1.3504497380357304e8, 1.947783731983643e8
1.0962680452298829e8, 1.9600905826821634e8
3.3281188521041876e8, 5.520536198305669e8
1.28234275718991e8, 2.0494172602807227e8
2.660946979966211e8, 3.347821905721784e8
1.404551730634463e8, 1.8541060283321643e8
1.7928496680461836e8, 3.2974407062965035e8
1.4923440455069295e8, 2.20918211272639e8
1.5102217918755835e8, 1.8635346376583415e8
3.34346021674593e8, 3.8588808383941627e8
1.1645887749166708e8, 2.111568438627394e8
8.884590156827202e7, 1.4698900593275148e8
1.5915415302619523e8, 2.5325695968777826e8
1.0666536973233348e8, 1.5543149813191828e8
1.340865917529363e8, 2.1555701392830253e8
1.2566181661491734e8, 1.5930047556954572e8
1.3070899748949379e8, 3.8571732931738913e8
7.912631856665261e7, 1.2943318951073565e8
9.545728135524563e7, 1.5464962692037302e8
1.7692042658291984e8, 2.5306830135281393e8
3.179558752700733e8, 4.125158380265405e8
2.333382097107524e8, 3.8315704890229535e8
1.2684190166486324e8, 2.1391231289306757e8
1.21645483525255e8, 2.3053681358795488e8
4.316514865258735e8, 4.8189194562974644e8
1.8722350338870573e8, 2.516642240187689e8
1.1907668113599236e8, 2.0721828987264875e8
1.378720614667793e8, 2.1929416167861316e8
2.2913619796170214e8, 3.5852024319140625e8
3.8410326040135795e8, 4.477236207114878e8
2.6433128741776472e8, 3.2417127957933533e8
1.6410988452210325e8, 2.890912073867336e8
1.5643029374739832e8, 2.6014217182919854e8
1.1731867747258294e8, 1.9089098697977653e8
1.1449169877234972e8, 2.0900337686992985e8
1.4560352621259084e8, 2.3568603580747437e8
1.5194598401359883e8, 2.5110728175701606e8
1.9551422984606206e8, 3.166037517029169e8
1.5653518414267784e8, 2.2438919260630333e8
2.958680370351798e8, 3.9747402589108276e8
3.526431281707096e8, 4.281412773229636e8
1.4414435234423748e8, 2.1457156092823088e8
1.5596935068747112e8, 2.1377860798915857e8
1.416735262837116e8, 1.8162384612426275e8
3.034893517341172e8, 5.061139831504332e8
2.714704427937726e8, 3.386498701802815e8
3.022037135923726e8, 3.579359567098896e8
1.500536084588167e8, 2.5673326402842268e8
1.345214197642376e8, 4.0995604332436484e8
1.568333110240712e8, 2.8195790306301403e8
1.0856601249300063e8, 2.8821167003993446e8
1.0904643502073511e8, 1.8313367048892754e8
1.6009891287493342e8, 3.1950809075915176e8
4.9350841593964684e8, 6.990730505254548e8
1.4329496006405833e8, 2.32775126750588e8
1.6074164612080482e8, 2.2712108834830981e8
8.676687243300638e7, 1.5831229250113827e8
2.753265955304855e8, 4.131108640249692e8
1.4099644935267368e8, 1.9482367720699304e8
1.466132419644976e8, 2.36871004333129e8
3.2438296693813103e8, 3.92078812759825e8
1.3799998059813005e8, 3.3199483355994266e8
1.864603368853564e8, 3.315769962769531e8
1.418791503188267e8, 2.4098654057052827e8
1.2814288623351307e8, 1.912077276554065e8
1.623611716792126e8, 2.6283840350591737e8
1.6988914873836294e8, 3.072491334013289e8
1.670363268098486e8, 2.3676036301542118e8
3.3806468738343173e8, 4.321418376132618e8
1.5039228793118465e8, 2.05371130290022e8
1.3105752039165385e8, 1.821212673846212e8
1.1083087473769097e8, 1.6512802743843633e8
1.7376280994337705e8, 3.480787819379858e8
1.5090147774512714e8, 2.0770995291299903e8
1.1620856009759772e8, 1.8574838423960894e8
1.0754697143292585e8, 1.848348612819149e8
2.9509598813168037e8, 3.85513925355792e8
1.7805910204845956e8, 2.3285595155205068e8
1.4189423757710692e8, 2.219580108300922e8
1.6667801482282293e8, 2.477820290587164e8
1.588919984435694e8, 2.62157406827246e8
1.2731988156225851e8, 2.0033489989220297e8
1.1751160363112944e8, 1.8924864303620237e8
2.3373804038887525e8, 3.9504025384700453e8
1.9526981522855687e8, 3.2211870534711033e8
1.633070749650467e8, 2.5899662265182665e8
1.081571281474778e8, 1.5089160052768853e8
9.644658757234272e7, 1.5315714590498054e8
2.0067010061519435e8, 3.420139578631959e8
1.4138292126458067e8, 1.744316594797214e8
1.6720839547463402e8, 2.870402951472454e8
1.5209879728226927e8, 2.1247612601420596e8
8.775899075941762e7, 1.4479800810694852e8
1.521585442521773e8, 2.2040749010757127e8
1.3456356719191274e8, 2.192992799918269e8
1.0307212568227689e8, 1.8131781498928365e8
1.4895011246499115e8, 2.0428836639054483e8
1.9939231369902784e8, 2.6321824438330323e8
3.3454418689116955e8, 4.078925201756966e8
1.2679699446887778e8, 2.2117965130444416e8
5.858053736499262e8, 6.491682931407611e8
1.4254038271777713e8, 2.6257813196984094e8
1.5615602525853905e8, 7.32149984454449e8
1.2335264647289748e8, 1.626776206298743e8
1.0224138955979396e8, 1.6971258951063177e8
1.2372731360316259e8, 1.8947842507976347e8
1.1583255285208538e8, 2.9724891354816526e8
1.19024616077608e8, 3.159153238925871e8
9.333599940415864e7, 3.644032642342428e8
1.7659194459813425e8, 2.3716679253293025e8
1.1682087394931763e8, 1.7325618726895425e8
1.6047050146003863e8, 2.357558352496219e8
2.6242686619815415e8, 3.439660051834013e8
2.2149323408113897e8, 4.103168337470825e8
1.6409949671638212e8, 2.4137017817221293e8
1.2658297012815163e8, 2.005987781068829e8
1.7772819537033716e8, 2.564094491374823e8
1.7974635907571724e8, 2.6591230607522875e8
1.024651944931289e8, 1.9115295264126712e8
9.966233357521257e7, 2.03246853341803e8
2.132432145234411e8, 2.792538956785868e8
2.413016781803518e8, 3.159006640566167e8
1.2311275948919551e8, 2.2615026920201668e8
4.242524478658784e8, 5.154312784098708e8
1.5733298342283294e8, 2.410119071611532e8
1.6317444492539567e8, 7.715927098510239e8
9.287156840568186e7, 1.563410910759688e8
1.730983538449287e8, 2.575422906215502e8
2.1985388637980947e8, 2.6484122967543095e8
1.4145293536354616e8, 1.9972871239181527e8
5.1323575695547104e8, 5.657417728995093e8
1.5284150479560035e8, 4.418103097261939e8
1.346080359134725e8, 4.713028867305206e8
1.4292980916697535e8, 2.1256068134084827e8
9.43899630146602e7, 1.3845656418440893e8
1.3363879259393528e8, 1.9602684730663076e8
3.305454030174256e8, 4.038874174979678e8
1.865989063174115e8, 2.2319098118147895e8
1.2088206369893107e8, 1.8643961795057583e8
5.0099371842529917e8, 6.654718827644238e8
2.5021922929305333e8, 3.026249157189356e8
1.5002560839181414e8, 1.931835399910524e8
1.0170833842731641e8, 1.7757045090941048e8
5.571282764968985e8, 6.592866720820204e8
3.726540234243765e8, 4.476224040880529e8
1.2945927097951332e8, 1.9345003964723435e8
3.814763686024407e8, 4.7361909695116055e8
1.2848922267209397e8, 1.9576481926815435e8
1.5053488664509994e8, 2.802211156323195e8
1.8633026783083883e8, 4.627813522675262e8
1.8309006574966767e8, 2.4932040040601817e8
1.2993911899637164e8, 2.0465596736237133e8
1.8418359511511934e8, 2.5077705408868816e8
1.4493053838587862e8, 2.1212509028323418e8
1.6941110893845546e8, 2.5985702814431697e8
1.571005417866745e8, 4.176965469769987e8
1.3653040992951116e8, 1.854871956057194e8
1.1647853135682416e8, 2.0922091926208696e8
1.6201344008487982e8, 2.0189717812902012e8
1.5239444626139283e8, 3.2244006737989295e8
1.3306391789405845e8, 2.277439273668086e8
2.9000846322729844e8, 4.149638032386391e8
1.8308945076876935e8, 2.6788014524963433e8
1.6082425710888833e8, 2.0423560704199538e8
3.0871988340577334e8, 3.8459828959625804e8
1.3941827095626563e8, 2.183403577803273e8
1.6075248629456246e8, 2.4754570232139596e8
1.6745075288260755e8, 4.0335888890982413e8
1.6573841043867517e8, 4.991164235732961e8
8.927384321087094e7, 1.6693961308351865e8
2.248897794502968e8, 2.6689135540693682e8
3.1454170559760743e8, 5.131698482315218e8
1.6812409358696076e8, 2.134279607700094e8
1.729434661409747e8, 4.1836312100524205e8
1.8736355905436096e8, 2.4207394912323344e8
1.664740192988382e8, 2.594704034480761e8
1.3859527847467735e8, 1.880794073913929e8
1.2921292840350169e8, 2.945208494134918e8
1.6871124365228456e8, 2.5643659058395234e8
2.945847749962638e8, 3.284648384471055e8
1.8821444374988034e8, 3.441100882892846e8
3.8791355251179147e8, 5.625771253499452e8
1.758462882807218e8, 2.3573738363550696e8
2.576498713565107e8, 3.4643867590186244e8
1.1434746965307553e8, 2.1279026031740656e8
1.2493625932103744e8, 2.773533855657608e8
8.743181008853592e7, 1.589663329628999e8
1.259894458780703e8, 3.032757272558817e8
1.6329824943127987e8, 2.7129364514423376e8
1.5863049929565614e8, 2.2775094974565253e8
1.1521407997512782e8, 2.1166859009342474e8
2.0413745037812504e8, 2.391977009288687e8
1.64728011357095e8, 2.2192121332862526e8
1.5206603026518103e8, 3.0646788921611804e8
1.2271806111565684e8, 2.2966705801004192e8
1.6771129685084116e8, 3.0986765539541405e8
1.0979772003469005e8, 2.6755276198850986e8
9.217227055033499e7, 1.207026816656456e8
1.4192580611397764e8, 2.2483761684759063e8
9.544611865107085e7, 1.5638719708539003e8
2.0463962267291528e8, 2.6273919138158643e8
2.5536957297306737e8, 3.074139237512092e8
1.7880064355977768e8, 2.8564914518572253e8
1.9681136087628278e8, 2.5757363473124537e8
1.6590038347275865e8, 2.2258211756321746e8
2.100015436472661e8, 2.7498958151344645e8
8.774416745382158e7, 1.6843604601334e8
1.8545982678134888e8, 3.141379824099647e8
1.568338218012481e8, 2.2436080931229484e8
3.1977799912905014e8, 6.397397724645659e8
9.224245048530711e7, 1.6817188694614482e8
1.0392822863720338e8, 1.5157963747423822e8
1.588087401253762e8, 2.530475031543413e8
4.6935658799473566e8, 5.142466486063069e8
1.6408881584994274e8, 5.983643699028542e8
1.5800483932069388e8, 2.2523157673857522e8
1.483742395923261e8, 2.0800855329161406e8
1.5023540954047355e8, 2.058714418063089e8
1.0408906044398664e8, 1.6454693801066965e8
1.5105298460235e8, 2.4682605843150696e8
3.1275726188529164e8, 3.788231659814494e8
4.82868585593628e8, 5.409452043526142e8
1.4194947286582637e8, 2.5274671214207706e8
1.8861195531897458e8, 2.4658959687087286e8
6.14966028668745e8, 8.734167485810423e8
1.1847163686585195e8, 2.0383508536222166e8
3.438413870393203e8, 4.522496171434749e8
2.1940373905291942e8, 3.193087320263897e8
1.1811067502923536e8, 4.2542933375375396e8
2.998741000047663e8, 4.3688931028280073e8
3.4643134742881984e8, 4.671931234669288e8
1.256815696107321e8, 1.9715664603356138e8
1.0389066555248392e8, 1.7541726770829907e8
2.4468118900490454e8, 3.326571390531212e8
2.1731515052182612e8, 2.7748447147490853e8
1.5635754398314285e8, 2.10796141654719e8
1.177693650561534e8, 1.9529396353317702e8
4.446745879037076e8, 4.944894133029064e8
3.8687611027995396e8, 4.790749902224173e8
4.579296193081577e8, 5.42316879035699e8
1.2232676813986388e8, 2.742554365598093e8
1.3516227639397883e8, 1.7943632495284656e8
4.051152570885194e8, 5.727804592448442e8
1.5834028808922237e8, 3.01741485289625e8
4.179034978120465e8, 7.167068602291871e8
1.5735350007149112e8, 2.6306883647625855e8
3.729615124564001e8, 5.21067127581828e8
1.2152687863179515e8, 1.9859796094307196e8
7.248184819723006e8, 7.821450964865696e8
6.722068100458887e7, 1.8786273778539172e8
1.80538185897788e8, 2.4986506497237214e8
3.491473604184448e8, 4.649510675470941e8
1.9425573515061456e8, 2.79759249988988e8
1.217413188084266e8, 1.8460484512200361e8
9.732765486102404e7, 1.921006395856235e8
1.6912428302698997e8, 2.6027675882765993e8
2.194259307293757e8, 2.729772166359646e8
2.9336073262833965e8, 3.67267985502585e8
1.5933489981073496e8, 2.174678774882742e8
1.2162562666782252e8, 1.8676158571777013e8
1.7397143636958688e8, 2.391462080769354e8
1.7856397224579504e8, 2.7869239786967385e8
3.024480926173005e8, 5.473637398655937e8
1.6223088601791254e8, 2.452432988766673e8
1.6104275229777598e8, 2.862885876848165e8
1.340919234112692e8, 1.9245615545969197e8
3.627435828585227e8, 4.4576377844539535e8
1.984082682749486e8, 2.5883135974532744e8
1.67084607487694e8, 3.271269139009465e8
2.0873656163188657e8, 2.9595077339989114e8
1.2960788947106037e8, 2.1581692087608808e8
3.0878925546439236e8, 6.921285811150109e8
2.07919850236125e8, 2.76213208726565e8
2.0694376335943386e8, 3.2587949313957983e8
3.176912079710363e8, 3.783109722614513e8
1.367227505778836e8, 1.7764408656067964e8
3.02952403894617e8, 5.497000504986602e8
1.1839905146589395e8, 1.5947167800705576e8
6.857233396335665e8, 8.053673078719829e8
1.6666142148654616e8, 2.1720247329528496e8
2.126887286015278e8, 3.665843686837706e8
1.4139380040380192e8, 2.673471084923012e8
1.6497149856296572e8, 2.4452698683699867e8
3.703494301342246e8, 4.4150868351071423e8
1.8197983278118542e8, 2.337893705911225e8
1.5407256879800907e8, 5.554088725060017e8
3.103337034518834e8, 4.675081357299801e8
3.084650324939374e8, 3.7042570536232525e8
1.071014293107286e8, 1.6553797178092182e8
1.5728286906462672e8, 2.1744280317766073e8
1.3428676599174082e8, 2.136125089915413e8
1.8107751187705013e8, 2.4979100106468695e8
1.3678880872698835e8, 2.247260652755351e8
1.78010063443191e8, 2.657226935387432e8
1.6183620783452225e8, 2.0806567570190033e8
2.0399712180278745e8, 3.07643526681392e8
1.2012134481572382e8, 2.2598579821286654e8
1.7697045511874592e8, 2.421475451393552e8
1.6597218429528564e8, 2.850572161205835e8
9.56075744719199e7, 2.3482074081009772e8
1.4642625989363858e8, 2.2932394766739962e8
1.447543868469411e8, 2.049681130068943e8
5.853295071315861e8, 7.021082348112724e8
1.493255651738144e8, 2.358776245097905e8
1.7531906302786484e8, 2.440944021014943e8
4.228322176411133e8, 6.111557250417687e8
1.7457081717880562e8, 2.62826871689778e8
1.3757260410104483e8, 2.055251121546597e8
2.5014711237560147e8, 2.993322976098349e8
1.776356596682283e8, 2.2650916907359698e8
1.0850825762444723e8, 1.5662473060401714e8
1.0833918486125948e8, 2.3893836554645547e8
1.8165693911463764e8, 2.702172760972588e8
1.454031487681742e8, 2.045636210821864e8
1.349227866485322e8, 1.80585441571718e8
1.2306304942869005e8, 1.9311994584070027e8
2.602719102398517e8, 3.5000461971006674e8
1.6489344924739707e8, 2.994907261019697e8
3.5006129405154115e8, 5.771385490787493e8
1.3797410808195272e8, 2.1543503302205318e8
1.2801730171554329e8, 5.554263347104794e8
2.308785374561528e8, 4.0624091966220963e8
3.5796819861105424e8, 4.654822351016323e8
1.8046111619012663e8, 2.9538943331249636e8
3.1515724101971775e8, 4.024638680833946e8
1.9204107358836168e8, 3.2653719393059295e8
1.388191825749819e8, 2.3368038958725077e8
3.861329281594264e8, 5.87671023507142e8
1.1455450601412003e8, 2.0729962801308966e8
1.823973511031001e8, 5.007920903042631e8
1.702526281568952e8, 2.218900127789002e8
1.8709518209207714e8, 2.3387465065853837e8
1.22160515374215e8, 1.857726182353782e8
2.139924178716836e8, 2.965480072562538e8
1.9726139876621643e8, 2.344522578728763e8
1.282164289739638e8, 1.663324066589895e8
1.6354206336654472e8, 2.170955287614841e8
1.736873815326188e8, 2.909384358764159e8
1.4493005609846532e8, 2.591562920505449e8
1.0182279041931134e8, 1.8630326543974748e8
1.2464406493389916e8, 1.9613771537273616e8
1.9576116609316936e8, 2.907663063281537e8
2.6593733220971814e8, 5.578732087124506e8
1.0642584370035186e8, 1.5450183452813312e8
1.2811930226253517e8, 5.1844227614958334e8
1.1644920601613086e8, 1.9599618349784756e8
1.7825431021689177e8, 2.55965909395535e8
2.346616096703418e8, 4.215151873018833e8
1.2303357100719975e8, 2.3187624970744634e8
1.2661700203902698e8, 1.5784995917255643e8
9.3161070791797e7, 1.944399712516116e8
1.3740971893469292e8, 2.2671806857730702e8
1.6866056902390066e8, 2.2924486341150624e8
2.18491774762869e8, 2.717942314771048e8
1.043784190307524e8, 1.6002571866123632e8
2.0830371029816246e8, 2.6920018633182883e8
1.4590365045120013e8, 2.731044759468943e8
1.5383536340328634e8, 2.8553105025851405e8
7.542870829021986e8, 8.76779792539431e8
1.453897679447872e8, 2.6518113209198293e8
1.5631426688007876e8, 2.7032154846044713e8
1.3864631526916996e8, 4.2373920365852183e8
2.6150469887551463e8, 3.203157953816212e8
3.3054931130719995e8, 3.9129222567344207e8
2.376841803190248e8, 3.21616794527204e8
1.0406400809046517e8, 1.4547711855716112e8
1.5048532102422792e8, 2.3829177710136387e8
1.5913274126824528e8, 2.2368587650765997e8
5.2642711271126324e8, 6.03029497814991e8
1.2769811781006607e8, 2.0833664843465674e8
1.1325939155743796e8, 2.122417652257151e8
1.6161224437142065e8, 3.871933491820346e8
3.0295503473486024e8, 4.057333684712453e8
1.2551410012996843e8, 2.164507982976912e8
1.8591901466598037e8, 2.775664527063149e8
1.1964282052633934e8, 1.8633407553025198e8
1.7445063959538063e8, 2.7499623024248314e8
1.1602654415860185e8, 4.461407197635877e8
1.8315670975038835e8, 2.870114840057356e8
1.9840436300467536e8, 2.8637880073030424e8
1.558783173189933e8, 3.522737946510619e8
1.3538871895597717e8, 2.1342149049980336e8
1.8752283330192152e8, 2.151627308789889e8
1.0536667653982721e8, 1.5133434008636156e8
1.2849544409418075e8, 1.6934165397295249e8
1.8714529758205152e8, 2.828405854206279e8
1.6940573860537896e8, 3.1380773101353645e8
1.2670151205641322e8, 2.2405751202086532e8
1.389382811806577e8, 1.8713721816420147e8
2.070549648506223e8, 2.6781215760200214e8
1.103535228686377e8, 2.6361173454533315e8
1.6930146458993822e8, 2.2024186283025736e8
1.1487935222691369e8, 1.5369412410803396e8
1.465627586706236e8, 2.035820694103973e8
1.6911809632266337e8, 2.2104911476541728e8
1.142845353904857e8, 1.7336950349540344e8
1.4393579479711425e8, 1.9571835439015695e8
1.125394665490433e8, 2.0149792660118955e8
1.2920035722164635e8, 1.9056037994111046e8
4.603001343154168e8, 5.2743841454587114e8
1.5031349044427627e8, 2.2483376011599037e8
2.436987876614851e8, 3.291134956956728e8
1.7388245768524724e8, 2.1828031077153233e8
1.5834716258816296e8, 2.2255819866551474e8
1.3241695375243984e8, 1.778716085008534e8
1.1639007138209666e8, 1.7128653823462734e8
1.734398162480527e8, 2.6327830989895588e8
1.0740028780152623e8, 1.5615798302790833e8
1.128097136847683e8, 2.4985363714696482e8
1.655113266530215e8, 2.9589969666335905e8
2.46670695874519e8, 3.224842777029609e8
1.395161600928001e8, 3.5556216803586173e8
2.297313539266951e8, 6.2116827906756e8
1.773815137324532e8, 2.607914650153122e8
1.7334078971691602e8, 2.8964398398516273e8
1.7368859499292836e8, 2.1625681400738695e8
2.256019304218588e8, 2.7066662202859074e8
1.632964988272339e8, 2.1743620429377833e8
1.378899631269588e8, 2.397627479810767e8
1.2974533896682388e8, 1.722105609068441e8
9.387376340559037e7, 1.52248550546529e8
1.677658434778228e8, 2.59812306457311e8
1.780364670409191e8, 2.8813925230255324e8
1.2235192581482366e8, 1.7061183349884546e8
1.4284654272702247e8, 2.5751016236160862e8
1.8050744706070563e8, 2.626067802935207e8
7.056292302278515e8, 8.295881636011446e8
2.1328868873298174e8, 3.0526323696294147e8
1.3036235938366485e8, 2.1717177877173808e8
1.675523137335279e8, 2.740295438146855e8
1.1565511756192394e8, 1.64040180413986e8
1.6334937261832008e8, 5.690024530120746e8
2.2041000754805154e8, 3.022988247802895e8
1.957904266651015e8, 2.6767978181245476e8
3.5462010705858177e8, 4.4930809772484875e8
2.2599476453378788e8, 4.488045684951353e8
1.6613502913528812e8, 3.473523532814976e8
1.8455816498164883e8, 2.5594208491605026e8
2.569912090214119e8, 3.886657010916576e8
4.1270983384009343e8, 4.664191159414286e8
2.7249454147651255e8, 3.842018162440523e8
2.4270893965583184e8, 3.213859699154894e8
1.9505954910652164e8, 3.190681362853037e8
1.4673703062176588e8, 1.8749064838131717e8
1.0315752518935004e8, 1.6337968352933183e8
9.61062939518882e7, 1.3141468491070169e8
2.1980676990141663e8, 2.746667257334245e8
1.8690733193149564e8, 3.024365941003304e8
1.39639392899366e8, 2.074504382720399e8
1.409783422441063e8, 1.7069307814132074e8
1.322931985177101e8, 2.7855511011677045e8
1.6411372582260123e8, 2.4383119371753922e8
1.4712733396865296e8, 2.1612895546030113e8
3.326919980020678e8, 4.226463199674425e8
1.7185618591647956e8, 2.1411842496025997e8
1.4636396959338504e8, 2.872295727077629e8
1.3534168543368697e8, 3.236601404395134e8
1.7816179253736508e8, 2.804597170505321e8
1.3546897444463545e8, 1.9783149077817115e8
3.04839014458465e8, 3.5792614230500984e8
1.6683879264509827e8, 2.516930847646096e8
1.1513020376792675e8, 1.8022519600177842e8
1.6304866826991415e8, 2.111069974203929e8
1.4724891570196268e8, 1.79127018019299e8
1.509578375810272e8, 2.514884961853642e8
1.8324022742563614e8, 2.3953220070393512e8
1.490154816876016e8, 2.1573185901359996e8
2.4305410516201073e8, 3.4395750859464073e8
1.9031552948573726e8, 2.737196377536924e8
1.3306377283294836e8, 2.0161185087869516e8
1.4599980882241675e8, 2.5828921501351848e8
1.3491793031153318e8, 2.4187515382499164e8
2.3697648807527196e8, 2.8658974632213897e8
1.3325262921206869e8, 2.0079093579690564e8
1.7952467127419147e8, 2.9389063701757574e8
1.3245411169523229e8, 3.699919076205353e8
1.4005022948091015e8, 2.548602352760077e8
2.209291100011643e8, 3.685730536313666e8
1.562745294373979e8, 2.182180562473919e8
1.280667690606488e8, 2.2609203569254053e8
2.690378180167556e8, 4.1616943775751793e8
2.2175651382203794e8, 4.644211092364207e8
5.828891062236971e8, 6.804701050957936e8
1.1993238788861974e8, 2.3238369970931938e8
1.2823987637728128e8, 2.1967173940991297e8
3.6692199203960466e8, 5.107240934574727e8
1.1051799184849155e8, 1.8483304114744923e8
1.5150193785272798e8, 2.0151744660234955e8
2.19588257132786e8, 2.894471898214583e8
7.612907533153208e7, 1.5323751701708904e8
1.3780575187823895e8, 2.003424571078696e8
1.447778680133402e8, 2.2909329250243112e8
1.2570005008746813e8, 1.7476499839353758e8
9.99446533182147e8, 1.0683715007026418e9
1.4650778637282225e8, 2.083425616935569e8
1.5064409945884532e8, 4.779236716176708e8
6.896968239863093e7, 1.404967280469905e8
2.218613168094396e8, 3.0353221284366405e8
9.772729897118978e7, 1.7776948168267378e8
1.4794419148035637e8, 1.974901205816464e8
1.0174105138918597e8, 3.5704297386714923e8
1.595375302861575e8, 2.5388523088431337e8
1.5020516635902843e8, 2.2125608301049608e8
2.260808038660259e8, 2.845802447150506e8
1.4215328210265502e8, 2.0058527331468835e8
1.3002822167081791e8, 2.2087034772573212e8
1.3671717140507784e8, 2.353443386331192e8
1.454722584536485e8, 2.4274044222593945e8
1.0914200942208405e8, 2.4450302038485223e8
4.1404867729221594e8, 5.31366321286262e8
1.843075945144933e8, 3.553906604008133e8
6.303768656350824e8, 7.34412237871424e8
2.311633411535427e8, 3.5664081820359707e8
3.3290110482406604e8, 4.5752461668729603e8
1.4981831716248563e8, 2.180047244742316e8
1.3619268343197837e8, 1.7679556433217838e8
4.571596143429857e8, 5.212263717264013e8
5.0001116610288125e8, 5.90553738120604e8
1.9331205852354106e8, 2.5375524107067898e8
1.424634182971418e8, 2.715471075292576e8
6.423650815595952e8, 8.139181547338222e8
1.1684474495807655e8, 2.0521901866326857e8
1.0690020511566971e8, 1.626686146103304e8
6.64733068731649e8, 7.70478213215591e8
6.064758498930415e8, 6.870856243674505e8
1.4973047649365023e8, 2.2751671247046563e8
2.346548542762046e8, 4.033845979163356e8
2.305254138950418e8, 2.9295938959022534e8
2.7938170002373534e8, 3.2763096877082634e8
1.1048225616767035e8, 2.2497520251643336e8
1.673429349850998e8, 3.0422895118802845e8
1.1436072554866354e8, 2.1459876287794885e8
9.962501468454018e8, 1.083445826052195e9
1.2672243996541508e8, 2.0854690870595467e8
2.1787276253352788e8, 3.248349376169834e8
2.866263587694882e8, 3.4178207074729913e8
1.4127211306351846e8, 2.901204077414756e8
1.6082636248186287e8, 2.0086104490419915e8
1.2640593135867049e8, 1.8765775587548858e8
1.7449379773902565e8, 2.478814607904125e8
4.2637243341237366e8, 5.1028129712664324e8
1.2786558268414916e8, 2.056585490208905e8
1.436517382411134e8, 1.990186391060426e8
1.7653234716194582e8, 2.3667131454179603e8
1.227483638208166e8, 1.9164827717450103e8
1.4248810381570452e8, 2.121333064300167e8
2.3529896837983844e8, 3.9449074149641055e8
1.204049804996709e8, 3.5203198998228925e8
1.375536863989873e8, 2.0744261615173855e8
1.1720756604345244e8, 1.7483530988976693e8
3.4740684428240913e8, 4.274671490178072e8
1.2016997752399288e8, 1.636950122050024e8
2.2814558246287602e8, 3.123075627076456e8
2.264500981333749e8, 2.9964982506793636e8
1.18411501560444e8, 1.8543390372273988e8
1.329507692357066e8, 2.2613981316554686e8
1.4888517224030057e8, 2.446080596566009e8
4.556905050521287e8, 5.393609782252376e8
4.228380751612115e8, 5.534175668255426e8
2.4239195016124433e8, 3.218206498509035e8
9.515786577081217e7, 2.1339258470931366e8
2.0233782683406857e8, 2.7039978503836334e8
1.5151730511466452e8, 2.374061576184443e8
1.9155636862314388e8, 2.3625471416182163e8
1.69079737978099e8, 2.693730974273835e8
1.358634109432872e8, 2.5664176103511643e8
1.0962707787020843e8, 2.4498569769323954e8
1.5616730688983285e8, 2.002111761537805e8
1.4543364075284827e8, 1.9663418069138405e8
1.8400635531971487e8, 2.6969334730919474e8
1.9907644616377276e8, 2.49034231310003e8
1.6601868591496474e8, 3.2459572015482765e8
2.2284585068058574e8, 2.828246449281568e8
2.2376787660793835e8, 2.7762229119653404e8
1.6047126581199563e8, 4.474634506346778e8
1.47419831079459e8, 2.215097003237562e8
1.9739869082361907e8, 3.290236065152174e8
9.130597569143786e7, 1.439956555410085e8
1.845954291694676e8, 3.4382777260218245e8
1.4088146910648206e8, 2.445027973234586e8
1.204790417367845e8, 1.658489165283342e8
1.1786559109127659e8, 1.6472164661604524e8
2.0484570568738365e8, 3.3156360609908813e8
2.0218135291442412e8, 3.7103725728815794e8
1.963068485401802e8, 2.797897696833575e8
1.3094878467579898e8, 3.596391656002675e8
1.636767201790004e8, 2.40916350094154e8
1.8708030845007312e8, 5.1797174756292135e8
1.787242551759991e8, 3.003843305806953e8
1.9565444071005112e8, 3.330590448607246e8
2.13004717193358e8, 3.3904073497484607e8
1.7586042201209715e8, 2.1829074152872407e8
1.4547967453780794e8, 2.6556954818161574e8
1.7283566933555502e8, 2.675790971908858e8
1.7431712583523878e8, 2.3046126728978e8
1.1321286376575011e8, 2.393946063726299e8
1.9518777576287103e8, 3.808745147377789e8
1.8119020453762573e8, 2.3109723820913956e8
1.7466137842519206e8, 2.3754392244549683e8
1.4527617511289698e8, 2.1961290149473637e8
1.2444603584289287e8, 2.0559964460086203e8
1.3734087898984587e8, 2.3436756852839398e8
1.2128304429154857e8, 2.1267143509521967e8
2.867485759791187e8, 3.3882176578701955e8
2.164407877149081e8, 2.746517554240738e8
2.388050619534574e8, 3.382015554424597e8
1.632706856404153e8, 3.3061712539087486e8
9.571701195907845e7, 1.523904731609473e8
1.2638565747686166e8, 1.8569938627654895e8
9.644688734920718e7, 1.3064040544850098e8
1.9934551972509634e8, 2.812890389980465e8
1.6405488869835457e8, 4.625738757384726e8
1.3962588098341706e8, 3.4753605321454024e8
1.516349251914526e8, 2.786917670479015e8
1.905546543488966e8, 2.730458445454724e8
3.951217340472076e8, 4.779431984508829e8
3.507199874296663e8, 5.1554985037861496e8
8.516332425851831e7, 3.093673578860944e8
1.3593444356478754e8, 2.1024701373998478e8
1.2601693773703678e8, 2.6439081588190907e8
1.3446043308609965e8, 1.939697645844015e8
1.5732001260428393e8, 2.70933006629849e8
1.407449755309664e8, 2.4965825719572657e8
5.080258875819159e8, 6.016554212407335e8
1.8886896415006635e8, 2.745837157894271e8
1.1136130311838455e8, 2.3820849437296748e8
8.62226030482446e7, 1.353637148114097e8
2.142573507290486e8, 2.846509981372938e8
1.3593724426171315e8, 2.0577837034675378e8
1.2408410403464104e8, 1.678319626779808e8
1.591070522925893e8, 2.4186583822827098e8
1.811104442913112e8, 3.606379327264678e8
1.9919215582684365e8, 4.146686824362287e8
1.581562071284214e8, 2.4096307420674986e8
9.365674514210616e7, 1.6225910948690346e8
1.268946110330124e8, 2.0313295229927006e8
1.6837923228609863e8, 3.233245289002853e8
1.3523074089121628e8, 2.569283175818654e8
1.1455663389757071e8, 1.5054674847646177e8
2.2942902150758904e8, 4.8227331625214547e8
1.4518304133582842e8, 2.754673596329989e8
1.8252320881324464e8, 4.501829639696809e8
1.2302801082145695e8, 3.120770245395484e8
1.4139117586574522e8, 2.611154407262897e8
1.1337092185869789e8, 1.542165105410358e8
1.316102686727832e8, 1.9182279434207943e8
3.372423736475658e8, 4.441127074211855e8
4.0682047335507435e8, 5.2940377335816675e8
1.5694494728405905e8, 2.43898824380809e8
1.0005369438925554e8, 3.575582543099714e8
1.5573667732492253e8, 2.615908537684547e8
1.3666335854135755e8, 2.6710957379586893e8
1.3242891050873493e8, 2.0099831950364274e8
1.1923474884204708e8, 1.635594306585274e8
1.3011972894877835e8, 2.4124875818308648e8
1.795251255186687e8, 2.603799501085168e8
1.96628258074934e8, 2.799622832155147e8
1.838193392771284e8, 3.0800231852789086e8
1.1450586278383498e8, 1.6979404690713754e8
1.9009137328847003e8, 2.3549585847628215e8
2.6345488089249378e8, 3.567149816781156e8
1.2126138184301573e8, 2.2121049028139985e8
1.9206478142486554e8, 2.7883915790355617e8
1.2070763020036346e8, 2.040508392180969e8
1.359190947526653e8, 2.688525794688715e8
4.1361928297438383e8, 5.829699013829888e8
1.3349965457426055e8, 2.1939232512034792e8
3.232935321068263e8, 3.981410920582668e8
1.6346612611043206e8, 2.3906757578543058e8
1.6585120661458656e8, 3.251211975543119e8
2.015357518707669e8, 2.777956119987852e8
1.215919385531823e8, 1.979090827083576e8
1.444452542418183e8, 2.943476099807506e8
3.0736235395195466e8, 3.8098832740858763e8
1.0039977979637334e8, 2.601106997614165e8
2.0119991957490122e8, 3.5512668938205457e8
1.2703318097271456e8, 2.1324803944219542e8
6.18853761399898e8, 6.920112503351464e8
2.878751051426113e8, 3.846652462550874e8
2.2696071666939822e8, 3.3776139275507194e8
1.4942388660679215e8, 2.7253367842904884e8
2.0994483333846352e8, 2.7738057836358654e8
1.5288298331365684e8, 2.428322265387566e8
1.1749883014966269e8, 1.9092974477388388e8
2.775315662634822e8, 3.37653818785878e8
2.4931688948491585e8, 3.058189349441296e8
2.2928026717671078e8, 3.5281912064755833e8
1.2096911540417218e8, 1.827268156482109e8
1.0090364704228136e8, 1.613245232187701e8
2.1933923838375664e8, 2.7330199132094556e8
1.4445183099594253e8, 2.3298423677176157e8
1.241792630331796e8, 2.1114790263510773e8
2.888072388256424e8, 3.593643911430772e8
3.122461191260656e8, 3.951590827139366e8
1.695190568861592e8, 2.4792067312973896e8
1.7722963981242114e8, 3.181368871856725e8
2.942135191791259e8, 3.733432626413326e8
1.3399091492471121e8, 2.2079600317534453e8
3.036372831662765e8, 3.773226620070938e8
4.0242075990664804e8, 4.8088471561577374e8
1.6995258867474595e8, 2.1621307569920564e8
1.9762749768380085e8, 3.9062831073317224e8
1.656328602891332e8, 2.1404647711608216e8
1.374263802304174e8, 2.2268817077281466e8
1.1312950384208785e8, 2.119946343628294e8
1.414629080748644e8, 2.2560966308162206e8
1.3080603535677817e8, 2.002363959077346e8
1.3477418941069862e8, 2.1444768799232194e8
1.2557421708841431e8, 1.8416284585041204e8
1.1439788533369547e8, 2.020840667529053e8
2.9576302101141095e8, 3.572037849742783e8
1.0778517739393608e8, 1.575089588826973e8
2.2003750110362166e8, 3.0960575901152706e8
1.749954225308443e8, 2.8859533487672967e8
2.2365058660775912e8, 4.444113928459146e8
9.80894708468906e7, 1.750220417713337e8
9.746105017426077e7, 1.587609508404763e8
1.3240260243755974e8, 2.08303781090217e8
3.5457841110685873e8, 5.873170937702167e8
1.2950947657354213e8, 1.947740079254093e8
1.9471401900298375e8, 2.614336476622567e8
1.6231791146416435e8, 2.0617926951854524e8
2.9714226118195295e8, 5.683303647932942e8
2.0436215123068604e8, 2.6567127307244852e8
1.2668403074093501e8, 3.4281358984685093e8
6.336039452967485e8, 8.76099277091274e8
2.2245959467655882e8, 3.0690277436533636e8
1.0632335311043318e8, 2.2957834860279265e8
1.0360410932302065e8, 1.6742086954634905e8
1.518354460331237e8, 2.4348577443535554e8
1.0587359617672934e8, 1.6861480325499678e8
4.394016562674331e8, 5.507185422868315e8
1.5968436917495558e8, 2.2364692760134977e8
1.4005748133629712e8, 2.448773202771823e8
4.2185022914302117e8, 5.355393843949208e8
1.323925098978824e8, 2.398606401027523e8
1.1449817887994719e8, 1.7412689185454035e8
1.582802724973105e8, 3.588887651317916e8
1.9346956680725935e8, 2.7615139490710604e8
1.2107330405663824e8, 1.8303662480518308e8
1.2000488053074525e8, 2.0121802569682387e8
4.4376690680037594e8, 8.418329815136124e8
1.0089457615904036e8, 1.638266768479495e8
1.1727369887458804e8, 1.7066689681539226e8
1.67722944803995e8, 2.4702446568809822e8
1.4158031537185475e8, 2.030801435456183e8
1.5403175341239548e8, 2.1451473963992706e8
2.237215726311913e8, 3.0797523849359447e8
1.7518306311904636e8, 2.21170079300989e8
1.1768172547665021e8, 1.8295709657366395e8
1.5168633660131994e8, 2.3492739456126544e8
1.98470151152558e8, 3.5744403338017815e8
1.3694123250449446e8, 2.033951514973726e8
1.777231155853717e8, 2.252579346040199e8
1.5090903286069578e8, 1.8737832162590727e8
2.3630178016171646e8, 3.0106835925665885e8
9.83597388442609e7, 1.9551085104989958e8
1.9805819174484473e8, 3.0501584990040356e8
1.6424022985047975e8, 2.44806160499032e8
3.073584727044498e8, 3.789053656540285e8
1.5168790380832326e8, 2.1516220861234424e8
1.2418082768330526e8, 1.7975171748158732e8
1.8416955031474912e8, 2.5243369814306203e8
1.0454776597732866e8, 1.724815183828952e8
1.9424245630737564e8, 2.3470498200199232e8
1.5699862692897314e8, 2.0126808280690107e8
4.44104940459186e8, 5.430912652139133e8
1.6985187244193858e8, 1.9757977231928775e8
1.4459821379561484e8, 2.1363767833437496e8
4.648641151893377e8, 6.493016426655704e8
2.5570411006562507e8, 3.4414724426393795e8
1.7400333231641406e8, 2.8244468799269783e8
1.4254516285748047e8, 2.870499717585906e8
1.3500957725632083e8, 1.8807703015335408e8
1.3979882994728723e8, 2.161913621664485e8
1.7975367187538105e8, 2.3737058714757907e8
5.588747063675689e8, 7.864708215408332e8
1.377512587328006e8, 2.080221947566199e8
1.1822342858397634e8, 1.926459426974081e8
3.113773741227096e8, 4.176305257719729e8
1.8153108223132613e8, 2.5904859528272521e8
1.6774501486172488e8, 4.705785157365957e8
1.3720449142166913e8, 1.8874624354490092e8
1.6466172131788552e8, 2.145864742341951e8
1.592313910492024e8, 2.6077145529804623e8
1.6771388451568997e8, 2.3372813921879238e8
4.6283096312986845e8, 5.338768794220041e8
4.9585329308156866e8, 6.180223257808038e8
2.563404075058847e8, 3.316830642382875e8
1.6993957594369853e8, 3.169105500516409e8
1.3308373378632674e8, 3.142744329238388e8
1.6757744049060982e8, 2.191145799647278e8
1.6795236500336143e8, 2.1925573737661847e8
1.3264102421069452e8, 2.0654415688912797e8
1.3644551425835153e8, 1.9192172838814363e8
1.4114797619198596e8, 1.9670837501373872e8
1.493340589917633e8, 2.5751362129363987e8
1.3410995136589476e8, 3.437537231249938e8
3.0912162792398375e8, 4.320372004418483e8
2.1018194992884225e8, 2.708605436029519e8
4.849647028050786e8, 5.78406455185289e8
6.00394539997165e8, 7.439956128764703e8
8.746036021196076e7, 1.3713099532132933e8
1.4685608761695915e8, 2.166428779054615e8
1.8369775039869356e8, 2.2849334439772177e8
1.1721941214207138e8, 2.369203846555663e8
1.3388964014951329e8, 2.7158746274279207e8
1.4573111363908705e8, 2.11421172785873e8
1.1140532219348311e8, 1.782314680535716e8
1.6205413992064255e8, 2.058202706426809e8
3.441168497417579e8, 4.0695542834520364e8
3.352423126682817e8, 4.316730145852428e8
4.3409083454394764e8, 5.020607157775117e8
1.7752082542842597e8, 2.4333863883684683e8
1.515127673536732e8, 2.1316253139147782e8
1.6289981862578332e8, 5.241625762759519e8
2.1863975134966642e8, 3.180555550597535e8
2.6735065420419055e8, 3.247778429121276e8
3.2943109281441724e8, 3.8520459671578497e8
2.3095235595613328e8, 2.748420166854828e8
1.5623177406591636e8, 2.0628546546774212e8
1.3469706358646435e8, 1.8041242612923518e8
1.1488398157320829e8, 2.0689703060398468e8
1.1587049026810771e8, 2.0762084650007617e8
1.1749112092760907e8, 2.1591207619818106e8
1.9436586426850167e8, 2.7633180200059706e8
1.055610801839139e8, 2.7650856829598564e8
1.4046624444728458e8, 1.7131698243299434e8
1.5428129069521046e8, 2.128090878934948e8
1.3641551722316542e8, 2.1719591624440998e8
5.092495939313722e8, 7.675396969281352e8
4.050253219372625e8, 6.609212081162792e8
1.8113055553223988e8, 4.1956722429332614e8
2.278090725002854e8, 3.2459479578659374e8
1.6345429418819922e8, 2.160428121180161e8
1.4823568173896542e8, 2.087582295006547e8
3.2388118930667806e8, 3.9069155224591196e8
4.2992196550948846e8, 5.372456406827592e8
1.5126700688807678e8, 2.8806593511758e8
1.2401375370855284e8, 1.644922960366681e8
6.399954778635254e8, 7.108197992305367e8
1.2807666422131215e8, 1.9904302543969572e8
1.1231842024063487e8, 1.9305866126890486e8
2.1883673618507123e8, 4.5398374715230435e8
1.5849774737808248e8, 2.7694220502783763e8
3.797533251447903e8, 4.824794919606657e8
1.0536446442538252e8, 1.5858444588040057e8
3.688676894258475e8, 5.079265355163204e8
2.240842235617169e8, 2.906787831975958e8
1.1725538946226466e8, 1.615831076259517e8
1.0796031394434313e8, 1.7912169252841726e8
2.265190528161187e8, 2.6943695333598745e8
1.083395285558131e8, 2.293336041355269e8
1.0224987855445768e8, 1.7251430177804896e8
1.1686405810433172e8, 1.697259430841649e8
1.7170298269428465e8, 2.3507734174392736e8
1.9218736799673203e8, 3.164627589192099e8
3.452543389651327e8, 4.2070516820668066e8
1.8756344546412382e8, 2.8043831186563987e8
1.819390176426817e8, 2.6566526670459354e8
2.7805181759725666e8, 3.444906100631534e8
1.8671780877611294e8, 2.690207021767849e8
1.492092384638462e8, 2.0893374029981542e8
3.8844987043044406e8, 4.150259957855415e8
3.447353590453604e8, 4.135216849681571e8
9.814074297364432e7, 1.9153776202297658e8
1.408460535501184e8, 2.716769759104751e8
9.565019175421302e7, 1.6095409464502794e8
1.0981333217744568e8, 2.6452342505483732e8
1.7574897043342325e8, 2.1906896598611665e8
1.3694986618014717e8, 2.38140187932445e8
2.5190753875479415e8, 3.443029355805403e8
1.5438059762884682e8, 2.0765937081704077e8
2.666495572347649e8, 3.273414776139804e8
1.0848378738107774e8, 2.1140552688749203e8
3.930738894103622e8, 4.601504224770138e8
4.6408873314566267e8, 5.1979103787908596e8
2.4942593606929576e8, 4.26796931154407e8
1.8959494680939513e8, 2.548428815012265e8
1.7888119264263073e8, 2.738501070611861e8
1.56370569956384e8, 1.945281076838191e8
1.5503757475074652e8, 2.6970564025033146e8
1.2657271691172868e8, 4.343921014831398e8
1.5059910212438396e8, 2.2819241717443267e8
1.2678899046674725e8, 4.712688792396479e8
2.7894004954614943e8, 3.4822192319492126e8
1.6410811504196936e8, 2.9856598978234994e8
1.6353019564385656e8, 2.3385150894240153e8
1.3152969556243102e8, 2.3380812263648182e8
1.0154057854907338e8, 1.839887716477893e8
9.521852105398903e8, 1.0162888339505943e9
5.689429181694328e8, 6.296367270876589e8
1.7589440364339232e8, 2.149979503435409e8
1.447803781592217e8, 1.964938059025047e8
1.2918304067679729e8, 1.8415486150368086e8
1.747110695814221e8, 3.715527169574134e8
1.0224380837247674e8, 1.6635932220476612e8
1.498484629289275e8, 2.0342148277297398e8
1.4148965734229726e8, 2.150644258238666e8
2.1327039726328412e8, 3.126158757910016e8
1.56576268803067e8, 2.8961712724818265e8
1.4652114320897853e8, 2.5235068185206914e8
1.7246194597331113e8, 2.3773400601291457e8
2.277086214513248e8, 3.247598390387629e8
1.6871979948966125e8, 3.860179701913674e8
1.5911741927589616e8, 2.8225788463031834e8
3.40794813656911e8, 7.606694655482248e8
2.8214200281533843e8, 5.497505900012853e8
2.1470334774651584e8, 4.459354710350662e8
1.3231751769118482e8, 2.2786782834661356e8
1.453363480548057e8, 2.1911813777006632e8
1.1459759766198559e8, 1.8246702363498122e8
2.6389986438395515e8, 3.264669970851777e8
1.0212070014642961e8, 1.91093529498273e8
1.5028977428952673e8, 1.94940037377065e8
5.469506002762194e8, 6.161926182495103e8
1.5132038276320207e8, 2.4769806343010917e8
1.0642078113660906e8, 1.9870313408001307e8
1.8650089639879352e8, 2.5376885337416127e8
1.1472863808902612e8, 1.9361816674525288e8
1.4205943590686095e8, 2.332327890727474e8
2.3036167309373826e8, 3.2174691839535534e8
1.4860964257984403e8, 2.04309804510961e8
2.3839697205621502e8, 3.622580162208168e8
5.0089293927743006e8, 6.058617944710263e8
1.1784524404545543e8, 1.7116765419547114e8
1.7605807020591974e8, 2.562985131748237e8
2.0773320741188258e8, 3.1082298927224755e8
5.3516003399501675e8, 7.650656519084347e8
1.4686923695580986e8, 2.4626667531331554e8
1.9058527124302942e8, 2.920564843709431e8
1.2523167333636917e8, 1.899500913949358e8
2.0038034352314478e8, 3.525339437606072e8
5.97498166312696e8, 6.485772240678961e8
8.22181154008135e8, 9.679934591241894e8
2.1653970738086712e8, 5.1173268069037163e8
1.840551630484917e8, 2.399764088764135e8
1.271369990435608e8, 2.3339246972811747e8
1.1305871082917842e8, 1.8499684847890243e8
2.0491078002073994e8, 2.912489010192043e8
1.2749630488876005e8, 1.8062178673227662e8
1.5499502556510365e8, 3.833174181389364e8
1.8972835900174907e8, 3.180290529658598e8
1.7615157675086886e8, 2.4337014939873114e8
1.3996757861234307e8, 2.689854629972323e8
1.5426090829931083e8, 2.013098658136642e8
1.5574007219052643e8, 3.577403543414412e8
1.7121606451709613e8, 3.8817299139509183e8
1.527742545305165e8, 2.552991486960268e8
1.2869258485554504e8, 1.9396202328852308e8
1.57787115570724e8, 2.36124937050898e8
2.3231151008866605e8, 2.989042928244384e8
6.617585305362245e8, 7.378222402328129e8
2.748891806409431e8, 3.897468166140089e8
1.3675550209780893e8, 1.9655629763871157e8
1.871481349455058e8, 2.497795848427121e8
1.404336324572595e8, 2.389009472619542e8
2.830230191986648e8, 3.2220084874607253e8
1.9735802383209994e8, 3.107522541944866e8
6.218493889450401e8, 7.523263426430616e8
4.286073591563279e8, 5.445909243531752e8
1.6624538130836567e8, 2.4526392544120786e8
2.692956373376385e8, 5.409543745771506e8
1.5976563247974238e8, 2.2684436709178224e8
1.5552579274452075e8, 2.3030707111037883e8
1.3400666848979534e8, 2.2974832151159102e8
4.7574644830438167e8, 5.43692844023325e8
1.1407477800626633e8, 2.2355402447003263e8
1.1273931753658591e8, 2.3456669730414453e8
1.9482382632870796e8, 2.3427428354815704e8
2.60586553145002e8, 3.694346612442235e8
1.2206100010170142e8, 2.2454465022194502e8
1.1381456825019449e8, 1.621411192109884e8
1.3347968748265263e8, 3.2384519767109317e8
1.8782821968390435e8, 3.347053582716561e8
2.9240844933485824e8, 4.063681567294486e8
3.321015822986863e8, 3.9824678527837086e8
1.1866796165625234e8, 1.572442897415074e8
2.0228005888068488e8, 2.689488238194274e8
1.7625516252556777e8, 2.8670345427627635e8
1.2289632189324379e8, 1.8123799434566373e8
1.0378403187070857e8, 1.8222460046197236e8
1.3284808250562502e8, 1.8314030787181e8
1.5443579018983737e8, 1.9084750292729104e8
1.3400214029611903e8, 2.430574968722776e8
2.70731551046918e8, 3.33304917388732e8
1.441804015012038e8, 2.2130680972834137e8
1.1687621120795487e8, 1.5976712736730644e8
1.0529657879200055e8, 1.7651369404851422e8
1.5032652316337058e8, 2.0994526187402138e8
1.647224216863433e8, 2.646816625465301e8
1.2613399213286464e8, 1.6672926888813403e8
2.1852408256802776e8, 3.758204126043347e8
1.0259923855922683e8, 1.8446380143959355e8
5.0192213839519584e8, 6.819469342548604e8
1.4896240493239668e8, 2.08209198030298e8
1.4847875762799457e8, 2.867060424994273e8
1.3142485959567617e8, 2.2338023551522186e8
1.311756148530518e8, 2.2940021571375072e8
2.4450288496379036e8, 4.4079013334985304e8
1.3761860262649533e8, 2.0096086945453614e8
1.9386260781137735e8, 2.798029743130409e8
1.02774367512538e8, 1.7830755275537544e8
2.4870596379249716e8, 3.187785013496238e8
9.872169082578036e7, 1.6793514504395932e8
2.4834932187290752e8, 3.365280743247444e8
1.5004406298751205e8, 2.5016240466445723e8
1.3987028107039246e8, 2.0918113447981352e8
2.31653788992722e8, 5.549582283890989e8
1.637194117510951e8, 2.737130871706272e8
4.6483141758891875e8, 7.447487268122479e8
1.9923590485101196e8, 2.8513559434686357e8
1.724405974693963e8, 4.4063821023569226e8
2.493793091933535e8, 4.6270704424468863e8
1.803341379030729e8, 2.404669916410629e8
1.4087818065631622e8, 1.8865601105142793e8
2.2974909831376684e8, 2.790718724168209e8
2.0168191331346738e8, 2.906478902029114e8
8.824998268724224e7, 1.7319638100402293e8
2.1964478476671594e8, 2.756189045293538e8
8.356316696783423e7, 1.7911399612447745e8
1.5067526574655515e8, 2.371207210126051e8
2.102349725000654e8, 3.3762441563707477e8
2.0869500677606788e8, 2.981650153320194e8
1.998291194621258e8, 2.6803261216769752e8
1.544030997497579e8, 3.372009926189325e8
1.2163695386627528e8, 2.3290935120423022e8
1.946037644850857e8, 2.610349135344096e8
1.7230796226616007e8, 2.3567442680835295e8
2.757282816695608e8, 3.593914422461479e8
1.673911087585635e8, 2.639300470892813e8
1.9091424809818378e8, 3.0899856957444835e8
2.0436550172517914e8, 3.946298436003951e8
2.163503520973134e8, 3.1250301592725396e8
2.189625033783954e8, 3.0566939874894214e8
6.338610331521497e8, 9.447156028879722e8
1.2312605028285931e8, 1.7074766099830586e8
1.713968636943093e8, 2.905738856754857e8
1.3897188572620377e8, 2.691839192261169e8
1.0677092797487558e8, 1.4197609158218202e8
1.464018299376346e8, 1.933975845937237e8
1.7100061020983446e8, 2.864662548553478e8
7.82008662243889e7, 1.3120093137457529e8
2.905880520123618e8, 3.4653403814237994e8
1.8164211575618684e8, 2.2568489844079325e8
3.4620080763750404e8, 3.9567500139318836e8
1.7997275111582297e8, 2.988085845217163e8
1.3976039901119208e8, 2.14016273851975e8
1.8428167276780048e8, 2.3711198582934386e8
1.420259674046724e8, 1.9266975737517595e8
1.9541822907487935e8, 2.6214710194462168e8
1.1326284927535635e8, 1.4706179682452387e8
1.2483960736072625e8, 6.019631474173816e8
1.2417656106865582e8, 2.1785407476942796e8
2.9681278042533195e8, 3.9426566445803016e8
2.0026659641919377e8, 3.98954534787714e8
4.1166688477097875e8, 4.899087522875159e8
1.4052314791311318e8, 2.516325539631404e8
1.1667236854570873e8, 1.812272247055021e8
1.3644242967623726e8, 2.5700770699140608e8
2.937280951779787e8, 3.6433404458198833e8
1.037988117563728e8, 1.6977397817222127e8
1.6658861775938427e8, 2.853884971261305e8
1.657186448278953e8, 3.1162954600246537e8
1.7619079508812517e8, 3.122128415547618e8
2.8472779650047004e8, 5.803013990550845e8
1.8465253954476643e8, 2.3650540735801977e8
2.1391045948634723e8, 2.770572689439292e8
2.8962631669826233e8, 3.8377272669069695e8
1.3413984326808316e8, 2.726317730601107e8
1.6181857833030695e8, 2.055701460414483e8
1.4369583944595474e8, 2.2390634309773868e8
1.8059429890528807e8, 2.703842500157258e8
1.8454948814529827e8, 3.0944548679659575e8
1.0274716686093318e8, 3.4285936598205894e8
1.405548165944733e8, 2.9150472235694003e8
1.1912828737860906e8, 4.94560329281175e8
2.4269844403514656e8, 3.008323527410652e8
1.2148382479279967e8, 3.3653774670739466e8
1.3302415140918e8, 2.833373299011412e8
1.1529719980524448e8, 1.8108393185342675e8
1.9373145023581898e8, 2.777892571137766e8
4.9235940733953744e8, 5.710724233004326e8
5.642714154458357e8, 6.844945119845344e8
1.7678292629020613e8, 2.4683733558209002e8
2.8796067220744455e8, 3.3973253715167004e8
3.096902303975411e8, 3.650924941174954e8
1.4659292520681736e8, 2.2094800307886723e8
4.6025342112562037e8, 6.049200902745732e8
1.3841017778504223e8, 2.3448099576948193e8
3.2445052931343e8, 3.895857153767396e8
1.4594534426020986e8, 2.1859626641520262e8
2.719225332297717e8, 3.568589207441009e8
1.467376603329621e8, 2.2790677110426003e8
2.4148613352705076e8, 2.914390635773524e8
1.6219044167993733e8, 2.2162033826566133e8
2.0006018670445287e8, 3.0580518723108906e8
9.046502655236857e7, 1.638013519729597e8
1.5099983872472927e8, 2.2069383879399908e8
3.8360549108356965e8, 4.890958810062724e8
6.817052164657536e8, 7.361147925066072e8
4.1341636836363184e8, 5.280261417592562e8
2.739157265776828e8, 3.732527122924255e8
4.5045990971664184e8, 7.783534733658178e8
1.8080273403444746e8, 3.291866590584702e8
1.3838835041729096e8, 2.0411199438145107e8
2.6578690314486605e8, 3.53376984606265e8
1.6928251998770484e8, 2.156566645740022e8
1.8292021381539294e8, 2.3841605190054363e8
2.820559788879847e8, 3.622097057807096e8
1.6041635108514437e8, 2.9499506597337043e8
1.5941905664859214e8, 3.9600427680357724e8
2.0491251854954055e8, 3.0363036410157686e8
1.3024606385562915e8, 3.256240221628373e8
2.4557275624299267e8, 3.4987089729254776e8
2.084864030604116e8, 2.6741219794966546e8
1.237771221159347e8, 1.9078089663773882e8
2.2699321672157726e8, 2.8092606693621284e8
2.8381563488124824e8, 4.462699773617982e8
1.4517112879570168e8, 2.0596770138034654e8
1.6817228045745042e8, 2.3733294008592486e8
2.6367251745974183e8, 3.5326364074854356e8
1.4188636731129885e8, 2.332333299678623e8
5.223305090858878e8, 8.103639257266597e8
1.3653783410819665e8, 2.2762679169409597e8
1.457716533592501e8, 2.741105440258569e8
1.7739490132990158e8, 2.4047982102380544e8
1.545980425912561e8, 2.3173629144023874e8
1.345429255344828e8, 1.8915256712149304e8
2.686037038493527e8, 3.409974056518246e8
1.5905414810894474e8, 2.2139995120981055e8
2.810583470968857e8, 3.3867605816453815e8
4.8549424006221956e8, 8.948629703697381e8
1.8087731052100626e8, 2.774620395572921e8
3.212569084459337e8, 3.790800808913878e8
1.5593331767892635e8, 2.783274605066089e8
1.1221927909924085e8, 2.772414524523964e8
8.456113275658326e8, 9.972441031585356e8
2.793012971745583e8, 3.6852783611760175e8
9.903970420826264e7, 1.7077066444110486e8
3.22080642504066e8, 5.453212058688799e8
1.875913560507113e8, 3.048868737155513e8
1.5921436646424502e8, 2.4020268690449408e8
4.839029051617185e8, 5.513174194945685e8
1.6497204612672287e8, 2.0954208206326646e8
2.6179084567677858e8, 3.583919816331249e8
2.0719070643980736e8, 2.845843181220891e8
1.215236487423479e8, 1.9315238359226534e8
1.4073308339908603e8, 1.8950780631477496e8
1.706725599631668e8, 2.266156511794724e8
1.706160493640133e8, 2.1432428212948963e8
1.6340562391582027e8, 5.2513056477312505e8
1.6744621882751077e8, 2.1979517846522385e8
4.950329541660292e8, 5.457688929312977e8
1.475020284630493e8, 2.2550400942521563e8
3.055066892203933e8, 4.1108865830810684e8
2.5486106914347053e8, 3.0166444424163735e8
1.0465811040156396e8, 1.6118205098408687e8
2.0275828647901228e8, 2.6675504165653282e8
1.3255872530151728e8, 2.0120567190731046e8
1.2457797013755532e8, 1.9045624831694227e8
1.5706538464544186e8, 2.243412469951103e8
1.0889752506535625e8, 1.7721837899192056e8
1.4883433711634704e8, 5.2857566634843063e8
1.1756249584522124e8, 1.9448131087906066e8
3.5768394145706755e8, 4.18433012967782e8
1.0221872786179005e8, 1.6637094293978176e8
1.2311152471048422e8, 2.3803150739116246e8
1.4156645122315556e8, 1.954968315420408e8
1.6610741398675945e8, 3.019867852277883e8
