(1,17490.65)
(2,23067.34)
(3,27777.62)
(4,29659.08)
(5,27576.54)
(6,23795.46)
(7,19558.03)
(8,15804.36)
(9,12044.27)
(10,8899.12)
(11,7933.68)
(12,9531.02)
(13,14628.74)
(14,20897.12)
(15,26990.97)
(16,30113.39)
(17,29983.3)
(18,27217.04)
(19,23407.08)
(20,19266.79)
(21,15164.04)
(22,10970.8)
(23,9170.84)
(24,10773.61)
(25,16552.35)
(26,24124.24)
(27,29483.52)
(28,32853.63)
(29,32337.41)
(30,29116.11)
(31,25152.2)
(32,20667.12)
(33,15911.1)
(34,11813.25)
(35,9627.08)
(36,11265.14)
(37,17707.17)
(38,24307.88)
(39,29421.62)
(40,32375.63)
(41,31273.23)
(42,28101.48)
(43,24242.98)
(44,19624.01)
(45,14546.04)
(46,10579.19)
(47,8410.42)
(48,10279.34)
(49,15643.64)
(50,21294.64)
(51,27148.86)
(52,30076.67)
(53,28570.93)
(54,25740.88)
(55,22099.49)
(56,17939.65)
(57,13779.07)
(58,10323.24)
(59,8263.24)
(60,10053.62)
(61,15617.09)
(62,22140.08)
(63,27991.6)
(64,31280.25)
(65,31125.29)
(66,28150.34)
(67,24244.56)
(68,19965.32)
(69,15553.4)
(70,11337.93)
(71,8998.47)
(72,10858.0)
(73,16779.58)
(74,22230.78)
(75,27734.48)
(76,30820.97)
(77,30147.72)
(78,27586.12)
(79,24015.11)
(80,19550.75)
(81,15190.5)
(82,11200.7)
(83,9052.04)
(84,10650.88)
(85,16625.08)
(86,22470.0)
(87,28985.25)
(88,32175.15)
(89,31424.24)
(90,28248.87)
(91,24270.47)
(92,19606.46)
(93,14877.83)
(94,10569.22)
(95,8311.03)
(96,9889.25)
(97,15139.83)
(98,21291.78)
(99,27243.34)
(100,30508.17)
(101,29745.85)
(102,27155.35)
(103,23473.67)
(104,18918.38)
(105,14318.91)
(106,10221.26)
(107,7915.54)
(108,9787.39)
(109,15627.33)
(110,21521.14)
(111,27752.61)
(112,31022.57)
(113,30415.15)
(114,27418.63)
(115,23629.58)
(116,19095.34)
(117,14157.37)
(118,9046.98)
(119,6271.92)
(120,4762.45)
###################
(1,11688.46)
(2,10414.58)
(3,9948.67)
(4,7819.01)
(5,2425.02)
(6,0.0)
(7,0.0)
(8,0.0)
(9,0.0)
(10,0.0)
(11,0.0)
(12,0.0)
(13,0.0)
(14,1669.02)
(15,4191.09)
(16,3438.49)
(17,5828.48)
(18,3012.37)
(19,3005.17)
(20,353.63)
(21,0.0)
(22,0.0)
(23,0.0)
(24,0.0)
(25,394.0)
(26,4807.1)
(27,7689.67)
(28,10904.83)
(29,9551.95)
(30,6653.15)
(31,2488.8)
(32,1249.6)
(33,0.0)
(34,0.0)
(35,0.0)
(36,0.0)
(37,3201.57)
(38,6834.91)
(39,9051.68)
(40,8500.83)
(41,8192.57)
(42,4048.9)
(43,2559.47)
(44,197.25)
(45,0.0)
(46,0.0)
(47,0.0)
(48,0.0)
(49,225.56)
(50,1182.45)
(51,3141.28)
(52,3417.53)
(53,2386.49)
(54,1574.41)
(55,682.29)
(56,245.58)
(57,0.0)
(58,0.0)
(59,0.0)
(60,0.0)
(61,390.9)
(62,3545.82)
(63,3544.93)
(64,3247.28)
(65,4750.25)
(66,2255.19)
(67,1568.79)
(68,464.35)
(69,0.0)
(70,0.0)
(71,0.0)
(72,0.0)
(73,774.41)
(74,3328.27)
(75,2436.2)
(76,3460.67)
(77,4008.26)
(78,4045.66)
(79,2883.99)
(80,0.0)
(81,0.0)
(82,0.0)
(83,0.0)
(84,0.0)
(85,511.35)
(86,4324.41)
(87,9233.21)
(88,12135.54)
(89,12541.13)
(90,8985.28)
(91,6937.15)
(92,2213.62)
(93,902.12)
(94,0.0)
(95,0.0)
(96,0.0)
(97,390.9)
(98,2544.92)
(99,5395.54)
(100,8970.88)
(101,6866.27)
(102,7074.42)
(103,3298.43)
(104,1317.66)
(105,220.82)
(106,0.0)
(107,0.0)
(108,0.0)
(109,511.35)
(110,5255.06)
(111,8821.35)
(112,11485.62)
(113,9050.67)
(114,9714.58)
(115,5422.18)
(116,3190.57)
(117,668.94)
(118,0.0)
(119,0.0)
(120,0.0)
###################
(1,23038.57)
(2,40188.56)
(3,51806.1)
(4,51806.1)
(5,51806.1)
(6,50521.15)
(7,47875.88)
(8,44944.9)
(9,40354.22)
(10,35515.32)
(11,35927.51)
(12,36556.72)
(13,45154.41)
(14,51720.0)
(15,51806.1)
(16,51806.1)
(17,51806.1)
(18,50521.15)
(19,47141.86)
(20,42753.48)
(21,37849.31)
(22,33022.03)
(23,30439.24)
(24,33913.06)
(25,42511.54)
(26,50958.86)
(27,51806.1)
(28,51806.1)
(29,51806.1)
(30,50521.15)
(31,47141.86)
(32,42753.48)
(33,38894.05)
(34,33802.29)
(35,34085.16)
(36,36492.18)
(37,46474.16)
(38,51806.1)
(39,51806.1)
(40,51806.1)
(41,51806.1)
(42,50527.98)
(43,47141.86)
(44,42753.48)
(45,38029.29)
(46,33753.27)
(47,34972.95)
(48,36801.53)
(49,46677.82)
(50,51806.1)
(51,51806.1)
(52,51806.1)
(53,51806.1)
(54,50521.15)
(55,47141.86)
(56,42753.48)
(57,38029.29)
(58,33753.27)
(59,31564.79)
(60,34144.37)
(61,44430.46)
(62,51806.1)
(63,51806.1)
(64,51806.1)
(65,51806.1)
(66,50521.15)
(67,47141.86)
(68,42753.48)
(69,37849.31)
(70,33900.19)
(71,34620.43)
(72,36492.18)
(73,46591.59)
(74,51720.0)
(75,51806.1)
(76,51806.1)
(77,51806.1)
(78,50424.78)
(79,47141.86)
(80,42241.28)
(81,37778.66)
(82,33753.27)
(83,34254.99)
(84,36492.18)
(85,47310.02)
(86,51806.1)
(87,51806.1)
(88,51806.1)
(89,51806.1)
(90,50521.15)
(91,47141.86)
(92,42753.48)
(93,37619.69)
(94,32792.41)
(95,30209.61)
(96,35470.39)
(97,43890.42)
(98,50206.32)
(99,51806.1)
(100,51806.1)
(101,51806.1)
(102,50109.8)
(103,46789.46)
(104,42189.54)
(105,36842.58)
(106,32016.31)
(107,29894.87)
(108,35470.39)
(109,43890.42)
(110,50023.24)
(111,51806.1)
(112,51806.1)
(113,51806.1)
(114,49690.88)
(115,45982.82)
(116,41376.8)
(117,36177.62)
(118,31108.49)
(119,30227.24)
(120,28323.38)
###################
