(1,0.0)
(2,1695.65)
(3,1062.38)
(4,737.67)
(5,1522.01)
(6,2081.85)
(7,2746.91)
(8,3345.67)
(9,3841.82)
(10,6199.8)
(11,5596.55)
(12,5450.39)
(13,5422.36)
(14,5573.98)
(15,3571.85)
(16,2420.92)
(17,2687.95)
(18,3659.32)
(19,4021.9)
(20,4180.28)
(21,5468.09)
(22,7940.88)
(23,8052.43)
(24,7824.63)
(25,6540.8)
(26,5619.06)
(27,3599.96)
(28,2659.57)
(29,3140.21)
(30,3930.37)
(31,4193.74)
(32,4299.83)
(33,4711.83)
(34,5453.56)
(35,5291.43)
(36,4390.02)
(37,4002.7)
(38,3880.03)
(39,3034.25)
(40,1846.1)
(41,2433.09)
(42,3296.61)
(43,3673.38)
(44,3969.36)
(45,5174.93)
(46,7210.9)
(47,8423.18)
(48,7581.12)
(49,7727.87)
(50,6984.8)
(51,4849.62)
(52,3024.96)
(53,3904.77)
(54,4415.83)
(55,4513.41)
(56,4624.55)
(57,5466.9)
(58,6550.46)
(59,7069.47)
(60,6369.94)
(61,5811.04)
(62,5146.1)
(63,3889.99)
(64,3017.78)
(65,3335.26)
(66,3722.44)
(67,4520.19)
(68,4559.52)
(69,4997.8)
(70,6476.63)
(71,7066.97)
(72,5899.28)
(73,5665.04)
(74,5163.62)
(75,3663.53)
(76,2521.6)
(77,2694.66)
(78,3493.12)
(79,3495.37)
(80,3955.3)
(81,5017.15)
(82,7950.99)
(83,8061.73)
(84,7032.76)
(85,6843.01)
(86,7387.47)
(87,5719.31)
(88,3629.13)
(89,3378.51)
(90,3242.57)
(91,3670.91)
(92,3703.06)
(93,4106.87)
(94,4379.94)
(95,4170.62)
(96,4403.29)
(97,4600.29)
(98,4221.89)
(99,3034.96)
(100,2038.77)
(101,2657.06)
(102,3529.96)
(103,4280.84)
(104,4872.57)
(105,5594.18)
(106,7529.61)
(107,7680.86)
(108,6869.39)
(109,5767.78)
(110,6784.29)
(111,5171.7)
(112,3020.24)
(113,2842.95)
(114,3539.18)
(115,3961.16)
(116,4126.12)
(117,4923.44)
(118,6285.17)
(119,4989.2)
(120,3928.86)
###################
(1,0.0)
(2,0.0)
(3,0.0)
(4,0.0)
(5,0.0)
(6,0.0)
(7,0.0)
(8,0.0)
(9,0.0)
(10,0.0)
(11,0.0)
(12,0.0)
(13,0.0)
(14,0.0)
(15,0.0)
(16,0.0)
(17,0.0)
(18,0.0)
(19,0.0)
(20,0.0)
(21,0.0)
(22,0.0)
(23,0.0)
(24,0.0)
(25,0.0)
(26,0.0)
(27,0.0)
(28,0.0)
(29,0.0)
(30,0.0)
(31,0.0)
(32,0.0)
(33,0.0)
(34,0.0)
(35,0.0)
(36,0.0)
(37,0.0)
(38,0.0)
(39,0.0)
(40,0.0)
(41,0.0)
(42,0.0)
(43,0.0)
(44,0.0)
(45,0.0)
(46,0.0)
(47,0.0)
(48,0.0)
(49,0.0)
(50,0.0)
(51,0.0)
(52,0.0)
(53,0.0)
(54,0.0)
(55,0.0)
(56,0.0)
(57,0.0)
(58,0.0)
(59,0.0)
(60,0.0)
(61,0.0)
(62,0.0)
(63,0.0)
(64,0.0)
(65,0.0)
(66,0.0)
(67,0.0)
(68,0.0)
(69,0.0)
(70,0.0)
(71,0.0)
(72,0.0)
(73,0.0)
(74,0.0)
(75,0.0)
(76,0.0)
(77,0.0)
(78,0.0)
(79,0.0)
(80,0.0)
(81,0.0)
(82,0.0)
(83,0.0)
(84,0.0)
(85,0.0)
(86,0.0)
(87,0.0)
(88,0.0)
(89,0.0)
(90,0.0)
(91,0.0)
(92,0.0)
(93,0.0)
(94,0.0)
(95,0.0)
(96,0.0)
(97,0.0)
(98,0.0)
(99,0.0)
(100,0.0)
(101,0.0)
(102,0.0)
(103,0.0)
(104,0.0)
(105,0.0)
(106,0.0)
(107,0.0)
(108,0.0)
(109,0.0)
(110,0.0)
(111,0.0)
(112,0.0)
(113,0.0)
(114,0.0)
(115,0.0)
(116,0.0)
(117,0.0)
(118,0.0)
(119,0.0)
(120,0.0)
###################
(1,0.0)
(2,8253.21)
(3,7422.08)
(4,5548.59)
(5,11574.22)
(6,16183.44)
(7,19617.2)
(8,19617.2)
(9,19617.2)
(10,19617.2)
(11,19617.2)
(12,19617.2)
(13,19483.55)
(14,19617.2)
(15,16650.27)
(16,15010.62)
(17,17970.15)
(18,19617.2)
(19,19617.2)
(20,19617.2)
(21,19617.2)
(22,19617.2)
(23,19617.2)
(24,19617.2)
(25,19617.2)
(26,19617.2)
(27,17923.76)
(28,16858.26)
(29,19617.2)
(30,19617.2)
(31,19617.2)
(32,19617.2)
(33,19617.2)
(34,19617.2)
(35,19617.2)
(36,19617.2)
(37,17670.56)
(38,18357.8)
(39,16551.69)
(40,12155.06)
(41,17034.39)
(42,19617.2)
(43,19617.2)
(44,19617.2)
(45,19617.2)
(46,19617.2)
(47,19617.2)
(48,19617.2)
(49,19617.2)
(50,19617.2)
(51,18480.12)
(52,16677.9)
(53,19617.2)
(54,19617.2)
(55,19617.2)
(56,19617.2)
(57,19617.2)
(58,19617.2)
(59,19617.2)
(60,19617.2)
(61,19617.2)
(62,19617.2)
(63,18950.28)
(64,17023.79)
(65,19617.2)
(66,19617.2)
(67,19617.2)
(68,19617.2)
(69,19617.2)
(70,19617.2)
(71,19617.2)
(72,19617.2)
(73,19033.6)
(74,19392.18)
(75,17685.49)
(76,16062.08)
(77,17887.99)
(78,19617.2)
(79,19617.2)
(80,19617.2)
(81,19617.2)
(82,19617.2)
(83,19617.2)
(84,19617.2)
(85,19617.2)
(86,19617.2)
(87,19348.98)
(88,17124.89)
(89,19617.2)
(90,19617.2)
(91,19617.2)
(92,19617.2)
(93,19617.2)
(94,19617.2)
(95,18650.41)
(96,17862.65)
(97,16941.82)
(98,17670.88)
(99,15716.95)
(100,14028.73)
(101,19421.53)
(102,19617.2)
(103,19617.2)
(104,19617.2)
(105,19617.2)
(106,19617.2)
(107,19617.2)
(108,19617.2)
(109,16733.34)
(110,18503.95)
(111,16398.6)
(112,13088.19)
(113,16148.94)
(114,19617.2)
(115,19617.2)
(116,19617.2)
(117,19617.2)
(118,19617.2)
(119,19617.2)
(120,19617.2)
###################
