(1,21113.17)
(2,29886.12)
(3,37624.1)
(4,39775.97)
(5,38257.48)
(6,34421.69)
(7,29762.11)
(8,25021.56)
(9,20093.81)
(10,15389.75)
(11,13482.76)
(12,15728.6)
(13,22032.87)
(14,29133.94)
(15,34898.33)
(16,37380.15)
(17,36254.69)
(18,32910.08)
(19,28640.27)
(20,23710.43)
(21,18459.97)
(22,13415.96)
(23,10816.45)
(24,13127.68)
(25,19195.31)
(26,26210.93)
(27,32284.74)
(28,35451.85)
(29,34465.17)
(30,31039.11)
(31,26946.58)
(32,22426.83)
(33,17506.15)
(34,13108.54)
(35,10871.75)
(36,13203.77)
(37,18888.13)
(38,24605.42)
(39,31005.2)
(40,34213.32)
(41,33778.56)
(42,30663.75)
(43,26586.84)
(44,22242.39)
(45,17563.3)
(46,13468.62)
(47,11250.16)
(48,13447.21)
(49,18181.37)
(50,24284.83)
(51,30007.35)
(52,33376.15)
(53,33302.97)
(54,30531.63)
(55,26662.11)
(56,22521.56)
(57,18136.45)
(58,13554.42)
(59,11214.48)
(60,13372.6)
(61,19685.04)
(62,27015.54)
(63,32575.09)
(64,35362.31)
(65,34442.02)
(66,31146.4)
(67,26835.46)
(68,22209.22)
(69,17304.89)
(70,12800.47)
(71,10793.86)
(72,13354.67)
(73,19660.31)
(74,25913.43)
(75,31688.33)
(76,34444.76)
(77,33252.78)
(78,29696.95)
(79,25385.88)
(80,20767.52)
(81,16113.23)
(82,11710.03)
(83,9585.51)
(84,11823.14)
(85,16856.39)
(86,22334.08)
(87,28069.49)
(88,31079.55)
(89,30315.27)
(90,27359.24)
(91,23386.05)
(92,19091.22)
(93,14456.73)
(94,10159.64)
(95,7928.59)
(96,9616.71)
(97,15441.66)
(98,21618.49)
(99,27086.94)
(100,29620.55)
(101,28762.26)
(102,25513.33)
(103,21653.17)
(104,17472.21)
(105,12916.51)
(106,8801.2)
(107,6595.42)
(108,8206.49)
(109,13623.74)
(110,20623.56)
(111,26652.62)
(112,29842.15)
(113,29309.04)
(114,26350.9)
(115,22329.85)
(116,17860.97)
(117,12820.58)
(118,8042.86)
(119,4927.27)
(120,5243.28)
###################
(1,21113.17)
(2,21545.15)
(3,22020.5)
(4,20747.04)
(5,16937.13)
(6,11798.25)
(7,7392.82)
(8,3615.14)
(9,949.43)
(10,0.0)
(11,0.0)
(12,0.0)
(13,2536.78)
(14,7200.67)
(15,10932.5)
(16,12105.94)
(17,11737.79)
(18,8655.35)
(19,5579.42)
(20,2730.58)
(21,0.0)
(22,0.0)
(23,0.0)
(24,0.0)
(25,1379.82)
(26,4014.05)
(27,6452.88)
(28,8410.84)
(29,6530.66)
(30,3385.68)
(31,2302.99)
(32,1070.79)
(33,0.0)
(34,0.0)
(35,0.0)
(36,0.0)
(37,1110.82)
(38,2209.67)
(39,3910.15)
(40,5663.72)
(41,4662.75)
(42,2934.03)
(43,2103.66)
(44,14.39)
(45,0.0)
(46,0.0)
(47,0.0)
(48,0.0)
(49,190.44)
(50,2161.78)
(51,5156.94)
(52,6679.7)
(53,6955.28)
(54,6109.62)
(55,4124.1)
(56,2166.57)
(57,83.13)
(58,0.0)
(59,0.0)
(60,0.0)
(61,1437.22)
(62,3820.18)
(63,4593.33)
(64,5389.09)
(65,4388.74)
(66,2528.19)
(67,633.24)
(68,437.96)
(69,0.0)
(70,0.0)
(71,0.0)
(72,0.0)
(73,1189.62)
(74,3193.15)
(75,5316.98)
(76,6903.18)
(77,5801.79)
(78,4038.15)
(79,1254.25)
(80,127.05)
(81,0.0)
(82,0.0)
(83,0.0)
(84,0.0)
(85,23.5)
(86,1957.1)
(87,3051.59)
(88,4443.65)
(89,4173.67)
(90,3286.25)
(91,2080.6)
(92,1239.87)
(93,0.0)
(94,0.0)
(95,0.0)
(96,0.0)
(97,481.75)
(98,1275.91)
(99,2646.23)
(100,3794.49)
(101,4214.04)
(102,3053.68)
(103,1478.83)
(104,634.76)
(105,0.0)
(106,0.0)
(107,0.0)
(108,0.0)
(109,970.53)
(110,4212.22)
(111,6829.4)
(112,8481.28)
(113,7702.39)
(114,6530.27)
(115,5172.38)
(116,3648.25)
(117,1364.67)
(118,0.0)
(119,0.0)
(120,0.0)
###################
(1,21113.17)
(2,40028.32)
(3,51806.1)
(4,51806.1)
(5,51806.1)
(6,50538.32)
(7,47149.86)
(8,43142.23)
(9,38779.25)
(10,35330.85)
(11,34248.68)
(12,37771.66)
(13,47358.52)
(14,51806.1)
(15,51806.1)
(16,51806.1)
(17,51806.1)
(18,51279.33)
(19,48567.1)
(20,43839.32)
(21,38668.54)
(22,33464.4)
(23,31772.75)
(24,36802.29)
(25,44566.39)
(26,51806.1)
(27,51806.1)
(28,51806.1)
(29,51806.1)
(30,50177.16)
(31,46561.88)
(32,42169.07)
(33,37295.24)
(34,32613.62)
(35,30790.04)
(36,35689.83)
(37,43630.5)
(38,51806.1)
(39,51806.1)
(40,51806.1)
(41,51806.1)
(42,51257.05)
(43,47924.19)
(44,44220.57)
(45,39590.59)
(46,34604.09)
(47,32506.72)
(48,37425.24)
(49,45558.08)
(50,51806.1)
(51,51806.1)
(52,51806.1)
(53,51806.1)
(54,50674.11)
(55,47105.8)
(56,43135.56)
(57,38545.45)
(58,33817.73)
(59,32378.52)
(60,36822.54)
(61,45542.84)
(62,51806.1)
(63,51806.1)
(64,51806.1)
(65,51806.1)
(66,50606.69)
(67,47151.94)
(68,42775.12)
(69,37371.71)
(70,32671.17)
(71,31464.64)
(72,36717.01)
(73,46656.01)
(74,51806.1)
(75,51806.1)
(76,51806.1)
(77,51806.1)
(78,50138.96)
(79,46494.09)
(80,42072.69)
(81,36854.26)
(82,32023.11)
(83,30189.86)
(84,36245.04)
(85,43864.8)
(86,51046.28)
(87,51806.1)
(88,51806.1)
(89,51806.1)
(90,50016.04)
(91,46258.87)
(92,41651.11)
(93,36277.34)
(94,31156.67)
(95,28957.27)
(96,32671.48)
(97,41735.5)
(98,50776.98)
(99,51806.1)
(100,51806.1)
(101,51806.1)
(102,49258.35)
(103,45111.04)
(104,40242.25)
(105,34634.41)
(106,29326.38)
(107,27356.7)
(108,30087.65)
(109,37623.44)
(110,48191.94)
(111,51806.1)
(112,51806.1)
(113,51806.1)
(114,49369.57)
(115,45124.87)
(116,40111.14)
(117,34712.15)
(118,29170.75)
(119,25666.78)
(120,26637.39)
###################
