(1,0.0)
(2,2164.22)
(3,1332.27)
(4,1122.96)
(5,3003.9)
(6,4112.13)
(7,5362.77)
(8,5755.68)
(9,6090.78)
(10,9865.16)
(11,10471.09)
(12,10926.44)
(13,11027.39)
(14,12376.84)
(15,9510.48)
(16,6666.1)
(17,5765.98)
(18,6331.59)
(19,6336.68)
(20,7613.67)
(21,9014.31)
(22,12507.09)
(23,12066.73)
(24,11843.36)
(25,12225.52)
(26,11935.8)
(27,9637.25)
(28,7655.82)
(29,6834.95)
(30,6501.42)
(31,7152.72)
(32,7818.17)
(33,10052.92)
(34,12466.6)
(35,12061.43)
(36,11354.68)
(37,10773.45)
(38,8684.21)
(39,6674.12)
(40,5245.58)
(41,4833.63)
(42,5536.84)
(43,6230.87)
(44,6361.4)
(45,7850.1)
(46,10375.76)
(47,12612.81)
(48,13020.03)
(49,11824.76)
(50,10663.81)
(51,8465.21)
(52,6800.3)
(53,5923.49)
(54,5324.31)
(55,5260.2)
(56,5034.09)
(57,6619.99)
(58,10900.52)
(59,13289.48)
(60,12502.26)
(61,10969.66)
(62,10374.44)
(63,8865.07)
(64,7231.7)
(65,6395.59)
(66,6252.09)
(67,6377.35)
(68,6916.59)
(69,8372.2)
(70,10483.73)
(71,11815.21)
(72,10962.92)
(73,10587.67)
(74,9757.19)
(75,7727.99)
(76,6762.6)
(77,6149.31)
(78,7760.07)
(79,8365.42)
(80,8346.81)
(81,9377.62)
(82,11575.58)
(83,12742.51)
(84,12195.87)
(85,11231.77)
(86,10411.49)
(87,8107.06)
(88,5658.79)
(89,4531.07)
(90,4700.51)
(91,4956.12)
(92,4684.47)
(93,5686.82)
(94,7525.78)
(95,8743.17)
(96,9205.27)
(97,9577.62)
(98,9292.23)
(99,7695.18)
(100,5992.68)
(101,5380.09)
(102,6005.27)
(103,6100.61)
(104,6932.43)
(105,8997.63)
(106,11151.99)
(107,11652.26)
(108,11415.3)
(109,11155.9)
(110,11358.87)
(111,8986.01)
(112,6861.67)
(113,6507.06)
(114,7064.63)
(115,7711.75)
(116,7153.42)
(117,8236.99)
(118,9315.54)
(119,6750.9)
(120,4532.01)
###################
(1,0.0)
(2,0.0)
(3,0.0)
(4,0.0)
(5,0.0)
(6,0.0)
(7,0.0)
(8,0.0)
(9,0.0)
(10,0.0)
(11,0.0)
(12,0.0)
(13,0.0)
(14,0.0)
(15,0.0)
(16,0.0)
(17,0.0)
(18,0.0)
(19,0.0)
(20,0.0)
(21,0.0)
(22,0.0)
(23,0.0)
(24,0.0)
(25,0.0)
(26,0.0)
(27,0.0)
(28,0.0)
(29,0.0)
(30,0.0)
(31,0.0)
(32,0.0)
(33,0.0)
(34,0.0)
(35,0.0)
(36,0.0)
(37,0.0)
(38,0.0)
(39,0.0)
(40,0.0)
(41,0.0)
(42,0.0)
(43,0.0)
(44,0.0)
(45,0.0)
(46,0.0)
(47,0.0)
(48,0.0)
(49,0.0)
(50,0.0)
(51,0.0)
(52,0.0)
(53,0.0)
(54,0.0)
(55,0.0)
(56,0.0)
(57,0.0)
(58,0.0)
(59,0.0)
(60,0.0)
(61,0.0)
(62,0.0)
(63,0.0)
(64,0.0)
(65,0.0)
(66,0.0)
(67,0.0)
(68,0.0)
(69,0.0)
(70,0.0)
(71,0.0)
(72,0.0)
(73,0.0)
(74,0.0)
(75,0.0)
(76,0.0)
(77,0.0)
(78,0.0)
(79,0.0)
(80,0.0)
(81,0.0)
(82,0.0)
(83,0.0)
(84,0.0)
(85,0.0)
(86,0.0)
(87,0.0)
(88,0.0)
(89,0.0)
(90,0.0)
(91,0.0)
(92,0.0)
(93,0.0)
(94,0.0)
(95,0.0)
(96,0.0)
(97,0.0)
(98,0.0)
(99,0.0)
(100,0.0)
(101,0.0)
(102,0.0)
(103,0.0)
(104,0.0)
(105,0.0)
(106,0.0)
(107,0.0)
(108,0.0)
(109,0.0)
(110,0.0)
(111,0.0)
(112,0.0)
(113,0.0)
(114,0.0)
(115,0.0)
(116,0.0)
(117,0.0)
(118,0.0)
(119,0.0)
(120,0.0)
###################
(1,0.0)
(2,10380.94)
(3,8936.86)
(4,8576.72)
(5,15287.78)
(6,19617.2)
(7,19617.2)
(8,19617.2)
(9,19617.2)
(10,19617.2)
(11,19617.2)
(12,19617.2)
(13,19617.2)
(14,19617.2)
(15,19617.2)
(16,19617.2)
(17,19617.2)
(18,19617.2)
(19,19617.2)
(20,19617.2)
(21,19617.2)
(22,19617.2)
(23,19617.2)
(24,19617.2)
(25,19617.2)
(26,19617.2)
(27,19617.2)
(28,19617.2)
(29,19617.2)
(30,19617.2)
(31,19617.2)
(32,19617.2)
(33,19617.2)
(34,19617.2)
(35,19617.2)
(36,19617.2)
(37,19617.2)
(38,19617.2)
(39,19617.2)
(40,19617.2)
(41,19617.2)
(42,19617.2)
(43,19617.2)
(44,19617.2)
(45,19617.2)
(46,19617.2)
(47,19617.2)
(48,19617.2)
(49,19617.2)
(50,19617.2)
(51,19617.2)
(52,19617.2)
(53,19617.2)
(54,19617.2)
(55,19617.2)
(56,19617.2)
(57,19617.2)
(58,19617.2)
(59,19617.2)
(60,19617.2)
(61,19617.2)
(62,19617.2)
(63,19617.2)
(64,19617.2)
(65,19617.2)
(66,19617.2)
(67,19617.2)
(68,19617.2)
(69,19617.2)
(70,19617.2)
(71,19617.2)
(72,19617.2)
(73,19617.2)
(74,19617.2)
(75,19617.2)
(76,19617.2)
(77,19617.2)
(78,19617.2)
(79,19617.2)
(80,19617.2)
(81,19617.2)
(82,19617.2)
(83,19617.2)
(84,19617.2)
(85,19617.2)
(86,19617.2)
(87,19617.2)
(88,19617.2)
(89,19617.2)
(90,19617.2)
(91,19617.2)
(92,19617.2)
(93,19617.2)
(94,19617.2)
(95,19617.2)
(96,19617.2)
(97,19617.2)
(98,19617.2)
(99,19617.2)
(100,19617.2)
(101,19617.2)
(102,19617.2)
(103,19617.2)
(104,19617.2)
(105,19617.2)
(106,19617.2)
(107,19617.2)
(108,19617.2)
(109,19617.2)
(110,19617.2)
(111,19617.2)
(112,19617.2)
(113,19617.2)
(114,19617.2)
(115,19617.2)
(116,19617.2)
(117,19617.2)
(118,19617.2)
(119,19617.2)
(120,19617.2)
###################
