1.520568272636177e8, 2.286274951486611e8
1.8330245482471138e8, 2.7418107201898646e8
3.403462660334756e8, 4.5148965741719073e8
1.2046628583594228e8, 2.0974369871918193e8
2.188056292489613e8, 2.6546049760299903e8
1.4432565157276207e8, 2.2024357918360946e8
1.5589942673883012e8, 2.3279082574472508e8
2.9191630239877963e8, 3.7312487542521024e8
1.0575940593283835e8, 4.141571590958308e8
2.3033785727983057e8, 3.226770714987589e8
1.783501044061206e8, 3.9075137605449563e8
1.5756708366215122e8, 2.5877741070997745e8
1.7536056876432443e8, 2.4845515128979078e8
1.7751837142232168e8, 2.590412666967833e8
5.543081265332639e8, 8.091931555493165e8
1.4526018885210004e8, 3.259697299431475e8
2.7566300646152014e8, 3.622868898076756e8
1.9209269947443786e8, 2.699751415909787e8
1.5956105082320464e8, 2.817920500071384e8
2.5494914342014015e8, 3.7049528575718343e8
1.065828068550409e8, 1.6076714368413308e8
1.5549908741537052e8, 2.6702393365266046e8
2.332004413781184e8, 3.056891019794207e8
1.87891450436041e8, 2.651133083163692e8
1.256656688742944e8, 2.9298899120542145e8
1.7660293048245662e8, 3.45381078368018e8
1.279496786863007e8, 1.747770004553863e8
3.4935635745978457e8, 5.3606385286770284e8
2.3279645827369136e8, 3.466590417528299e8
1.8447193570101124e8, 4.242960516115562e8
2.4706715262398246e8, 3.2862979426261413e8
1.7990434404088426e8, 2.3331659053727174e8
2.8477573885534984e8, 4.2278389844289047e8
1.347798148518672e8, 2.1976688287728137e8
2.465174373463182e8, 3.482042713396468e8
1.2907671553548767e8, 2.5054431309615573e8
3.5799578873595047e8, 4.2189482275342435e8
1.721696948352527e8, 2.5251179350409818e8
1.851776457682178e8, 3.0585156007738763e8
1.297466570965948e8, 2.4274165396016994e8
1.6701050042800456e8, 2.326981111491678e8
1.3162641646089183e8, 2.5364460185443178e8
2.6732805177423024e8, 3.267400890982659e8
2.9983320152507126e8, 4.579569849093122e8
9.635273757915583e7, 4.457389860076779e8
1.4048337928207678e8, 2.192883532065998e8
1.1592209799295554e8, 1.551853906946821e8
1.232354580908532e8, 2.6304302036584604e8
6.72970392257263e8, 9.307913808536923e8
1.8090514621289325e8, 3.7272707201628304e8
3.436449344734568e8, 4.2405548625235474e8
1.2983051278718668e8, 1.74571491466119e8
1.3516839774197572e8, 2.2438545139419958e8
1.2269846963221487e8, 1.943814071319838e8
2.4776518347166452e8, 3.321095955311952e8
1.871794090253225e8, 3.6553305390223557e8
1.2081235541124617e8, 2.327772089647804e8
1.5007957698884702e8, 3.0566104756752217e8
3.285899183432387e8, 3.9733219380932856e8
1.9134143926309136e8, 2.6720709575106308e8
1.8819040535177872e8, 5.1300069752267474e8
2.5516740129992804e8, 3.2534627367174333e8
3.223495742046969e8, 4.795965336235444e8
5.036277397143326e8, 5.882042242512927e8
1.7264617284732324e8, 3.4202293559650016e8
1.6288482464701217e8, 2.2815102506235364e8
1.4326541236635956e8, 2.0264741705646154e8
1.2519738720345475e8, 1.8962186691629764e8
2.051055477134522e8, 3.146120795977468e8
1.7519091999241716e8, 2.1845247007443509e8
1.6592363664401075e8, 2.814802150039404e8
2.7193863255655324e8, 3.755302975160636e8
2.0194749936260527e8, 2.990840692845361e8
1.3181276004459293e8, 2.344769644092082e8
1.720865131042706e8, 3.3040214766394514e8
2.9216756780402e8, 4.819854271586006e8
1.5902801065122047e8, 2.991744365449009e8
1.374309439303447e8, 3.0670728302705795e8
1.9072169047286054e8, 3.4862997696399e8
5.37693957112875e8, 7.638925251982598e8
2.1602243960549796e8, 3.217495329755532e8
1.2271261495839433e8, 1.9037362244973585e8
1.2715995648728941e8, 2.02130318496535e8
1.753222596011231e8, 2.914001277684129e8
4.055253735548147e8, 5.2766779785014e8
1.2718961951056443e8, 2.5737248927039596e8
1.3195812695882465e8, 2.1900228236923787e8
1.9018935595580703e8, 2.6428912903121072e8
2.1230917419299227e8, 3.781928702415067e8
1.8587177757310578e8, 2.5038159266150105e8
1.2699814060396011e8, 2.5022952140300852e8
1.6866700960268593e8, 2.4029924156144854e8
3.9602009325015056e8, 4.949775404147689e8
2.646659371591208e8, 3.538005721951197e8
2.23636824340785e8, 3.068645043741598e8
1.8474601220320576e8, 2.6491873070487317e8
1.4489996390014e8, 3.2888584664797896e8
1.5346273550191435e8, 2.136652431962503e8
1.2137032830017787e8, 1.7294183568894485e8
1.921273501677209e8, 3.115580435831847e8
9.830242482645231e7, 1.556341460674835e8
3.797833455544597e8, 7.1905372403879e8
7.616848481862934e8, 8.421642120990101e8
2.3428538601630938e8, 3.0806127059531987e8
1.482709955634228e8, 2.2549298150443473e8
2.2275612742770597e8, 2.813684282598288e8
4.95823187908108e8, 5.793066373941307e8
9.752785058161297e7, 1.940597735974486e8
1.0702644317067106e8, 1.62480892278201e8
2.234211240360029e8, 3.6786832005964077e8
1.4726841825687277e8, 2.5415986423190868e8
1.2629415157726838e8, 2.247774834625885e8
4.7936317076325536e8, 5.473093119661779e8
1.2573301732242914e8, 1.9387451227229586e8
2.768629960722602e8, 4.0684310146660316e8
1.6477643873346528e8, 2.0299901488121182e8
2.833909402200148e8, 5.468234178758363e8
1.266642357284344e8, 2.1718719225712767e8
3.142778114019276e8, 4.836777661828438e8
1.6070764273327905e8, 2.7174922866608053e8
2.5914508471422958e8, 3.27449341062945e8
1.393532141873035e8, 2.4337297429370096e8
1.6272330343989366e8, 2.9897774461040366e8
3.2740360023442906e8, 4.758825152115862e8
2.5806449862194583e8, 3.365085486945901e8
3.336710215751309e8, 3.9313761767643845e8
3.9175148240536094e8, 5.524710145483533e8
1.813411491090407e8, 2.800528637600105e8
1.6749253726382262e8, 2.4002572048672205e8
2.0371839041645434e8, 3.17139177573262e8
1.647453577729491e8, 3.2289182377767146e8
2.1177659618435138e8, 3.109129797956403e8
3.217475846782578e8, 4.254327231986251e8
1.681834567348485e8, 3.2188892750677663e8
5.482382126863178e8, 7.060419429388323e8
1.3515730199493682e8, 2.7542926425462383e8
1.417612367593146e8, 2.5830425047997826e8
2.031380069268327e8, 3.072511735705689e8
1.2845066906676465e8, 2.0340686149617517e8
1.4733210248722285e8, 3.50115619716965e8
2.3972939450543383e8, 2.92632291165028e8
1.5811098662669948e8, 2.354808169261035e8
1.1266640467715277e8, 2.435789355536358e8
1.503803975853706e8, 3.1708853516543555e8
1.9495179507874942e8, 2.6049718705044293e8
2.6095998262925208e8, 3.3896251655568415e8
1.7431481693064457e8, 2.636489739896644e8
2.0699352496607e8, 4.778648901540946e8
1.58151568958485e8, 2.2607090200204122e8
1.664170885407759e8, 4.333154563817438e8
6.713302563731202e8, 8.370281832101175e8
2.1084929394333717e8, 3.302194921812277e8
2.481981314506813e8, 5.697970693821626e8
1.2416447727804159e8, 2.2427741446589714e8
2.1043727134514493e8, 2.674454046898047e8
2.2161193057289302e8, 4.22292398643997e8
3.535365736098374e8, 4.749662104969836e8
1.6243551876891822e8, 3.512386444997166e8
1.657114273530124e8, 3.460619180276583e8
1.4458943537566522e8, 2.6009204849652645e8
1.2023387060109529e8, 2.3502844872006914e8
1.6603576095126724e8, 2.685281618282906e8
1.4673726702938616e8, 2.3682497333436093e8
1.8388120002747387e8, 3.225610077664899e8
1.2833366021316217e8, 3.126414663204647e8
6.629405120149018e8, 7.607224653624269e8
1.827171330559718e8, 2.271365208082841e8
4.331952869869263e8, 4.9044235644695556e8
1.7005355629886752e8, 2.21580233596791e8
5.960837312748336e8, 6.986375614504441e8
1.812415488481267e8, 3.621791267590773e8
2.8957926823556054e8, 3.8201979346311295e8
1.3600511522653776e8, 2.1076734240828422e8
1.909148467352488e8, 3.326057260719558e8
1.180596224190343e8, 2.375204216537709e8
1.574137781576083e8, 2.079435576239434e8
2.0877080144869414e8, 5.956437667584273e8
4.25714256548885e8, 5.530343206373558e8
1.5988056579724735e8, 2.7725722481424737e8
1.2216302169740392e8, 3.2546017889630526e8
1.1130352134649496e8, 1.8338486360891256e8
2.611992311935333e8, 4.154289749653721e8
9.931600744006374e7, 1.752617089130463e8
1.0774073821466397e8, 1.9325271128971854e8
2.786021671265221e8, 3.4446517371070945e8
2.591526750649867e8, 3.5094291645583683e8
2.0723475526054025e8, 2.6908255002937293e8
1.557047864573779e8, 2.3970727876090258e8
2.3687000922770357e8, 3.517449947684094e8
1.8928248778388834e8, 2.3013943088561434e8
3.578932559439457e8, 4.371692882929152e8
1.691172001075449e8, 2.3013160704533207e8
6.472267139387631e8, 7.353469540459077e8
2.779312855949573e8, 4.530286628713266e8
4.179767500880511e8, 5.148462739760239e8
1.481681557080985e8, 2.8351553024481887e8
2.1513718383845037e8, 2.739439340948474e8
1.2219387143046314e8, 2.5743623795873955e8
2.5610864591341263e8, 3.399310269451071e8
1.1866268720085327e8, 3.1816815466625917e8
1.6858214048098028e8, 2.484899146523424e8
1.3931289405687532e8, 2.1567147342864966e8
1.7230198913932127e8, 2.2902607787722704e8
2.167370137968331e8, 3.2151579249578935e8
1.3926861419319695e8, 3.935248441242127e8
2.338297367911203e8, 2.967682707186853e8
4.5106539789663255e8, 5.408855619439045e8
1.4050750011858788e8, 2.5047178287271726e8
1.3695411833344314e8, 2.1267208254980612e8
2.4739793583441225e8, 3.209380208954784e8
1.2183047548174515e8, 1.697302296896622e8
1.7299040995741197e8, 2.551501168867631e8
4.961316223750582e8, 7.708160924385952e8
1.4144021593319094e8, 2.439383348319694e8
1.2418295323985606e8, 1.9833588779230747e8
1.5319077393454832e8, 3.9401832111733174e8
3.1743817276067126e8, 4.520336534149332e8
1.5415256974948266e8, 2.726293005404209e8
2.0601929886374167e8, 2.6200476456909668e8
1.795338874860008e8, 6.642133438623172e8
4.1638102206241643e8, 7.305283357688777e8
2.50474154324318e8, 3.799717799390248e8
1.5215217178699264e8, 2.2672566960721806e8
3.69971213628306e8, 4.739356261951149e8
1.8819086532457235e8, 5.236124096095643e8
1.260303661885128e8, 1.9922771929545528e8
1.3073573422746795e8, 2.494874875442547e8
1.2432959197686683e8, 2.2268520174556127e8
1.2887685435122494e8, 2.0476328502531683e8
1.540065581208009e8, 2.865894262752268e8
2.3656118745464215e8, 3.7358608861061835e8
1.396022979811089e8, 2.6155503789801836e8
1.4626119374220824e8, 2.512406703059777e8
1.8096493529683363e8, 2.4231074884695682e8
1.681198435998082e8, 2.435275185468141e8
2.1001587514197898e8, 2.7515084917163616e8
1.5709510329345024e8, 2.799993738352175e8
1.3791234377421427e8, 2.1351825707126826e8
1.5977536475296772e8, 2.2764551371351555e8
1.7722896201235e8, 2.773746570009038e8
3.170285656569304e8, 4.156682202903114e8
2.5010488747086358e8, 4.830196324467827e8
1.9173349438403994e8, 4.7170264187952155e8
1.0374956535913756e8, 2.2295766171435618e8
1.267226820135324e8, 1.8717551682399547e8
3.899100830621495e8, 4.8404019855078006e8
1.4746005505868188e8, 3.632672457928154e8
1.5216090262332085e8, 2.579094032236687e8
1.5307220028581047e8, 2.2744545222965497e8
3.508139704460823e8, 5.931828829606075e8
1.2568946571770069e8, 1.9704406717977867e8
2.5092675269695657e8, 3.842840840576919e8
1.3144327009915505e8, 2.0778478108413252e8
2.8206411034582394e8, 3.711361546293279e8
1.0005516387751457e8, 1.547412093446314e8
1.843034282993935e8, 3.1487723372347707e8
2.678514502785462e8, 3.993479919509688e8
2.4977451530585372e8, 3.723088831868489e8
1.9221684936600706e8, 4.209434895020422e8
1.655386068609315e8, 2.849247414806874e8
2.5546154007624295e8, 4.7630380937339354e8
3.093389273034054e8, 3.6926045358739924e8
2.71728329343412e8, 3.657340206341285e8
6.918268118571477e8, 8.088846875463778e8
2.7116480568320966e8, 4.6170773454182506e8
4.68794925513172e8, 5.2099269219718415e8
2.1401775208789283e8, 6.699558478699741e8
3.238007491839037e8, 3.746253866502438e8
1.759838596573231e8, 2.6841331111968294e8
9.347854585965161e7, 1.6901365697854388e8
2.4663160485202813e8, 3.996364983521665e8
3.229433056349285e8, 4.800598456355955e8
3.9514523601842594e8, 6.39969059600087e8
1.744759439221386e8, 3.4908488857281137e8
1.386444853101325e8, 2.1995922713867462e8
1.6401362628171968e8, 2.546157065237697e8
2.224281532602297e8, 3.349041359996032e8
2.4863728717672682e8, 3.6899857809559184e8
1.384382791188675e8, 1.85949481317181e8
1.5343070731820995e8, 2.667940951383015e8
2.471335548787255e8, 5.681043155426548e8
1.7111189710531405e8, 2.7409891805095625e8
2.3128476772943658e8, 3.0936875216333914e8
1.6022068453204358e8, 4.17436996223e8
4.7877297622602415e8, 5.98785317380123e8
2.8049424025724775e8, 3.9063040973763937e8
1.204440402331314e8, 1.8030682538296223e8
2.4538811797908825e8, 3.2277416824864334e8
1.768475528770508e8, 2.209795397631557e8
1.097105326917184e8, 2.74996138191557e8
9.981011865497679e7, 3.6932642741380763e8
1.341644235559842e8, 2.6812250497084934e8
1.3714777084077948e8, 1.9146074433297542e8
2.5999801046419448e8, 4.0918011680436534e8
1.5918859827971196e8, 2.7628075189073133e8
1.432972425061437e8, 2.28509927416368e8
1.8557873251218227e8, 2.575954773013871e8
1.88603376242075e8, 2.697966878159975e8
1.147093976084179e8, 2.0920108336145163e8
1.6822351955579755e8, 2.3146159198720592e8
1.719226854895996e8, 2.1386980134970456e8
2.0621391852713823e8, 3.748451916283976e8
2.0793149206385028e8, 2.7489850168429095e8
1.1854461354818128e8, 1.9779007234327444e8
1.403597422179027e8, 1.978399366658263e8
1.0954673039717871e8, 2.3501717335725343e8
1.8152431292811686e8, 2.6424982578865963e8
1.5547947623427582e8, 2.4927685568863598e8
1.604002645856983e8, 4.4807412964320827e8
1.3739593930827188e8, 1.9416260139605603e8
9.094839750797249e8, 1.129515278825589e9
2.123785552639988e8, 3.049499174067153e8
1.417446816801122e8, 2.075991141762623e8
1.8198672645528913e8, 2.7039460751203626e8
7.151573370063567e8, 8.185872269701778e8
1.8763273542378658e8, 3.1176258848931414e8
1.0171340423031232e8, 1.670210858124741e8
1.6108484675325063e8, 3.087066424473786e8
1.0298430307895616e8, 1.984545867204225e8
1.7707647353029242e8, 3.4141384940683645e8
1.6143122095610535e8, 2.1481576898314586e8
1.731548049763587e8, 2.720047304133292e8
5.2972667663369167e8, 7.780183353512195e8
1.608366018046464e8, 3.516508376148841e8
3.817914613111836e8, 4.9529291177656174e8
2.0464444885378903e8, 3.086847114806528e8
2.150976147064885e8, 2.903591519827949e8
1.4225199450318775e8, 3.1166543124341834e8
5.316095998953452e8, 5.95557238503703e8
1.501919994529292e8, 2.5523461170038223e8
4.3320777741381764e8, 4.988951071867408e8
1.8645670616087735e8, 3.198140709783712e8
1.334294644550496e8, 3.469864377175187e8
1.9310381192451847e8, 3.355359886184906e8
1.691827040469758e8, 2.5456366407620865e8
3.989387330961311e8, 4.653621720357736e8
1.3398122033444598e8, 2.5464498035140514e8
2.0436422456399357e8, 2.4399578156674924e8
3.481753166242628e8, 6.376801213180071e8
1.9413600495631188e8, 2.905721633188027e8
1.1015072698062244e8, 1.9974910899669263e8
2.124653189974448e8, 2.783566969588761e8
1.3464645165178484e8, 1.9674214665748945e8
3.799264235313322e8, 4.9578713897008926e8
1.34151661744888e8, 3.3018774587254596e8
4.0141844375078374e8, 7.308747121614352e8
2.6337161526062182e8, 3.736596408461169e8
1.4913852669397384e8, 2.2443474881990376e8
1.5494802063285437e8, 2.303476858405242e8
2.2452261175150037e8, 3.278455711627261e8
1.402255428919467e8, 2.544433779161621e8
1.816440470201626e8, 3.007814962787047e8
1.3093468464067416e8, 2.1651272430483776e8
1.4001897802379835e8, 1.8703721683066878e8
1.6320058687052727e8, 2.6672217401853886e8
1.2901534964461122e8, 2.2938571398257843e8
1.5768708599244076e8, 2.579850739583901e8
1.2864662935523297e8, 2.942180770638828e8
1.521683408258261e8, 2.642059565428517e8
1.717647523113696e8, 4.5012918937459224e8
2.2027324199125648e8, 2.7367454159860104e8
2.013144487573387e8, 7.577438514048489e8
1.9686188304809353e8, 4.034920153985688e8
2.803280062308616e8, 6.497100350747894e8
3.653192163107986e8, 4.248043688071596e8
1.9224960573686808e8, 3.1085547417627865e8
1.7619331457539916e8, 3.003473217803148e8
1.7600377865162826e8, 3.6346288273738664e8
1.776365045670827e8, 4.984260012425191e8
1.75030283619653e8, 2.4248702047091195e8
1.2615533822992998e8, 2.205540047233103e8
1.923190907091817e8, 2.6631863753270188e8
1.6325555568991488e8, 2.303358627761354e8
1.503129505562565e8, 2.2893978549891424e8
1.2052142266032903e8, 2.5999982419317058e8
2.2036898258191675e8, 2.8448199165974665e8
1.8159355907436746e8, 4.8664917579446137e8
3.409309772958629e8, 7.061732824333181e8
1.576706255135613e8, 6.315634063518922e8
1.2189625600686221e8, 2.3291412958771113e8
1.5184063006729594e8, 2.996904566357818e8
1.968516299403268e8, 3.5526135351573277e8
1.4527880958465073e8, 4.328604148669947e8
3.1633558930093175e8, 3.972302691318206e8
1.4294987504603508e8, 2.4831994046562845e8
1.3623515599019682e8, 2.0491759468539008e8
1.6334427169420195e8, 2.5113352793466702e8
1.755296700091446e8, 2.6570604721887997e8
1.528520998026371e8, 3.515970162027175e8
1.6166167719934282e8, 2.6273651471309885e8
1.0591658654350515e8, 1.6865475518517607e8
1.5938101396672606e8, 3.2888332200102544e8
2.3162679467260927e8, 3.74723421434042e8
1.0378379156679101e8, 1.4046040118122795e8
1.8816236449961337e8, 2.486135761299538e8
1.4512291755021772e8, 2.922183066886667e8
1.2885286795175946e8, 1.958402084212712e8
1.609467063134567e8, 2.2521020699507096e8
3.905342465210908e8, 4.3882625863003856e8
3.9547351592996883e8, 4.76742111273902e8
2.6719394165923142e8, 4.362564684583024e8
1.5785181965713483e8, 4.0399841463532513e8
1.0399600829719198e8, 1.8083625151190376e8
1.6383387384729427e8, 3.289295399246376e8
1.6314988379058725e8, 3.0536063875254625e8
2.26909340591541e8, 3.002947157724038e8
2.2987695849973747e8, 2.794612480412594e8
2.65647841540126e8, 3.889815793209636e8
1.65806966840442e8, 3.0119607309805495e8
1.9761278882749072e8, 2.72444143639928e8
1.3685524734648108e8, 2.1678982188790008e8
2.547807663718855e8, 3.2048289168685484e8
1.4663542584120253e8, 2.876682611021763e8
5.75887184549286e8, 6.49231740014444e8
4.331787854546499e8, 7.984888489000249e8
1.59946807764846e8, 2.8296355413616854e8
2.5143471832940662e8, 3.33085799889872e8
3.6856449201401603e8, 4.9906503674079585e8
4.1622894837922037e8, 5.741149136212014e8
1.5575662982097834e8, 2.6152233701135433e8
2.1565141110107964e8, 3.1838196745818305e8
1.7589803382286388e8, 3.0362336246585697e8
1.4885144824266925e8, 2.2479186955308345e8
1.7267412517257977e8, 2.4126354423746958e8
1.3373500176517488e8, 2.140915207947586e8
1.2234787037125887e8, 2.1330156697851855e8
1.0375368314437306e8, 1.6941719092929104e8
1.5863542253164345e8, 2.459997658884113e8
1.9910268005011287e8, 2.903825420325538e8
1.6564468543683365e8, 2.4302595761062136e8
1.3697086619771746e8, 2.1461003233366817e8
1.0650356329029971e8, 1.9186159475318605e8
2.894011827733105e8, 3.6758286416289157e8
1.6681738229327676e8, 2.3458467186545765e8
3.784693874199806e8, 5.81454446949574e8
1.0273087140555407e8, 1.728533009731708e8
3.914410999526901e8, 7.03673856005077e8
1.4829335851717395e8, 2.1268365190224007e8
1.4948927024969798e8, 2.1109393010050854e8
1.455265087737354e8, 2.3579388342607802e8
5.793599716237214e8, 8.455293455158168e8
1.2377420789339095e8, 1.9875463248810455e8
1.8015037151990625e8, 2.5952249681997812e8
6.287999873354412e8, 7.491822642642652e8
1.2349464293953161e8, 2.4816079206716314e8
1.5593717374034727e8, 2.2311623455903202e8
1.2477033414704694e8, 3.477187715842483e8
1.6964168191348734e8, 2.8625364030419576e8
1.3289727473984273e8, 2.2346351731297725e8
3.7249396506989706e8, 4.627064133311859e8
1.6222830277991095e8, 2.2404580383036768e8
1.5243854870717257e8, 3.140901974918571e8
1.8116758022449473e8, 4.846538378838333e8
2.057933952102509e8, 2.919257885912238e8
1.3882510997297376e8, 2.2725279489367422e8
1.9479831728414118e8, 7.808282765742418e8
2.6139127244880426e8, 4.127225707860632e8
2.2419758636793104e8, 4.654970265266776e8
1.579379833543056e8, 3.0716317141015756e8
2.940233431583156e8, 4.604120104680897e8
3.3712984066667044e8, 6.203903549642049e8
1.2214396017338136e8, 1.704650609191094e8
1.622635857660584e8, 5.0979153316487837e8
1.868424273686491e8, 2.5611984144941187e8
1.9146889976438233e8, 3.8926890884801763e8
1.590102538503765e8, 4.401755103448341e8
2.0205343194364572e8, 2.9663569382298654e8
7.003160888863709e8, 1.1050789351467063e9
1.2551408830921587e8, 5.650413539125007e8
1.035718205759967e8, 1.441585673694079e8
1.6761058728871706e8, 3.0307468922668767e8
1.4872138766932857e8, 3.230550508510278e8
1.7794630808901167e8, 2.7936634554600304e8
3.2658080807352924e8, 4.37557082779658e8
2.4445901106571817e8, 3.80987067169882e8
1.483036324520507e8, 2.3194844432088926e8
9.861263860758305e7, 2.359779996702705e8
1.2116352486007464e8, 2.0536808408677348e8
1.611992900847847e8, 4.266770401586769e8
1.6989674400501356e8, 3.3644802815078145e8
8.816988492725992e8, 9.575360744944614e8
1.3668739228112692e8, 1.9881530751424855e8
1.3056840372861119e8, 2.639383054342731e8
1.8288436533524954e8, 3.076061974417585e8
2.4142168761394787e8, 3.3871630247266924e8
1.7618304012945625e8, 2.7842989447089696e8
9.916998197963034e7, 1.4014397284123302e8
1.5027330209758505e8, 2.0983210643893677e8
1.1230888859391434e8, 3.0175416561928076e8
1.4049500640299076e8, 3.348766366310056e8
1.219905871322844e8, 2.1050123157459486e8
2.3892028423077697e8, 3.590858636265108e8
2.0849390035908952e8, 3.62997726452006e8
1.4245304874607354e8, 3.095401186499648e8
1.1358694813435605e8, 1.6050050519941118e8
2.063720197328044e8, 3.190352879262854e8
1.0438473529880206e8, 1.9223236917540714e8
2.4376790750921136e8, 4.7584409156710327e8
1.1039639280469023e8, 3.135846370349568e8
1.419250001191982e8, 2.251274277525872e8
1.3379355954974204e8, 2.2060037398255366e8
8.833513584287975e8, 9.983386965933641e8
1.2805707418549034e8, 2.766831526095337e8
1.4089911315733802e8, 3.0085273345273256e8
1.4298529946650416e8, 3.443229772861035e8
1.5205651849777803e8, 2.616779839901728e8
1.4759640956115115e8, 4.4750567444121534e8
1.9225962105243227e8, 4.3024070697055364e8
1.416980254622123e8, 3.7020066032420427e8
2.965309803724502e8, 3.408779534219048e8
1.207144275552137e8, 1.7139757983605304e8
1.589118253698513e8, 2.4013231528439206e8
2.540931961226689e8, 3.938110087444172e8
1.707477151657469e8, 4.3788227100329953e8
1.6346958684076095e8, 2.3222449691314694e8
1.6697602315979096e8, 2.412008244264974e8
6.309153110225261e8, 7.930203290126437e8
2.0882183005394518e8, 2.763388484100116e8
1.9641575632857656e8, 4.497970939713286e8
1.7759480051206958e8, 2.44313127821391e8
1.6381518427319723e8, 3.669040532219367e8
2.151019084844206e8, 3.9554807231060785e8
1.8203140632591397e8, 2.74577318840563e8
1.601960153458907e8, 2.294148238496036e8
1.5418051751655036e8, 2.644256641880385e8
1.58110175663365e8, 2.1555813338144282e8
2.7800655899734586e8, 3.7377517786802775e8
1.9147279209527856e8, 2.744384808594542e8
1.4021941054286438e8, 2.6563191371609676e8
1.6765527681716675e8, 2.5276337935377783e8
1.6467225950439107e8, 2.511181078023585e8
1.0715122853579435e8, 1.8925636865923825e8
1.8726647429973805e8, 3.860609734868323e8
1.3826132756395552e8, 2.2947166810708466e8
3.33000688573775e8, 4.3072332643315774e8
2.2166729825799793e8, 3.28748685795995e8
1.15623882427698e8, 2.991814117599145e8
3.2043141432087696e8, 4.0984331653931236e8
1.1108423608197555e8, 2.2443569469645113e8
1.6746001751091176e8, 2.4787461723140976e8
2.248011696350239e8, 4.294343413920492e8
1.6702705865756202e8, 2.432883689962176e8
1.706575468106433e8, 3.04887454544337e8
3.09129931455247e8, 4.1081282093868494e8
1.3878527470708537e8, 2.0535435775396624e8
1.3136646492878677e8, 2.3104777106232956e8
1.8367293089607546e8, 2.661326482198732e8
3.228929579880876e8, 3.828964028549633e8
1.8607283098368877e8, 2.835879563899066e8
1.633964665449528e8, 4.610968071722058e8
1.6490792174919903e8, 2.154431021983334e8
1.250943100464876e8, 2.1212423265265036e8
1.9754557139124686e8, 2.7422488917988616e8
2.0716326755412483e8, 2.788614419481997e8
1.4833146109448546e8, 2.485350584305493e8
1.2224892824928729e8, 1.9015916760270372e8
1.4665051015324226e8, 2.187921005058307e8
1.2048072202671206e8, 1.7125935222592306e8
1.7807489511711824e8, 2.9135839294803315e8
1.3489622525776348e8, 2.4182538005594933e8
1.619055493636435e8, 2.4000399237021595e8
2.6460773832606745e8, 4.868893114510955e8
1.5791049355008584e8, 2.319475808473687e8
1.3573209629011947e8, 2.356010858571715e8
1.353792714744893e8, 2.9664896696518147e8
8.692505443214491e7, 1.8674853964427826e8
3.5885338644481474e8, 4.519405174179696e8
1.4078867048694453e8, 2.0618184734872365e8
3.6583680375240564e8, 4.733136049307444e8
1.3728958554728413e8, 2.3526959137523976e8
2.5292784654848215e8, 3.6830940941687506e8
3.7563554989761573e8, 5.624682538702407e8
1.470654565204298e8, 2.114937838096254e8
2.3380030059775925e8, 2.9995348646300906e8
1.1305885617464966e8, 1.8416504880446234e8
1.3396477663776793e8, 2.350500179627517e8
1.0033666626355265e8, 1.7829434578259078e8
2.053612474825828e8, 2.769629919211185e8
1.63948697372254e8, 2.985709025211623e8
1.986748532593899e8, 3.9736032399772495e8
1.3209896908494733e8, 2.0498111049323705e8
1.4745142104529783e8, 5.69110034791179e8
1.638987696885872e8, 3.2014188416183984e8
1.2438308178631401e8, 1.9586308834420082e8
2.012280397514727e8, 3.5060589718417484e8
2.42662840174955e8, 3.9130086538384944e8
1.3425162537417454e8, 5.584963906150372e8
1.2163482246439901e8, 2.3266312092120063e8
1.4301435585704857e8, 2.192523443263407e8
1.9146306518028632e8, 2.7760647090238494e8
2.697275375137357e8, 4.843917468235948e8
1.2565123129611427e8, 3.135867446270546e8
1.456496237486664e8, 4.595374887004054e8
2.4030141629316875e8, 3.2608491162093735e8
2.030697352330494e8, 2.6344572628791124e8
1.4496157004412925e8, 1.9639567441257128e8
1.2232005598279311e8, 1.8570442934184206e8
2.451984727715215e8, 3.2842590441995823e8
5.61167226940919e8, 6.94862224009535e8
1.8272709835465202e8, 5.0411277043621576e8
2.2830092438119322e8, 2.767673278252074e8
1.6934254759648022e8, 2.4475239165841463e8
1.735234080311073e8, 2.5827501807322142e8
2.9967804649250406e8, 3.759845201166429e8
1.511214001133759e8, 1.948161488303189e8
4.1116521380097634e8, 5.2780903274385476e8
2.55888527101394e8, 3.4522711602222484e8
1.5568256014774087e8, 2.6487345933027413e8
1.8422041672547403e8, 3.3511832867406124e8
2.2568607277747184e8, 4.30207736300985e8
1.2131839387069276e8, 2.9228197431713283e8
1.7452065679554147e8, 2.667360478900159e8
1.5208830844099072e8, 2.3228866635405543e8
1.1878753312183498e8, 2.2136196451617414e8
1.113053538440256e8, 4.15530293081993e8
3.001291307246397e8, 4.7405950873833585e8
1.7504902523654383e8, 3.2879397233276397e8
3.7185203340720356e8, 5.0897257032953334e8
1.2387785767173864e8, 1.956447246821687e8
1.359289886972221e8, 2.065477092747836e8
1.768134322429846e8, 2.744927405228126e8
1.3056179040808588e8, 2.1537297425664657e8
1.298999725908644e8, 1.7556261928685492e8
1.3242322719384389e8, 1.9556714735123459e8
4.008747448930535e8, 4.31963422760739e8
1.3668824886236888e8, 2.816976885567975e8
2.279163953764125e8, 2.982008307146945e8
5.872019503255514e8, 8.132109265788515e8
1.449915979349677e8, 2.3705216297940612e8
2.4678318385334998e8, 4.233321098610348e8
1.48307264713344e8, 2.685398780968523e8
9.941450544099912e7, 1.4839839708992288e8
9.897575739580822e7, 1.6850185092876378e8
1.2040944971812995e8, 1.7775210082313004e8
2.7924943572968125e8, 4.481351795442268e8
2.0555967589703625e8, 2.7403624531084186e8
5.669167833205503e8, 6.581570745485889e8
3.5185536811143684e8, 5.401647122088653e8
1.7233268732167366e8, 3.1403408740172935e8
2.094326692883119e8, 2.8227942999223673e8
1.3684717245820466e8, 2.774491609434412e8
2.9799341368545e8, 4.1982664747057086e8
1.6898659650125092e8, 3.620304049269242e8
4.0320780628492534e8, 5.348516276423018e8
1.795391474436046e8, 2.570288607673188e8
2.3620467366290444e8, 3.441796269733792e8
4.0691731157587886e8, 5.792044996173087e8
1.7737758224443105e8, 2.4171829094568905e8
1.493591884427905e8, 2.3003780871906385e8
1.7772425303720427e8, 2.2698445816783738e8
1.7623977588601828e8, 2.4569064964723518e8
9.063172651921017e8, 9.991583229096524e8
1.3389763159950185e8, 2.1892874885176337e8
1.1016128476286624e8, 1.8127028026248872e8
3.058789247372122e8, 4.266210175850423e8
1.2681424077403763e8, 2.362936077841751e8
2.775336911913606e8, 3.363878609868303e8
2.5884005097566098e8, 4.1177929855531967e8
2.3706929747385776e8, 3.8330662260420316e8
2.7114689269527465e8, 3.591410398677188e8
1.2749882313384299e8, 2.2872359685278517e8
1.9551217715208417e8, 3.345949068804034e8
1.7195154419060254e8, 4.199787672148606e8
3.1441087031463706e8, 4.5580810804097235e8
2.8794166592718434e8, 6.216103620492058e8
3.594980144852829e8, 4.472524769527234e8
1.8968886793260276e8, 5.178663189009129e8
1.4740998148690537e8, 2.944305222860239e8
1.9603545412821352e8, 2.955361830933872e8
1.8397175445812374e8, 3.45946402633729e8
1.1387182718410087e8, 3.9371914763558626e8
2.0084997776183057e8, 3.502440961366114e8
2.7106051045266676e8, 3.474703361988283e8
1.8606748908643055e8, 2.6182124317702693e8
3.9203712957405853e8, 4.537200152949018e8
1.4131012575681663e8, 2.3911350679715568e8
2.0114123716981e8, 3.4785727084586537e8
2.180999443137325e8, 3.2657638835754126e8
1.2769283720589626e8, 3.5527251342116046e8
2.330337639583046e8, 3.054026019572937e8
1.7360409701234904e8, 2.746225197655201e8
1.1898769551654369e8, 2.3341892267805266e8
2.6425112086443532e8, 3.1597142696509874e8
1.3210410971802464e8, 1.7627043314504173e8
9.769598478284097e7, 1.9451369961526257e8
1.8900805924810728e8, 3.230392340525704e8
1.6503009597676045e8, 2.5111051169721767e8
1.0999226287733227e8, 2.05944159011065e8
2.756922625963508e8, 3.32101748549901e8
2.2027748564443612e8, 2.8549397611173487e8
5.0362276349972814e8, 5.917433499930853e8
1.7566488620232993e8, 2.1310069622456428e8
1.409477790680254e8, 1.953859473417977e8
1.2492873259541047e8, 1.9123361099988556e8
1.2873223523678006e8, 1.8635875415791845e8
2.0184940316425678e8, 2.885377694879136e8
2.9229382831068593e8, 4.195722736221764e8
1.5313565297664532e8, 3.003975042250742e8
2.316691337374441e8, 3.4949213535169667e8
2.2314996674421477e8, 3.238472003977324e8
1.2623711545108745e8, 2.1523510548694044e8
2.0025328568800917e8, 2.993076559193587e8
1.8895741929873726e8, 2.608939693213161e8
1.0691759865170303e8, 1.7250378409256124e8
1.054496579884043e8, 1.5509060111691177e8
1.5191047691200235e8, 2.8221967216950727e8
1.0523478736226586e8, 1.7487682658909836e8
2.6131332167485777e8, 4.1501989531575257e8
1.2059297857049094e8, 1.866828564147996e8
1.940148114233253e8, 2.5102440175677007e8
1.0674003405446456e8, 1.959319471978119e8
1.7927556467478096e8, 2.780960512748625e8
1.479690743975551e8, 2.4017602453805214e8
2.850644673475027e8, 4.039061351975706e8
3.650336289381832e8, 5.107669231310985e8
2.2363685191250604e8, 3.2955727353383046e8
2.489919518816915e8, 3.263157021312119e8
1.8781289676972938e8, 5.2542487095668495e8
1.2323477255611e8, 1.9208085056529495e8
1.299310584212794e8, 2.697118468907763e8
1.2500937001501773e8, 1.8725018631510794e8
1.6303366510069162e8, 2.5796354759045273e8
1.425637080846171e8, 2.738671594532215e8
3.097839896503383e8, 4.05524750732416e8
1.1208184187405536e8, 1.5866368125255308e8
1.8796120462588233e8, 3.066682067895393e8
1.2617702884845735e8, 2.126929935472243e8
3.923665136584109e8, 6.282654719877325e8
1.3900717903157496e8, 2.1267002492079496e8
1.53395947089003e8, 2.3831219122017634e8
1.9311092926226306e8, 3.9067694728799343e8
3.401323827448777e8, 3.995239262939579e8
1.3828451843664122e8, 2.1673961431187934e8
1.0084420000736186e8, 1.7215504987113962e8
1.5732656760114014e8, 3.177020587527203e8
1.268293142973462e8, 2.078396171464501e8
9.85854816653069e7, 1.7134344741710317e8
1.9295885485210258e8, 2.9664031981952316e8
3.948514880172241e8, 6.758783993649414e8
2.028925671873988e8, 2.8512062627019286e8
6.200656632842476e8, 6.673894230153942e8
1.2335409617482318e8, 1.8481157652577645e8
2.3230920617317805e8, 4.666989397785188e8
2.2575717988384378e8, 2.788023851992678e8
2.058473522483408e8, 2.8557740920153505e8
1.4693138607136366e8, 3.67678034140956e8
1.5111962502927393e8, 2.725680457639704e8
3.7999110188419193e8, 6.700771630765734e8
4.250251376325859e8, 5.2357894522558224e8
5.764364124242082e8, 6.488183604493606e8
2.67748379184891e8, 4.6848518662881947e8
1.726051305428474e8, 2.4890258877079585e8
5.045818596701146e8, 5.969077630899296e8
1.6863273231331235e8, 3.201304528931663e8
2.068531149935968e8, 3.854125889324692e8
1.7815626055333102e8, 2.936049666179205e8
1.1960548047511643e8, 1.8441264938757196e8
2.053328544097736e8, 2.8336537487377024e8
1.1960672130976163e8, 1.6595055143805197e8
1.599066554031432e8, 2.4289047474635047e8
1.5751651087736785e8, 2.099046612505255e8
1.4741351095686185e8, 4.504146652559452e8
1.2060779025917785e8, 1.993055636922372e8
2.8106896165221727e8, 6.297658728403004e8
1.68492396361914e8, 3.1634307728924793e8
1.706771754571932e8, 2.6686065466205743e8
1.1353176431352393e8, 4.249266707606229e8
3.639871286353958e8, 4.4415919957873636e8
4.8368194993739235e8, 5.900625311171336e8
1.4971056765507358e8, 2.834210303087303e8
2.7207048416196674e8, 4.134523353403622e8
1.418862115467859e8, 2.099904096573345e8
4.313961571605069e8, 5.318048362339019e8
1.2191857389776774e8, 2.688061755972855e8
1.69435065192774e8, 3.513541639387026e8
1.2482522967190175e8, 2.2973823117569104e8
3.2127856195331836e8, 3.940757811821455e8
1.653765228637498e8, 3.095961477437605e8
1.8286477156434608e8, 3.703492087487394e8
1.7701587643438813e8, 2.6598943572841826e8
1.695262640775509e8, 2.1725969601390323e8
1.2909021652842063e8, 2.8801562286363095e8
1.5333570934244996e8, 2.4093464290993476e8
2.3570428271012858e8, 4.906978333861439e8
1.3641549258663142e8, 3.693514424918914e8
1.2110689907979076e8, 2.0905198614959934e8
1.9116056316560516e8, 3.814143135185342e8
2.131897724843697e8, 2.772727781387548e8
3.8913142631384474e8, 5.252759898108538e8
5.2368171674197525e8, 5.959154790484446e8
1.4096399717556095e8, 2.0224988283122116e8
1.3383491633354726e8, 1.949908525926041e8
1.1748367445830794e8, 2.6203083928402156e8
1.5607703424979943e8, 3.4925986363351876e8
1.3603693435296822e8, 2.1490492571783775e8
7.494231369937638e8, 8.464436163781646e8
6.618400664015048e8, 7.461198779388497e8
3.146679852446954e8, 3.7911341268403006e8
2.3279236220459566e8, 3.293143152930703e8
3.542664263804339e8, 4.5775268014600915e8
4.891318420955122e8, 5.533093735518664e8
1.3085503346324919e8, 1.8500635110355088e8
1.6362730193298173e8, 2.4487275518239677e8
3.073035060797708e8, 4.1437992446732855e8
1.729026116757539e8, 3.374926122002143e8
3.498718604778539e8, 4.4120298826867723e8
1.3751855877498916e8, 2.322406888393478e8
1.3567759317380774e8, 2.1077477634796852e8
3.723158348930992e8, 4.4139207365538865e8
1.292618647496629e8, 2.368287041661579e8
1.0884463207348102e8, 1.7351529160603413e8
1.537013551977842e8, 2.0706023196450666e8
2.326395613408121e8, 3.047522443868351e8
1.104711120959944e9, 1.4776082212578342e9
2.2252967304551992e8, 2.960967154334742e8
1.7685434145476058e8, 3.07947557790888e8
1.3333438947183554e8, 3.767321067337414e8
1.5590945716192248e8, 2.1287428488497436e8
1.1995051023872884e8, 1.8746349885748693e8
1.0381961528744037e8, 2.0564683563148925e8
1.7053649271678412e8, 2.545404187055151e8
1.4023149355175456e8, 5.3583076480347186e8
1.4335637160328475e8, 4.212908687432952e8
1.1307598918495212e8, 1.733856646059606e8
1.5362901613126722e8, 2.0802251820405608e8
1.7406797944384533e8, 2.4925955223334166e8
1.5759504446762127e8, 2.2910418648460263e8
2.4944066559243107e8, 3.4360327112377554e8
2.077668208318869e8, 3.2503085844786453e8
1.837923392236399e8, 2.5686743246399644e8
1.7186154743768555e8, 3.0757543561334324e8
1.3282545126291211e8, 2.0171062182415256e8
1.9084285840568972e8, 3.050093201098977e8
1.347229642806154e8, 2.714878163043015e8
1.6217274832471567e8, 2.4276154453269613e8
2.5143402960826036e8, 3.234782571011307e8
1.3247059714637336e8, 1.8320369963739917e8
3.9911734792724234e8, 4.480429184128041e8
4.4558552926221174e8, 5.142372709656283e8
1.7148144659578776e8, 2.4212565342497787e8
1.7438167104205918e8, 2.358907623374414e8
1.439105025593768e8, 2.3498172847908872e8
1.9259862793003663e8, 2.926649481067485e8
1.2872534281264627e8, 3.2304873868188226e8
2.8664801330699575e8, 3.573943101882242e8
1.81479375717736e8, 3.3505808995118755e8
1.7703057989388466e8, 3.1014587223235255e8
3.942734681782317e8, 6.209594754391702e8
1.4894077256439698e8, 2.3394770325556478e8
2.289904001933627e8, 3.124056032393994e8
2.0841884063229677e8, 2.8867646597158825e8
4.281818688216195e8, 5.045589913978883e8
5.337026742173439e8, 7.012619602684562e8
5.889720379691685e8, 7.44541613039939e8
1.0900619520215847e8, 1.90670796541246e8
1.734136983622527e8, 2.1872480726100913e8
1.353118474984238e8, 1.748519417946291e8
1.1536972594951552e8, 3.467447606305022e8
1.8056228487855238e8, 2.5360969820275262e8
1.5803167993475693e8, 3.338693198533288e8
1.696735302797787e8, 6.318924492722328e8
1.7314911221178487e8, 2.575558057049342e8
2.79194021142813e8, 3.8393401468178314e8
1.0459917195010343e8, 2.0477454473560974e8
2.261315971258855e8, 5.2542396211808753e8
2.0433197971053755e8, 2.5824510332295275e8
1.2773990240609346e8, 1.829421633206998e8
1.4236994632954186e8, 4.486523006372102e8
4.596427551392188e8, 5.671658328447056e8
3.581303357026676e8, 4.850304532726124e8
1.7593415749018246e8, 2.4445793405479735e8
1.0617050811722706e8, 2.1262438704657534e8
2.0673990186715072e8, 2.737721183195405e8
5.375775110820721e8, 6.26362246785861e8
1.8020716713013607e8, 2.888646858670776e8
1.2429548820122422e8, 1.8570680652077007e8
1.516227442398879e8, 2.1358853070739415e8
3.3681006796721816e8, 4.371702997234182e8
1.568020593743315e8, 2.2208907981017324e8
1.5459689820675647e8, 3.7057178705805933e8
2.2961263308048227e8, 3.337557371065168e8
1.217505341147808e8, 3.160438978197318e8
3.101202745908625e8, 4.4127850428391516e8
2.0636698666464007e8, 4.0321303507813567e8
1.1450438932096697e8, 3.048608814298955e8
1.8861317040874803e8, 2.791553706306544e8
1.736236677169498e8, 2.222325376623177e8
2.085754131915884e8, 3.645586748909324e8
5.632846705895312e8, 6.361346520152593e8
1.540743637212328e8, 2.3916976324727792e8
2.028805397323112e8, 5.635591258055313e8
2.1187626894627476e8, 5.458423251068634e8
7.498373587814398e8, 1.0114746849721159e9
1.2567782701486047e8, 2.0391846162720898e8
1.3623608893533292e8, 2.8177428155088335e8
1.606219710184957e8, 3.701625552909894e8
1.4134926174862263e8, 1.910543439694689e8
1.4952732440000266e8, 2.2027116951836577e8
1.583327225943385e8, 3.236990147165319e8
3.012117873168645e8, 4.427747795769514e8
2.0269279724449193e8, 2.6091859045031497e8
6.529363638257748e8, 7.318780639653962e8
5.955599123313177e8, 7.018703407818382e8
1.3210695334015472e8, 3.45759447880143e8
1.511114611936754e8, 2.3621003753781956e8
1.3714861526565152e8, 1.8447972656261456e8
2.2761159463460827e8, 3.0005332941558105e8
5.64977047071152e8, 7.281521359005435e8
1.8216468525109136e8, 3.4157805666487926e8
1.400671636346643e8, 2.469866758978134e8
1.5783954538533002e8, 2.7949711638942736e8
1.2632823156689426e8, 2.1497857075463822e8
2.7911019016670525e8, 3.600969155984513e8
1.0053850663323443e8, 2.3847223812483546e8
1.9012919118311244e8, 3.290318733361587e8
1.1679757265980302e8, 2.4361776457977605e8
1.0636656255856273e8, 2.1463759659781402e8
3.891844288956159e8, 8.825848281514349e8
2.0166579386920846e8, 2.6848632890653414e8
1.7694251319518974e8, 3.512356374396553e8
1.482038424488436e8, 4.710615377774826e8
2.1607923812653896e8, 3.1788700995298874e8
3.695818355584744e8, 8.198865520345954e8
1.4786124253105152e8, 2.4627088478539425e8
1.4232777355775163e8, 2.2427682131261936e8
1.1157956159499192e8, 1.671735320721774e8
1.4531133995889163e8, 2.0243452516244194e8
2.3437748087241098e8, 3.147699811118111e8
4.559049261267088e8, 6.009641881431817e8
4.5143205110830027e8, 6.335473741041636e8
2.3125637642627585e8, 3.932757908497427e8
4.196350381006154e8, 5.41285172713512e8
3.093629854639933e8, 4.1012969684145474e8
1.2631721845593438e8, 2.3639245029044995e8
2.0203454762817082e8, 2.712909321914378e8
1.5352223296184224e8, 2.297975789487747e8
5.380818135512398e8, 6.225257901563028e8
8.582675316616674e7, 1.3243135805523944e8
6.296906184060662e8, 6.989992489470258e8
1.0670286951765701e8, 1.7573759587021676e8
1.5952039466261747e8, 2.235561101657135e8
1.4497384134394705e8, 2.726401794867239e8
1.701261837820589e8, 2.8802265387272966e8
3.278459373545657e8, 5.411692360011444e8
2.0589554397241944e8, 2.724629026444205e8
1.961658835696962e8, 2.916036060486553e8
6.734288643665391e8, 8.883347977514014e8
2.0940113610304224e8, 3.2847665718961537e8
1.5234822550347874e8, 2.1064827015271828e8
8.62008917725373e7, 1.528053679111858e8
1.6230074580575275e8, 2.23661370833649e8
1.534737880402665e8, 2.3462867355861476e8
1.6129724959496933e8, 3.3675819014138395e8
1.8477449507083052e8, 2.77141583106894e8
1.8216628116396415e8, 3.1032588723628616e8
2.1350665800881815e8, 3.4562004318269044e8
2.496031093667023e8, 3.916272335098043e8
1.3803833233242804e8, 4.749994527921973e8
2.8939098843592966e8, 3.9778915358445644e8
3.6957805214855087e8, 4.499965079225244e8
1.4446847863660836e8, 2.5139887219752073e8
2.0790976139467025e8, 2.8361325262741274e8
1.56332016986461e8, 2.0571007838007528e8
3.925890149448202e8, 5.645493151570723e8
1.890930403103226e8, 3.810119159495442e8
1.9260324790352228e8, 2.6541128733747122e8
1.0917385449659616e8, 1.817355999278344e8
1.5100837721013373e8, 2.2456969170388225e8
1.1734025168389301e8, 3.033515628792398e8
1.9078423807284647e8, 2.926817548374312e8
1.4355658436646825e8, 2.3874926463361934e8
1.1809679322320637e8, 2.0379193133009604e8
2.071386254019943e8, 3.31565869505856e8
5.772935480112312e8, 6.841499128088084e8
1.1970813452243917e8, 2.0835336807542408e8
3.1760733474457943e8, 3.956835762363755e8
1.3530741170991415e8, 2.0227113858827358e8
1.5520824840652376e8, 3.510918185253361e8
1.5687063989604852e8, 2.792432079757098e8
1.9772046993222052e8, 3.068586373201759e8
3.417442682840595e8, 6.068678356245679e8
4.339894598134509e8, 5.1382162829849523e8
2.6576255191389084e8, 3.409432917249952e8
1.660339319387743e8, 3.177614967010472e8
3.46585930506451e8, 4.158884383156729e8
1.8167433132215244e8, 3.429270639619478e8
3.439209373531226e8, 5.633398815735188e8
3.36895508112748e8, 4.0322668784936583e8
1.5183813327239335e8, 2.458375999207247e8
2.810531553143563e8, 3.7995835449963605e8
1.664406203952468e8, 2.5083060763979596e8
2.466084763302252e8, 3.680921842164942e8
1.8382390406760782e8, 3.540564690358008e8
2.5109211970020717e8, 3.8619786173012465e8
1.4173087581267834e8, 2.6655068990946338e8
2.2474268669524175e8, 6.275085808081101e8
2.1542638587411168e8, 3.579878665710841e8
3.9482770087972003e8, 4.730230816965357e8
2.1426935407876122e8, 2.76399581939345e8
3.2084286954739916e8, 4.8792426745254785e8
1.8176048092830443e8, 5.329071441746234e8
2.4105931578147286e8, 3.002700704384864e8
2.0151760600161397e8, 2.9763292069295764e8
1.3286563368936534e8, 1.8110312551198238e8
2.3684680762325746e8, 6.235101261500262e8
1.3631469674640256e8, 1.9368872078687325e8
1.1485848626836659e8, 1.7881177209101382e8
2.3146266014412457e8, 6.26104719234397e8
1.09507512914073e8, 1.780197856300185e8
1.727629942313475e8, 2.3912308120805407e8
2.6616205058871853e8, 4.091717538732372e8
1.8674176188039464e8, 3.5411661310689336e8
1.7282061980914938e8, 2.213575173377857e8
1.2519930802077633e8, 2.1643090178805006e8
1.600259328162694e8, 3.2797739461618614e8
2.6842944492029977e8, 3.41056271451534e8
2.0872537517463762e8, 2.85293309705165e8
1.380498545253722e8, 2.7731332376101184e8
2.2188711434048796e8, 2.9669704223798645e8
3.356089817786216e8, 4.413206252584376e8
1.2949528293738884e8, 2.4728609693794826e8
3.1135374403288233e8, 3.8437931030973125e8
1.1748765040771186e8, 1.547241396081424e8
1.2877664985351525e8, 1.867869643873873e8
1.3644602974853542e8, 2.132995201579944e8
5.858486645029926e8, 8.89290093944996e8
1.7111381001560584e8, 2.5445483718852723e8
9.168547460301077e7, 1.6571262059217584e8
1.2189626517157374e8, 1.8313456003658015e8
4.006376419165399e8, 5.0355854898006994e8
1.152021515852128e8, 1.8922030840850753e8
2.0210861073140153e8, 2.6781945524454913e8
3.253335252575351e8, 3.8204336825111556e8
1.702839591031246e8, 4.651315108472259e8
2.1354302659886992e8, 3.264504355887971e8
1.4327369284079796e8, 2.2729807474645686e8
4.119685541074343e8, 5.130307678418726e8
1.6321724969065574e8, 4.998557104260717e8
1.3395745975769593e8, 2.2829034700193685e8
1.3423872295848927e8, 2.5031736048410958e8
9.875429011619589e7, 1.6865947430991948e8
1.440291161785819e8, 2.3681272977075788e8
5.262784416336483e8, 7.219224997529218e8
1.2553748674354088e8, 2.202300062002224e8
2.4767113688517654e8, 3.342095005183251e8
3.655462908623719e8, 6.164382806434284e8
1.5804749794558024e8, 2.3396710137914696e8
1.503306621720127e8, 3.724089915679382e8
1.3750769986522672e8, 2.319650307217766e8
1.3192929624155337e8, 2.0195175515928474e8
1.9706929375827873e8, 4.6141529577835894e8
2.8062425060527045e8, 3.8116811551974714e8
8.390256280256021e7, 1.8245139085855293e8
1.1596424621122457e8, 1.970260784496625e8
9.946757890151879e7, 1.54868814728953e8
2.2027669395242554e8, 3.135755904337933e8
1.534041584120551e8, 2.2989472464327386e8
1.9870314695226234e8, 2.862672927673773e8
1.5387889450111607e8, 5.912326411684406e8
2.5570295673645085e8, 3.951606735635317e8
3.2095449636058635e8, 3.792621241988351e8
1.5399338700321764e8, 4.094929084511946e8
2.2296161970644298e8, 3.269398792536395e8
1.3070186647215526e8, 2.3326880396422762e8
1.6256672709361714e8, 2.078765941101755e8
1.49730544652038e8, 2.3757613601995978e8
1.4094548185727096e8, 2.034051481400931e8
2.1947378560911393e8, 3.244377217923811e8
5.138027926814706e8, 5.525104569454119e8
1.5069444801577282e8, 2.498823566634226e8
4.52868518069708e8, 5.3152799232576674e8
2.007474400294624e8, 3.429327102979392e8
1.9838724501844952e8, 2.693860078965338e8
3.5682606483523864e8, 5.991713638800529e8
1.9191963872952804e8, 2.2502031648405987e8
3.470369262906244e8, 4.5098754417119086e8
4.544965956267667e8, 5.567262823869075e8
2.795195117280848e8, 3.8922904964580345e8
4.2437359536461675e8, 5.217856054197071e8
1.2185919032532495e8, 2.616254934428448e8
1.2463783611280018e8, 1.6791329087367257e8
2.979756125594056e8, 4.364568952129489e8
1.4418443777939707e8, 2.1885788926155555e8
1.2806349506215885e8, 3.999670528302052e8
1.772911441381463e8, 2.1474325993443105e8
1.2979669157629797e8, 3.102354685160358e8
8.238526445774485e7, 1.487780865907754e8
2.932853054617281e8, 3.6558601006765485e8
1.6885414623428065e8, 2.0690622121589646e8
2.949293614230167e8, 3.6967865194137853e8
2.0340238025872266e8, 3.000631279225989e8
1.4487486885397792e8, 2.0122549091198915e8
1.2490484307893005e8, 1.817746515427086e8
3.8065202167461807e8, 4.5540580480915713e8
3.037623702784527e8, 3.9819182847503924e8
1.3528218117393366e8, 2.7803744199620354e8
1.4845377963327214e8, 3.1735688641318256e8
1.4403109091419706e8, 2.177644721680655e8
1.37968377572268e8, 1.842962206382941e8
1.9055705799761498e8, 3.531717066480861e8
1.5129527595478836e8, 2.771207938310311e8
1.3883472656666082e8, 3.162089049763024e8
1.3813527518665868e8, 2.0806765488433084e8
1.745640420145452e8, 5.120993421443441e8
1.4547900261235157e8, 3.1768357843791777e8
9.934947440595375e7, 1.9394874237098086e8
1.501966731853763e8, 2.1654761053996935e8
9.22706671722676e8, 1.0498302043089813e9
1.888554468435346e8, 5.846846382597631e8
1.494112018946755e8, 2.2932017236178896e8
1.9068521684718597e8, 2.5538479824663022e8
1.2288818199985611e8, 2.318984856483322e8
4.8474381078848976e8, 6.571850632329495e8
9.814801324381052e7, 1.7191038623751575e8
1.474465471229348e8, 2.3553732047495338e8
3.094060159458341e8, 5.301849959265249e8
1.882067255628972e8, 2.842284510151261e8
2.5008015013412163e8, 5.020398926023543e8
5.795456689170274e8, 6.647856555848403e8
7.35385008190838e8, 8.115678532426829e8
2.6107920060375822e8, 3.691274871698957e8
1.2285141463725388e8, 2.1246139738172534e8
2.4078253115345252e8, 3.714452073676163e8
1.3841960617731297e8, 2.5803173591672733e8
1.1570725344099279e8, 2.3167321778039393e8
1.5265231162688732e8, 2.3512695807387704e8
2.3005545498970222e8, 2.970305356609632e8
1.3868725665734732e8, 1.9614121912340412e8
2.0717396742745596e8, 2.750952856905447e8
1.4707519802580297e8, 2.46696236368443e8
1.2150506067395805e8, 3.467373707855061e8
1.2873273852938083e8, 2.835550498360536e8
7.21501505542533e8, 8.17954394053361e8
6.412558405182165e8, 8.063571154849309e8
1.761431662204156e8, 2.6413603802137387e8
1.3372402308486044e8, 2.4649296018215844e8
4.511733694553548e8, 5.0451862580102694e8
1.6619062413817394e8, 2.6559458555514142e8
2.0565304630605412e8, 5.086079341643781e8
2.0783764383582646e8, 3.064700467621786e8
1.273357756576893e8, 1.791656254781184e8
1.2617983163118552e8, 1.8655973333040765e8
1.3604608952013803e8, 2.169543512706776e8
2.1221531878451642e8, 3.20203690448074e8
2.3670150594262093e8, 2.840708820397479e8
1.299606741268228e8, 2.2807607598732778e8
2.4682851169733107e8, 3.379853433829875e8
4.185942942093847e8, 6.48517116838974e8
1.3670530063030344e8, 2.005350340821649e8
3.191124948124746e8, 4.1729157898153794e8
1.394315249640564e8, 2.0315728657226798e8
1.6510128335376048e8, 6.821225670352186e8
1.3945567664363784e8, 2.0610056606787044e8
1.6943786133222848e8, 2.5031648563902014e8
1.6002943411463076e8, 2.20543247525008e8
1.3961322476391605e8, 2.2965810848066032e8
2.65048656470443e8, 3.272201943749859e8
3.3599939863939434e8, 1.0144537530896266e9
2.5552754751427686e8, 5.134169638440656e8
1.5293464320965138e8, 2.1923710170660016e8
2.984364650465725e8, 3.7815759226031655e8
1.748735564754464e8, 2.609132726279162e8
1.6756907579956082e8, 5.547917936820363e8
1.7918329310043436e8, 2.6230753818271944e8
1.4349575935246837e8, 2.295942356455978e8
2.818820024148742e8, 5.1727693962523735e8
3.504290105246326e8, 6.48369716577232e8
1.2613377714182745e8, 3.2263818170078367e8
1.1386822367929079e8, 1.781462442118458e8
1.2450177343573701e8, 2.245939215941562e8
1.1225780617587514e8, 1.564714630051595e8
1.2817507350104591e8, 2.0754673999423438e8
2.5978525780765438e8, 3.123431425953948e8
1.433190698494208e8, 2.5271578981797552e8
1.2974355199851908e8, 5.116668309659528e8
1.2042528424162665e8, 1.7460803145944378e8
1.9238945793343914e8, 4.3395436495831084e8
2.0128833574622923e8, 3.1307732422729313e8
2.06045749114971e8, 2.6981522672136414e8
1.3277071912239923e8, 1.991785491148996e8
1.0406847098574167e8, 1.6753223786335588e8
9.412612000745848e8, 1.0195761800448213e9
2.863839663218577e8, 4.612204077835312e8
1.5955384857796946e8, 2.3683613962957236e8
1.2046894153201386e8, 1.9369008747982362e8
3.908987624692427e8, 4.6747986984260476e8
3.4984148493483293e8, 5.338129366946734e8
1.0667232392367464e8, 1.577560680906938e8
1.497860726816423e8, 2.988452763210402e8
2.1283112025599092e8, 2.970328563412706e8
2.6849178014031553e8, 3.457586141380126e8
2.541775536329353e8, 5.209043795205562e8
1.5677991747447866e8, 2.8765970471111465e8
1.267158215393357e8, 3.12287887537834e8
3.1508892620158607e8, 6.491710723993424e8
1.2463778633181615e8, 3.1562018125323e8
3.783547238808161e8, 4.514820830771716e8
1.1224053635273631e8, 3.023938397734293e8
1.425533179454878e8, 3.421921386801544e8
1.781269337254419e8, 3.432114159470692e8
1.9571015371302682e8, 2.6380437016761783e8
1.587451579367677e8, 2.9650378877214265e8
1.4098368192990738e8, 2.090970948316261e8
1.849010310548046e8, 3.9488730473043966e8
4.009738960045724e8, 5.073160562539361e8
1.7276844746016407e8, 2.86865090732526e8
1.1800759875701527e8, 1.5914357630933636e8
2.1262423200286478e8, 2.7997133186025476e8
1.8779637084057805e8, 2.6002980428845367e8
1.40654533308504e8, 2.0950364182706013e8
1.1968859120750636e8, 2.139427777699157e8
1.353406334097374e8, 2.4299748359897867e8
2.8331873368717027e8, 9.575179234950737e8
1.4758646163183457e8, 1.9989799849963164e8
1.65347243450167e8, 6.03499782724763e8
2.0768923157938266e8, 3.2089997036707944e8
1.9804727716190833e8, 3.1021129197413313e8
1.2993679927986169e8, 2.083451481343054e8
1.976107933060993e8, 2.860959108646987e8
1.9240511141231647e8, 6.541061063382497e8
1.310106202263509e8, 2.1586623915059212e8
4.672007088919854e8, 5.614485597455361e8
2.705429641934498e8, 3.578100709388108e8
1.313932168515767e9, 1.5417293518435087e9
1.7049005389068764e8, 4.858277148836682e8
2.057890378013793e8, 3.0125255105375534e8
2.149828962581379e8, 3.0416702501169e8
2.8594314805466324e8, 4.374728427577169e8
1.3032975729232253e8, 2.0156667136748347e8
1.5513447028197265e8, 4.010943745610478e8
1.680796200560485e8, 3.6026156336034465e8
1.6698749859839576e8, 2.2215869144623291e8
1.9584100525280705e8, 2.6618213929060364e8
3.476361001298369e8, 4.386042797501129e8
2.2816381231624013e8, 2.8952246692697734e8
2.8545279420938975e8, 6.06265114978272e8
1.3226716325306462e8, 2.0644900478480053e8
1.726177676059863e8, 2.855987477999541e8
1.383885470121442e8, 2.901091957795474e8
1.803863425758623e8, 4.957115347358471e8
3.1028103463656884e8, 3.8709617181132e8
2.2696712154660952e8, 6.456367810854219e8
1.2532838812098882e8, 1.705818498195485e8
2.791397756693111e8, 3.6861687668031794e8
1.966451576150784e8, 2.994045387432383e8
2.2835643791652775e8, 3.3191067949840546e8
1.8325104710819513e8, 2.3327516858928287e8
2.496901071289621e8, 4.9229573832811743e8
1.8304274575774813e8, 2.791135689953457e8
5.897141213971695e8, 7.993662979690899e8
6.551467209703779e8, 7.570967802113321e8
2.1083732131088167e8, 2.7487332148697096e8
2.311529123312496e8, 3.0319636994335645e8
1.9890609286695558e8, 4.150972694111412e8
1.4356993159362015e8, 2.539977756078705e8
2.0643895571915334e8, 3.892769957506025e8
4.171267104172034e8, 7.087213257358375e8
1.7359541355048156e8, 4.864763038521084e8
5.64510119346104e8, 8.466394054977447e8
1.55929626899509e8, 2.356317595953718e8
7.160740199990796e8, 7.895218408996023e8
1.7459099671862444e8, 2.9893440793053645e8
2.0071132330883133e8, 2.594878936239842e8
1.7955661827130646e8, 2.834681505626352e8
3.490695204010718e8, 5.731290863639792e8
1.8030520002306205e8, 3.2588124706264174e8
2.705922504476341e8, 6.49199918328411e8
2.725786014865552e8, 3.902208615509653e8
1.8751456698281968e8, 5.0216712147810125e8
1.2766387639972803e8, 2.3608290097495505e8
7.58497836535307e8, 1.0635647291776286e9
1.840368885352993e8, 3.092338071510096e8
1.74974647685324e8, 4.413291470446761e8
2.2889465268669966e8, 8.437446897481936e8
2.2498127406901824e8, 3.6295171395030546e8
1.0974182047448678e8, 2.0365231888419616e8
1.30418783568992e8, 1.8478830469566068e8
1.9045749771623638e8, 3.156387386091798e8
1.4681574880800307e8, 2.3652039600749078e8
2.2797449814527908e8, 3.8148555236614835e8
6.504325616422693e8, 7.317444612827696e8
1.897191841221679e8, 3.289753627690403e8
1.1391696776082818e8, 1.959499777103e8
1.734642108896307e8, 2.692353970313007e8
1.9326005887338603e8, 2.668509481825919e8
1.6346819123174584e8, 4.4266929806089175e8
1.2813813412053996e8, 2.326761607231169e8
1.6905146400293437e8, 3.342091496570896e8
1.8770719115724915e8, 2.504627218855841e8
1.620050682297551e8, 2.4394800929044506e8
1.801944738444752e8, 2.556428110438617e8
2.0880284117931694e8, 2.695528913664088e8
1.3664592945921987e8, 2.372142944240307e8
1.3537260937922534e8, 2.159174350459862e8
2.1732802608784267e8, 3.175134665070867e8
1.0894079777014925e8, 1.7149172319053876e8
2.793394358441751e8, 3.923297003159957e8
2.7966619237853664e8, 3.725554429386901e8
1.761687959579877e8, 3.7771013778299147e8
1.6679047813133252e8, 2.3837040594983488e8
2.034010862065846e8, 4.180664956915557e8
1.6847121469951355e8, 2.563689623269191e8
1.420482612134165e8, 1.988241235462891e8
2.824356840209668e8, 3.913674339519756e8
2.1240795457864887e8, 2.803953692121761e8
3.06001281757689e8, 3.6747535942020136e8
5.2507089582809293e8, 6.872875024908648e8
1.9303439122306436e8, 3.5939600610079837e8
1.6163975283787227e8, 2.8088176179295516e8
1.3811921592083204e8, 2.407052644116244e8
6.445630273612847e8, 7.583226993300714e8
1.4416924088221315e8, 1.9014158086876768e8
1.696729774881115e8, 7.421221847419953e8
1.2491031647172017e8, 3.7648678847412616e8
1.3308358166911024e8, 1.9921016352912924e8
1.6839114310221618e8, 2.2716235669300073e8
1.6678525312991732e8, 2.219526207716209e8
2.001172565175199e8, 3.6004200345101076e8
1.9681996959416407e8, 3.5062643745606065e8
1.0455926198431447e8, 1.6716050880268198e8
1.94516583585175e8, 2.6779888326091924e8
1.5676496215573567e8, 1.9714823082496175e8
2.7737211269047254e8, 4.341966381419099e8
4.893949659229254e8, 5.355484394420314e8
1.3015696532016492e8, 2.2086592748780027e8
1.3869863050282478e8, 2.201384003659718e8
1.624910088081183e8, 2.5711483811090222e8
1.5427821078573263e8, 2.776690191972112e8
2.256841879959002e8, 4.0485775143222594e8
2.2063497348662192e8, 3.0713589449805653e8
5.065890502071726e8, 6.783912278761585e8
2.217148624550822e8, 3.3230509443510884e8
1.3076683375610729e8, 2.0822147236787453e8
1.465204757873491e8, 2.2343236812987936e8
1.8258510869199142e8, 4.724618305583796e8
4.0500209098451453e8, 4.766376860401449e8
1.3136934538663599e8, 2.2406492045868346e8
2.164049983955168e8, 2.938212420277394e8
2.1081688988785136e8, 3.0746944069350725e8
1.5740277402744818e8, 2.3280171788613367e8
3.751612185394691e8, 5.653823965749916e8
2.5683750914102268e8, 5.570863419885511e8
1.3986045123747373e8, 2.6646636959698594e8
1.830846436000065e8, 2.3710194403040883e8
1.2735215364242876e8, 3.120873503596334e8
2.1538499530637664e8, 2.6705738796596882e8
1.1122290328323734e8, 3.629766455933362e8
2.0499355703416944e8, 2.90402182328728e8
2.1810676853244615e8, 3.2131256141475844e8
4.911245034132039e8, 7.588339998111604e8
1.3644010608476257e8, 2.1310296096430206e8
1.1792679740115906e8, 2.983475454742047e8
1.6872475734061915e8, 3.3326394572130704e8
1.8285996278066805e8, 3.146275754369547e8
1.7377434224509275e8, 2.5490854464356372e8
3.225623472402335e8, 4.346551381502311e8
1.7352046323986468e8, 4.8745055189021015e8
2.5327145803727403e8, 3.604201089577916e8
1.8502591594893146e8, 2.6080392525869823e8
1.1035404508566345e8, 1.939909282855934e8
3.09206143839484e8, 4.2637470880647343e8
1.4554893237276787e8, 3.070276028810936e8
1.495109585263273e8, 2.0416307548997852e8
1.7453389518304694e8, 2.80104798416681e8
2.3813998433873513e8, 2.726730756164164e8
7.008949291181842e8, 7.446082176834905e8
1.3912592559244478e8, 4.8165790934921587e8
6.955991284552239e8, 7.949325516495504e8
1.4506880936591217e8, 2.2972912936125118e8
2.444099792010369e8, 2.9793137032900393e8
4.14769067313991e8, 6.165962936881527e8
4.3366471798492205e8, 5.59426567661969e8
2.2084607371013492e8, 3.902502367988504e8
3.54516530862913e8, 4.13568987128907e8
2.4000320926297235e8, 3.79524132647748e8
3.439675078074261e8, 4.602135258327334e8
1.619421870315398e8, 2.4397161410414997e8
2.1276921104112333e8, 2.7172604737874615e8
6.192818915465542e8, 7.402752757198521e8
1.5560012278837648e8, 2.5098319351268128e8
4.7148968952271664e8, 5.757166162255521e8
2.0561505588726574e8, 2.6627232286536607e8
1.9323068041132423e8, 3.257734346289295e8
3.139041968369087e8, 3.724831314896747e8
1.6995704526943338e8, 2.7788526767731166e8
2.5537778218007213e8, 3.5719695234778106e8
1.7157141630530447e8, 2.3260562061001676e8
7.605018795470579e8, 8.982839374025282e8
1.7361327450462723e8, 5.1311641945885247e8
1.477999022642363e8, 2.5310564713626838e8
3.2912925987726295e8, 4.9279115566244334e8
1.4743508440582654e8, 3.1426458231945497e8
2.1664626141581577e8, 3.6038527295889175e8
2.742684934548693e8, 4.180316837797118e8
1.4914417870641005e8, 2.509264223692834e8
1.764163460890658e8, 2.8686739439292306e8
1.440316703648479e8, 3.470187406718766e8
6.927187008473506e8, 7.524795419133502e8
1.415383400045423e8, 1.94103320064898e8
2.0149628570054412e8, 3.566102716156609e8
1.5621107425040108e8, 2.8494052930114526e8
2.0222670990932444e8, 2.722706622484373e8
2.6078386808437362e8, 4.681377338265337e8
1.4161847679479295e8, 2.0187091397779414e8
3.4043434685994226e8, 4.147147974758125e8
1.5439827651157135e8, 2.40245114655887e8
2.9684156768985975e8, 3.926289743448249e8
1.7729727903317565e8, 2.315364347425511e8
1.4615154584773946e8, 2.6328762800005984e8
1.7108266818553066e8, 2.4806100183978045e8
6.641071102623961e8, 7.996241914329625e8
1.8728793262245125e8, 3.5503188249012655e8
2.2140838059779754e8, 3.492456897827115e8
1.53240242721654e8, 2.2116287257865667e8
1.4022760165021873e8, 3.374631669784567e8
1.4946812174246466e8, 2.5888372915846345e8
1.6106877959524253e8, 5.237575822251704e8
1.2057857386234792e8, 1.8377168309328714e8
1.5090978252924424e8, 2.0715455375333843e8
2.1079493966015285e8, 3.0463292161460763e8
1.6009793755898753e8, 2.4523107233070955e8
1.807294015046951e8, 2.9321645840190333e8
1.111112281510157e8, 1.7838671159175742e8
2.6077879746593553e8, 3.349381153766701e8
1.1949624094919594e8, 2.7319805066524667e8
2.0314946774303222e8, 2.8917564355488116e8
1.4605716889085266e8, 2.4968974316008386e8
2.79414067770315e8, 3.528186788881276e8
1.281879743607192e8, 3.63169543134862e8
1.436628384390527e8, 2.4779128019685173e8
3.259631043313789e8, 5.1683647093023866e8
1.2676272743809499e8, 2.286826846588413e8
3.74598646405764e8, 6.13732294363681e8
1.407580505326559e8, 3.3259721064959496e8
2.228653677294705e8, 4.0318963100344896e8
1.635548296008111e8, 2.3370048298786053e8
1.2209783249327245e8, 1.8939411354283342e8
1.5755246068878502e8, 2.992288983167821e8
1.1122792084719968e8, 1.7070858924487847e8
1.7326189613853085e8, 2.888730259372943e8
3.3736687416682315e8, 4.042776435938157e8
1.5408521464967102e8, 2.6045640783074585e8
1.0624436678687155e8, 1.5986476699446547e8
1.6947485930707902e8, 5.588799156507372e8
1.12050762930461e8, 3.504028000222283e8
1.30301180032068e8, 2.5634773860742134e8
1.6533620133758056e8, 3.38713837752553e8
2.1812749627018854e8, 2.8438877978540075e8
1.9837164556328982e8, 2.7961333458513737e8
1.5755234642471772e8, 2.4399877501166806e8
2.3305941014899528e8, 2.848227811055228e8
3.911645664295523e8, 4.4077832157496196e8
6.268839821419089e8, 7.376416352910488e8
1.2984898498233224e8, 1.854429060324021e8
1.4605025839614326e8, 2.4934784355628827e8
1.70265362955892e8, 2.3561029551984128e8
2.424889327000429e8, 2.9561540700318116e8
1.6605262064345896e8, 6.28753990197e8
1.2979571496215175e8, 3.1561654946839756e8
1.6590918203720653e8, 2.8436134227773845e8
1.394552847247041e8, 2.201061036901566e8
2.478954221152985e8, 2.961280120185851e8
1.599539875100609e8, 4.2047024834754467e8
1.2330703097898604e8, 2.3064567599792027e8
1.382378711605393e8, 2.6611625640482196e8
1.8185065464575493e8, 2.7683229169578475e8
2.4069906066692403e8, 4.326595319270553e8
3.158717776233748e8, 3.8512959809874904e8
1.36383120724396e8, 2.3591739396931592e8
1.434714708582234e8, 2.081105231282725e8
1.7511888214992982e8, 3.748099965929366e8
1.394892390439263e8, 2.53842973422906e8
2.432247276594141e8, 3.102082494295107e8
1.2172249235287474e8, 2.249848019975482e8
3.2626920793819803e8, 4.200608480756325e8
1.425055185057968e8, 1.996520295709702e8
1.5290512237213522e8, 2.1608314833603948e8
1.820926134853481e8, 3.160287967153243e8
1.168227809756867e8, 1.9756344794286162e8
4.6420044492516005e8, 5.419515593175725e8
2.9145741064730626e8, 3.4368022369180846e8
2.827935252155646e8, 6.383316691372664e8
2.9510004013494277e8, 4.6866594425502187e8
3.798319627532473e8, 4.4847840800027364e8
1.3724132191350135e8, 2.034787919575096e8
1.3577070580624312e8, 1.967525352781886e8
3.771322443798435e8, 7.361390522047131e8
1.5149218139380103e8, 2.4325203395719078e8
9.70279826109081e7, 1.599554994123124e8
1.688166907086527e8, 2.2118270582287177e8
1.5410212010319248e8, 1.989221902651689e8
2.003303099491378e8, 3.4158686102425796e8
1.4226614617686242e8, 1.8572024060430038e8
2.5057536597934282e8, 3.1629213281907505e8
3.219572039639554e8, 3.842457521121381e8
3.038388563141573e8, 4.4024064623601913e8
1.3937604781389982e8, 4.421493389553253e8
1.1878715147609006e8, 2.5635912759575805e8
1.2719825399873963e8, 2.4809356167374524e8
2.238280462390686e8, 3.382169237982989e8
2.771868606266501e8, 4.6459652714129966e8
6.136171620262613e8, 7.128769108328792e8
1.6674100180390173e8, 2.799515041918718e8
1.928492118715449e8, 2.726969855918436e8
3.004742617785632e8, 4.094955330259158e8
1.740353995050022e8, 5.303196718055153e8
1.2929704443135984e8, 2.2572329934728342e8
1.6219294723685104e8, 3.48006319332641e8
4.7296934034024996e8, 5.447107792481239e8
2.5051073323263204e8, 4.9594309167610013e8
1.8122554622389174e8, 2.536696901695386e8
2.3453453143178558e8, 4.3311670174896455e8
1.7445036641944367e8, 2.7754950119623035e8
2.0322698123551255e8, 4.455561147462875e8
1.5654019336151764e8, 2.6035522000811785e8
4.9069456116949964e8, 5.875941491428885e8
1.4334881689612013e8, 2.1598547635896033e8
1.6504414017060444e8, 2.4895656712744114e8
1.739121658635006e8, 2.5848327547924232e8
1.2918647131851146e8, 2.6127772343511784e8
1.7080591197743565e8, 2.6277132285546514e8
1.3643862204932773e8, 3.1713079154585695e8
1.4677319811510026e8, 2.1402419017372602e8
1.8372063241779345e8, 2.5927324405559686e8
2.6818672056353116e8, 3.842244396219162e8
1.366260306677178e8, 1.8679888554764295e8
2.0109596691025776e8, 2.590788878049553e8
4.1025071794963944e8, 4.870001656062894e8
1.83611453259234e8, 2.3540765672739163e8
1.9958217806047755e8, 3.0098812351647705e8
5.827693736160233e8, 6.497617859801909e8
1.5671676821887147e8, 2.604159121708986e8
1.2588287220517065e8, 2.1668133572601026e8
1.5179572951015484e8, 3.1214280878117794e8
1.2427891119086367e8, 2.399664892915766e8
2.2891169327085692e8, 2.998860472281025e8
1.2003112879567872e8, 1.757759468847456e8
1.535091253985656e8, 5.976043314959145e8
2.1225759874235335e8, 4.344147195865744e8
4.732481665500214e8, 6.02765010299557e8
1.5542371093972316e8, 2.341474554451255e8
1.5475794280014843e8, 3.421724945724627e8
1.832999892719605e8, 2.6285391852688667e8
1.4581714606804174e8, 2.6678929851357442e8
1.0993493812928519e8, 3.9322863017820585e8
1.7266748354115272e8, 4.058406093781426e8
1.933364874960332e8, 4.642735131248017e8
5.1417316073759073e8, 8.28961576966278e8
6.642560098137487e8, 7.894820979575331e8
2.759211083279129e8, 4.0689838416055477e8
2.5683445981046128e8, 3.6388055839453113e8
1.4625350416507787e8, 3.0150301142648464e8
1.8865250935327953e8, 2.6603811529041317e8
1.1947644116676928e8, 4.5526520314309794e8
1.3105165076038375e8, 2.5698234459107918e8
6.567634327007741e8, 7.689691785813025e8
1.629187757376325e8, 2.8011521262429744e8
1.913261652558151e8, 2.907051290072769e8
1.6604307583200604e8, 2.2196845337262428e8
1.1627615786116603e8, 1.775278849561838e8
1.52050889226075e8, 2.1478087717875463e8
1.7233378274054372e8, 2.6206693220863834e8
1.548422881562531e8, 4.03822386485602e8
1.9754985017177194e8, 2.7956510302505356e8
1.7512546271176338e8, 2.8137364516526455e8
1.1001623031198102e8, 3.9599367252191633e8
1.2626273451805998e8, 1.726180643443068e8
1.865609563531345e8, 2.9918610483767813e8
2.063941539159248e8, 2.973092836264389e8
1.1677686082469632e8, 2.1010118089266884e8
3.6959240628850126e8, 4.471585711466417e8
1.3571611908139274e8, 2.1423672671293512e8
2.6032110252593452e8, 3.423242429459911e8
2.3333610912125874e8, 3.002766811562844e8
1.3800703540026292e8, 1.9943640884670827e8
1.4478274841013467e8, 2.1240776011896402e8
1.1921346660508385e8, 3.019244948303559e8
1.875691396672649e8, 3.522865286866349e8
1.9425746965378577e8, 3.3438112011138254e8
3.941827329120668e8, 5.785325352757869e8
1.4366826577525574e8, 2.251534028934234e8
1.8460941230972463e8, 2.741630738386276e8
2.986732209917755e8, 4.126463266752314e8
1.3950410501716328e8, 2.3228729574570805e8
1.0058006754154482e8, 1.6907697828088984e8
1.9734110701554474e8, 4.666382221969303e8
7.195227242818816e8, 8.615932401149592e8
1.406258415080637e8, 3.6886124812800485e8
1.3667116400927395e8, 2.733316977887827e8
1.600800218442582e8, 3.244362406723771e8
1.51785612684363e8, 3.928678565631464e8
2.2029808046867895e8, 3.202642795393856e8
1.5891649014114958e8, 5.648439366547884e8
2.052707411889157e8, 2.602496388194475e8
1.4017738385126185e8, 2.009146624827762e8
2.3051913482791907e8, 3.5022204628170735e8
4.1192323281157434e8, 5.084918105979832e8
9.53676164977245e7, 2.4588123854694876e8
1.678230427001789e8, 4.898527137083661e8
5.237039177276352e8, 5.889831692658244e8
1.8600018792390764e8, 2.776764447673951e8
1.5547662669149458e8, 2.227853320778952e8
1.9293661034060466e8, 2.779822850814128e8
2.124571894621067e8, 2.604359151633591e8
1.712787313424486e8, 2.703466825146494e8
2.2641369826572394e8, 2.880005982996177e8
1.166361959577109e8, 1.7345095300816044e8
1.4142931059903556e8, 2.1087894286272654e8
1.2608904732109405e8, 2.16817438755761e8
2.2487609185886067e8, 3.981835273801406e8
2.729089848083388e8, 3.787722041905038e8
3.7606855353363645e8, 5.713623496439763e8
4.598205918123231e8, 5.673766090934376e8
2.1145527382139826e8, 3.8888648935239047e8
2.8216337256804913e8, 3.2349425391027904e8
1.2303408282251932e8, 2.3758909293878204e8
5.615084831912019e8, 6.184524576354623e8
1.837414250081973e8, 3.555677400840147e8
1.9418284965132868e8, 2.8845931287546384e8
2.0331254434444052e8, 3.2256989146006495e8
1.3471135848150173e8, 1.8768076275901031e8
2.8116395729681826e8, 3.567224649197952e8
9.026292983537698e7, 1.2857162703211774e8
1.0040445978781582e8, 1.8468019650232214e8
1.2782258997060499e8, 2.1132138796260595e8
1.637539978656481e8, 2.9725376322496444e8
1.2451286756338839e8, 2.150965136663224e8
1.2997190901366924e8, 2.9377775570107013e8
4.2691600992428106e8, 4.974425214635063e8
1.6495142291038167e8, 3.0638779570129025e8
2.063278515653444e8, 3.798940221494033e8
7.543776551115178e7, 1.5147271754361463e8
3.421245496006856e8, 4.684555417522927e8
1.5130958433816642e8, 2.755277012877589e8
1.3413071205720259e8, 2.076668227193217e8
3.6616128783401275e8, 6.892029866913261e8
9.202038123829375e7, 1.614751825055522e8
1.337976338234288e8, 2.9744219842076045e8
2.403131824277355e8, 4.235946872120041e8
5.1684946610356355e8, 6.330340581935042e8
1.0870084483956034e8, 1.7045856570485285e8
1.4571324699537468e8, 2.4995716517183325e8
1.454495670913744e8, 2.1381874082187456e8
1.8505730522422817e8, 5.3201747598415685e8
2.348806525334769e8, 3.426202118498662e8
1.3979128660518122e8, 2.7306017878792673e8
1.6225324553894928e8, 3.0043534770814216e8
2.6369952311406988e8, 6.838061084067843e8
1.6209193783362573e8, 2.166758083772398e8
2.3778395895005453e8, 3.0787652049570256e8
1.662225352523663e8, 2.670413515185453e8
1.4980452390861952e8, 2.1852981501031703e8
1.1504893894251128e8, 2.150575249131001e8
3.1423829413230014e8, 3.980776849647248e8
5.405551634472773e8, 6.909028551930449e8
1.8966372906648397e8, 3.5033303968157226e8
1.658548415565539e8, 2.917232939288482e8
1.5354203017891747e8, 2.008750063372104e8
3.185748314911634e8, 3.8631624558764553e8
1.5571506670376158e8, 3.176361004821637e8
1.0588291190758371e8, 1.9400093505871847e8
4.7698236588148886e8, 7.90718172815426e8
1.8134250912894648e8, 4.115906924727202e8
2.3092908232276207e8, 3.7106754519592804e8
5.821748498834119e8, 6.90856278773483e8
1.4080367979462078e8, 2.227054671682031e8
1.6041255139343035e8, 2.649759096688924e8
1.1008637749341485e8, 2.5702031770527866e8
1.3509979191669923e8, 2.6599716905347747e8
2.1457988724781927e8, 2.8100266604319924e8
1.0929429747270064e8, 2.5862429389528564e8
2.280492486555351e8, 3.659307035270452e8
1.85748971586838e8, 5.537369838115665e8
2.9189364890035975e8, 3.9744125529976046e8
1.8840848070896298e8, 2.827824952783063e8
1.2174328586248694e8, 1.960367746617449e8
2.1655040580427006e8, 3.1026572964879745e8
1.4354740700384343e8, 3.8393952070383686e8
1.2778396665906066e8, 2.401800916771813e8
2.0911036168236017e8, 2.859552921375891e8
1.6473379571182853e8, 2.618260416839837e8
1.890100980252512e8, 2.837135766969483e8
1.7718288077163428e8, 2.393888100052309e8
1.858996697964084e8, 3.5445188329943615e8
1.5671041698422825e8, 2.3885001646578702e8
1.7862722390914512e8, 2.3125284194643164e8
4.123301540805293e8, 5.480853716022034e8
4.7593701523658055e8, 5.2634000566993654e8
1.563118114106221e8, 2.309654148192888e8
1.9037202246304038e8, 3.069728173039919e8
1.791195570640731e8, 2.6744585019830203e8
2.2197689358781695e8, 2.902636608029207e8
2.3931529152578595e8, 4.420591482867764e8
2.6762936193050885e8, 4.8974541797667223e8
1.1393904757632782e8, 2.439936534279365e8
1.4772539070595613e8, 3.046860540358452e8
9.05378299863299e7, 1.4047644563201156e8
1.9601741016858384e8, 3.0154818100368917e8
3.047416592496109e8, 3.41963582031944e8
5.656820306902213e8, 6.22049363985545e8
1.260520687034455e8, 2.78771275535907e8
1.7321081968714347e8, 2.3936254667687914e8
1.8070987009962392e8, 2.5739292996908447e8
1.5246057622560993e8, 2.1472041703489417e8
1.4073231093239927e8, 2.3257108217723307e8
2.1722205390909478e8, 3.1003121557843846e8
9.395620283743653e7, 1.70768922433603e8
1.3039517685175285e8, 2.1177184734481126e8
1.8636806397817087e8, 3.1728509414165694e8
1.2359212430491917e8, 2.1472684212905905e8
1.393957435033293e8, 2.373893187170679e8
1.619881056106063e8, 2.7189897966491616e8
1.0114767912614481e8, 1.7724004599010128e8
1.2977624314465067e8, 1.6801416870203286e8
2.0511262961438072e8, 3.0635733900294787e8
1.2346337438038692e8, 1.7164754395798215e8
1.265686455703007e8, 2.1617872031243503e8
2.391925349183063e8, 3.6684415545124936e8
1.6406411318852797e8, 2.4405408951440504e8
1.8700376827248764e8, 2.64624095684648e8
1.5198227079965246e8, 2.5390102369715303e8
1.9613687827778894e8, 3.0344003479742247e8
3.721531851144436e8, 4.7116108668107104e8
2.347097341724506e8, 5.341837444969101e8
2.0385316953588784e8, 6.604535942150625e8
1.703821191185061e8, 3.506703765532157e8
1.1837633723809478e8, 1.9311304504540724e8
1.8776655026022607e8, 2.885399608729665e8
1.7573674563785684e8, 2.7037113153911906e8
1.6736018479635942e8, 2.0543665278632227e8
6.023912135587282e8, 6.758902194979589e8
1.2693344955582727e8, 1.7943775522935173e8
2.1424272941427732e8, 4.1168833220556015e8
1.4207927202407956e8, 2.1237028791361737e8
4.240736417663263e8, 8.656285600738591e8
3.368970559376129e8, 4.0986007637159306e8
3.0856079968589985e8, 4.5296830771097296e8
1.9013920955388436e8, 2.424466742634465e8
1.366939605354588e8, 2.255604138352525e8
3.6096772560287607e8, 4.8103360322864705e8
3.3203474402961993e8, 4.118318105011434e8
1.3250925118531476e8, 3.683855229221852e8
2.3539922165690553e8, 3.8000981335773873e8
5.464535528425022e8, 6.451091768909682e8
2.664014807129533e8, 3.714452564080645e8
1.0413978376987238e8, 3.071087633197766e8
3.867082583573693e8, 4.856470627346912e8
1.0890256718329605e8, 1.8478543602987632e8
1.1876063227707043e8, 1.82826737353172e8
1.8533115013948104e8, 2.7850789973621756e8
3.502235659902377e8, 4.2958303231161124e8
5.3212342044482416e8, 8.131766482833514e8
1.7464231526492757e8, 3.201816170710707e8
1.5270909888047004e8, 2.0198128246932894e8
1.9407587548425838e8, 3.432093415936583e8
5.1937462959404945e8, 7.433273095041628e8
2.3169367826010972e8, 3.411096767706606e8
4.375513133301424e8, 6.432930606553489e8
2.8484182748331046e8, 3.487423772659169e8
1.9479282531388196e8, 3.6732996263751936e8
4.9535753825800806e8, 6.354303604932433e8
1.7268778779754138e8, 2.2388800520265207e8
1.2688629773050337e8, 2.154954774824845e8
1.7266570071354818e8, 2.5499523552503195e8
2.3061466283289728e8, 3.16347058474292e8
1.2361320835509609e8, 3.2182872877032024e8
1.6213877175841355e8, 2.397132241136775e8
2.9758908872065043e8, 4.0928055705357593e8
1.875684275258381e8, 4.1187227676144195e8
1.9658063330268973e8, 2.5968194370196787e8
4.6259005172198373e8, 5.556457378747001e8
5.382281436823494e8, 6.703024427316117e8
1.4482776540688902e8, 3.5121082209298384e8
1.4599309452118832e8, 2.9670301087831783e8
1.160664466039621e8, 1.90946586521389e8
5.121715489281286e8, 6.009029631220784e8
1.0891794874380675e8, 2.1368471238579112e8
1.475219697863325e8, 2.7529537655730027e8
1.3678034758424473e8, 2.4493983655680943e8
2.967475892211079e8, 5.387835185704583e8
1.650364255119285e8, 2.334857830913871e8
1.681999989500396e8, 2.4258641355616623e8
3.342873196794641e8, 4.6906507373749214e8
2.030727842289127e8, 3.4471939129647464e8
1.738641308536995e8, 2.484139348641941e8
1.1567974098696618e8, 2.0240989820896497e8
1.6048616215305108e8, 2.4747497310614926e8
1.7429754455130887e8, 2.3509380209948704e8
1.2007896311365302e8, 2.278432736725502e8
1.5505314050640872e8, 2.2472206535274726e8
1.0533981689011927e8, 1.5070595965490824e8
4.4646342777864105e8, 5.399681168013694e8
2.0357473318563792e8, 3.4778917536178e8
1.1279397435295504e8, 3.036244977005508e8
2.9564129231177795e8, 3.4764127370340186e8
1.7296104313280508e8, 3.225578127717665e8
1.328607987760647e8, 1.8412478379773998e8
9.151559620777765e7, 2.0072999943995374e8
1.7540836526238447e8, 3.406510851084258e8
2.058981825406614e8, 2.902307140688669e8
1.2483852480928755e8, 1.8761632723276702e8
2.162530982225928e8, 2.9006182028008926e8
2.2743513747743195e8, 3.1885054759260994e8
1.0923569881429139e8, 3.7253592727429104e8
1.108197774140994e8, 2.252913625177034e8
1.479227886951384e8, 2.5188835819870973e8
1.1829103621414429e8, 2.0632765113161248e8
1.743204158755262e8, 3.612202827087362e8
1.15303920661947e8, 1.9137129417368773e8
1.4717401916763103e8, 2.0993521064870012e8
1.7564737882709837e8, 2.5132140454432002e8
3.0345011561858064e8, 7.579646256796211e8
2.7991828036514837e8, 3.930605233577534e8
1.5673338651801693e8, 1.9799866740372232e8
1.7138874886550412e8, 2.3021127711832345e8
1.103613933003298e8, 1.7680859684610143e8
1.2768057589421041e8, 1.762412378230885e8
1.4346209326358637e8, 2.6248308895663336e8
2.7003833503769064e8, 3.764423960074452e8
1.4272021245722115e8, 2.0616881496826082e8
1.180578335492368e8, 5.1195781824340403e8
1.1368668325953038e8, 5.305690671424673e8
1.3733374403756863e8, 2.845415953004308e8
1.3310419071489567e8, 2.988640395071357e8
1.5856517016309074e8, 2.7781640332449186e8
2.9070688816110873e8, 4.994663929544818e8
4.279647352963419e8, 6.905541378357112e8
1.9190442410793942e8, 2.507635120992108e8
1.0755550440663312e8, 1.7753377946323007e8
2.159793956061539e8, 4.253714309265041e8
1.7204264371130052e8, 2.586951537513947e8
1.8264489023028558e8, 2.399598252010286e8
1.43424550512765e8, 2.093203723855509e8
9.433749260626422e7, 1.666004183509711e8
1.1835490424803358e8, 1.7224563132272252e8
1.6837790687351957e8, 2.9495165652559894e8
3.283015411382792e8, 4.3077214351037e8
2.0061067922395217e8, 3.057289744615483e8
3.972230245150905e8, 4.4261756533885163e8
1.5902587725268573e8, 2.025887238886415e8
9.956631748005833e7, 2.6263025171291682e8
1.3871452485900295e8, 1.9265494019748467e8
1.7250110771018708e8, 2.749235990537697e8
2.343044421141119e8, 3.1566911469942635e8
2.129298408540112e8, 3.6518680353009766e8
9.499752385962936e7, 1.4099154200635764e8
2.6241989695257437e8, 3.2732418112206864e8
9.429822759039466e8, 1.084907473162315e9
2.607631120639981e8, 2.9980862599759036e8
2.5204271720619598e8, 3.9015249806997734e8
2.3781490241066232e8, 3.797636546356372e8
1.3622012780518055e8, 1.883352754041122e8
1.5509828055355093e8, 2.1351761255433133e8
1.4973862353952387e8, 2.010578145307346e8
1.2980514692836367e8, 2.5056361420653746e8
1.553358715003522e8, 2.4969536196158174e8
2.2929946826281744e8, 2.952438686452036e8
1.6963073120879668e8, 3.542518518810947e8
4.6985864689287776e8, 5.505233590652595e8
2.1090803648496515e8, 5.130231440097059e8
2.6642062152952918e8, 3.1077424288383305e8
2.0188780253251326e8, 2.7049829350933915e8
1.6436856677138934e8, 2.4216059079998007e8
1.821873588054002e8, 2.56748757723752e8
1.7215446631322825e8, 3.165047404132461e8
5.317358424905212e8, 6.670953173836323e8
1.914488503519e8, 2.6443493787756178e8
1.379996309792741e8, 2.5584435168922323e8
2.972934617713882e8, 3.932884094624677e8
1.7789747384504545e8, 2.6671897486214232e8
1.0739837702998574e8, 2.160552697221289e8
2.774719213348767e8, 4.136179520057635e8
1.1876034449898471e8, 2.7324374966887033e8
3.228754141569904e8, 4.006137798606714e8
1.5097994950287157e8, 3.6738172732213676e8
1.3754258638035197e9, 1.503755234958193e9
3.964382542884395e8, 6.057587314029797e8
3.6163714737682194e8, 4.524681777159535e8
1.5961859671128738e8, 3.211551142386838e8
1.4431435471257064e8, 4.02490547730676e8
1.632323208336509e8, 3.0293131086762464e8
1.6657174665582007e8, 2.739015914351222e8
1.335497611264624e8, 2.2020808858575678e8
1.314335415433675e8, 2.6753088461501724e8
1.7078315205417004e8, 2.753051295457534e8
1.6606909832921186e8, 3.454414532283875e8
1.0188454176063707e8, 1.806381175980996e8
4.979489420030933e8, 5.699643093406594e8
1.779867325013559e8, 4.890820936927721e8
1.6928385311127216e8, 2.664522285211997e8
2.993920827988616e8, 4.3149092382490116e8
2.010839571998799e8, 3.2326391797019714e8
1.4113671449589598e8, 2.29277521977078e8
1.5223871611589766e8, 2.111946255244126e8
1.6866797411272228e8, 4.112615155559765e8
3.657339112345156e8, 6.394838845430393e8
2.962689848422878e8, 3.655683469886069e8
4.5838256510420775e8, 5.605090566975917e8
1.4638355724218112e8, 2.1911098491573372e8
1.4368032945760143e8, 1.8902286963022527e8
1.1733457906733431e8, 2.3471260014946416e8
2.731841009777263e8, 3.498722134462088e8
1.483515512822164e8, 1.9768898328417653e8
2.1377263978766793e8, 2.9949612258473307e8
1.520642991510321e8, 2.5437471522791535e8
1.2936660293867117e8, 2.1369858735636574e8
1.2862717653676681e8, 2.1635777039325982e8
1.4152526130269036e8, 3.642845520617814e8
1.3553796205506408e8, 2.4703916767410287e8
1.2916220982142696e8, 2.956717492278387e8
3.6426597438873136e8, 4.546292246213789e8
2.268343537434913e8, 3.6325555320289516e8
1.1762844367708358e8, 2.8078890355131084e8
5.2365645981294566e8, 5.849849573618141e8
4.6981133861024356e8, 6.467239027089677e8
2.6369156316041428e8, 3.2937823305421597e8
2.9801578199848753e8, 4.486135323331982e8
1.690297757991038e8, 3.235189386363424e8
3.910246189844277e8, 4.95599715320863e8
2.246028002687754e8, 3.008764979632574e8
1.5757970657601175e8, 2.690583729470537e8
1.9044170531057945e8, 2.571934690445572e8
3.058696630111654e8, 5.720443073078951e8
3.3787826932995516e8, 4.681636720463274e8
1.6440428362557456e8, 3.2056750983483434e8
2.6795138015416607e8, 3.491318779641861e8
5.540484707432023e8, 6.701372703712057e8
1.0773865032916066e8, 1.6794753957691786e8
9.290205668003306e7, 1.68020151086303e8
2.75222637628575e8, 3.576520238706829e8
1.8569357458896205e8, 2.73467484298751e8
1.7988035891286933e8, 2.5037450763092285e8
1.67373245680326e8, 2.6552176398528695e8
1.8381034413401905e8, 2.615472934838279e8
3.966500060916442e8, 5.0865130926732486e8
1.5631387741725767e8, 2.3067582704124755e8
1.1031481136002186e8, 2.3925209008843264e8
1.5199714476633486e8, 3.015772514744328e8
1.3236425573641813e8, 1.8629707107504368e8
1.8874064639046806e8, 2.9867385303584033e8
1.3449085570618516e8, 2.3388355218670148e8
9.105278631700784e7, 1.8446273921973968e8
1.5824972306509107e8, 7.979594951947244e8
2.5370919757143876e8, 3.558190204042428e8
2.7521950490016663e8, 4.6339661239121604e8
1.9943740964266226e8, 2.745028827915797e8
1.9207076577740788e8, 5.501461183293166e8
1.3962101693210012e8, 4.45552309236289e8
1.281910333696141e8, 1.6653799443882474e8
1.91671886522511e8, 3.6298506020940214e8
1.5221745412949848e8, 3.945324883258665e8
1.302209862047024e8, 1.7647991405148914e8
2.0155652155200428e8, 2.728252981556176e8
1.3355522821140186e8, 2.169088744786291e8
3.22109196796907e8, 4.031579734642803e8
1.6627680626103157e8, 2.191612909032072e8
3.3323236510392416e8, 3.981242167211846e8
3.768643638154745e8, 4.533447409572382e8
1.4750405750617748e8, 2.803769731767426e8
1.968726803614812e8, 2.9906004062441766e8
2.285645121716257e8, 2.8715316113137335e8
1.7804149733075508e8, 2.2660883974660918e8
1.568537035762695e8, 2.0815485245131737e8
4.7672969517909753e8, 6.360428346619622e8
1.8635741031204867e8, 2.450646285322981e8
5.565686392492807e8, 6.668785947670789e8
2.1686632746518344e8, 3.0378550048790187e8
1.0319426417364417e8, 2.0556447885472608e8
3.451413289315077e8, 4.320699360529889e8
3.725122961451241e8, 4.400410830981016e8
2.3848664722697705e8, 4.33495762572912e8
1.3471664400413525e8, 2.1477439543239182e8
2.0001832282104897e8, 3.238458783902854e8
1.2266889705422133e8, 2.7885081803183556e8
1.986549825657897e8, 3.058260597487857e8
1.460640836589041e8, 2.2807091931705537e8
1.2942454450271353e8, 2.0640204606101483e8
3.00125967339315e8, 5.764173972924409e8
2.4391669945158446e8, 3.1545661324850714e8
1.5734095999702692e8, 2.16801659097642e8
1.484830718083632e8, 5.704062079677925e8
2.1883874830150124e8, 3.598624892664024e8
3.1227258590172416e8, 5.0005659625929666e8
1.7099167714704528e8, 6.668384095326111e8
1.990862404601102e8, 2.3847092149262244e8
1.0005759575536993e8, 1.8532479508378136e8
1.6513989465645432e8, 4.083193963153417e8
1.4975326153685004e8, 2.8352938729797965e8
5.569278811616408e8, 6.361201384711058e8
1.2581229231301327e8, 1.7540647746544942e8
1.2460706580689082e8, 2.8811097115720874e8
1.672527164303665e8, 2.943335810594933e8
1.6673706062864023e8, 3.1857472543507874e8
1.7149402138028094e8, 3.457544007275169e8
1.671904418791138e8, 2.3257832833906174e8
2.0724119415440968e8, 4.491536744427283e8
1.2501343123987724e8, 2.0390130115209973e8
1.6232483154970163e8, 3.53813412005653e8
1.6919602981909674e8, 2.632084402397179e8
4.1949636110767984e8, 5.615885907928989e8
