1.5286911648485243e8, 2.3775766156799802e8
2.2442834604832688e8, 3.0785494507743037e8
1.535359309661933e8, 2.620600885455522e8
2.0739065530075094e8, 2.6842357900204363e8
5.1042642744198966e8, 6.077139774671917e8
1.372084779051412e8, 2.049405665577695e8
1.0992126200952235e8, 2.091361215543143e8
2.9598400818747115e8, 3.650055901858459e8
4.275067527857389e8, 4.744294111159893e8
1.4522696926826644e8, 2.008556904286212e8
3.391650201366365e8, 4.155925675345852e8
1.438276226785643e8, 2.024787746991067e8
1.3239845251503743e8, 2.0995530910069898e8
2.9421667031376046e8, 4.1006028186719716e8
1.726934753701564e8, 3.2777939691354007e8
1.0968338687181026e8, 1.866289836609599e8
2.0602439414897028e8, 3.487435888491854e8
1.4991865131666815e8, 2.2787872083457926e8
1.9400264959565103e8, 2.727472757720055e8
2.114642418803734e8, 6.641855020874133e8
1.984508542416428e8, 2.6588774385471785e8
1.285340176579106e8, 1.997300225640729e8
2.2928079895392525e8, 4.3538228717820513e8
1.2723346859786989e8, 2.4470903297149396e8
2.5523400495636758e8, 2.968031748690785e8
3.292648367102945e8, 3.733472623700155e8
1.3487799468861654e8, 4.099576595961915e8
2.1884470844523734e8, 2.757119011869998e8
2.0742473575955808e8, 3.091901062260098e8
1.5781518409269786e8, 3.239609590406641e8
2.871180927591797e8, 3.5261711138175297e8
1.709111173309895e8, 2.7719852517377424e8
1.323250000762327e8, 2.0349097864793295e8
1.246911917015324e8, 1.8089642706110397e8
2.5082022317002597e8, 7.376241728766315e8
1.1524541439633375e8, 1.641384311932024e8
1.4496545700692725e8, 1.9693100991401744e8
1.5751729340698057e8, 2.180326589154059e8
1.2330194202287869e8, 1.9876668389047092e8
9.348858524031813e7, 1.8426496104162425e8
1.6380291292842287e8, 2.6695270174595916e8
1.8169585457666743e8, 2.5541580897506505e8
7.242457967227411e8, 7.892275825963157e8
3.6143042316661984e8, 7.426487580135158e8
9.572842837689516e7, 1.947588634456368e8
1.288551827033339e8, 2.1401798725791138e8
2.1290786127896652e8, 2.8465914819105405e8
1.5319292663568386e8, 2.44300911403313e8
1.358896569744579e8, 4.1293870800389314e8
2.460793843260211e8, 2.968433799063308e8
4.1326261225004077e8, 5.015291939331173e8
1.9172145613606295e8, 2.6027067606844494e8
1.5734313603668925e8, 2.038862075289939e8
2.2599144436688426e8, 3.20811507270512e8
1.0832865733199151e8, 1.726884852761468e8
1.6607264497290358e8, 2.529126900702685e8
1.3390944063656372e8, 1.7054762546534878e8
1.4515655936593592e8, 4.0221023915225774e8
1.9098424173112386e8, 5.179251604401742e8
3.1551825139703774e8, 3.5678941054541606e8
1.2428776151167414e8, 1.8149087614826e8
1.0438547124450366e8, 1.8997192493326557e8
1.1947853703203389e8, 1.61433215450322e8
1.5978081490045685e8, 2.984283844806319e8
2.3768783128393668e8, 3.450364712953584e8
1.1867220400153245e8, 1.957603936871564e8
2.1869412387756824e8, 2.917856101292393e8
2.9440729098277617e8, 3.5232309579631174e8
1.4858765236772776e8, 2.5979614336954933e8
1.5757726641713032e8, 2.118789873601689e8
1.922262849415778e8, 2.567824080139604e8
2.8626558356130123e8, 3.769815828136814e8
2.4277251677781773e8, 3.4834305103653234e8
1.287434211090096e8, 1.9368865489071712e8
1.8887901770112243e8, 2.6858701789704096e8
1.277510762456441e8, 1.6971984431876558e8
3.913034257502593e8, 5.1723733475796527e8
1.2847065970890573e8, 1.8798818677183306e8
2.0423063847600898e8, 3.428126690318735e8
1.3357765779693142e8, 1.8318588001362512e8
7.753912041319302e8, 8.557496482405243e8
1.596503696329721e8, 2.3409670787154946e8
1.7464430715929264e8, 4.129523523435248e8
2.4152096378061265e8, 3.370226623979833e8
2.6104285004516065e8, 3.1343899350964713e8
1.8462010676689175e8, 2.634988031198169e8
3.078946796979268e8, 3.657045490442168e8
1.1627889492264217e8, 3.298973785304832e8
1.8920899825130954e8, 6.353176782945557e8
1.6573760006967044e8, 2.3723478539536357e8
1.396286271682415e8, 2.2084943618956545e8
3.447088571390776e8, 4.481506002143799e8
1.1977089416635041e8, 2.1887080412010154e8
1.17582006201936e8, 2.737717294288785e8
1.907907517169196e8, 2.3501734189410174e8
2.3421106992176053e8, 3.960848530015405e8
1.7011890928737423e8, 2.4251499081871703e8
1.677574054425809e8, 2.4542243232596815e8
2.216757624527514e8, 2.95158281454754e8
4.365615016521065e8, 5.2626098012648636e8
1.4886026940155786e8, 2.678250838905731e8
2.1520452002504927e8, 3.26099274448414e8
2.297363313651172e8, 3.2306978444659734e8
1.925959300425823e8, 3.0670544857030386e8
2.0387113684845865e8, 2.87785957372142e8
1.4355980012888482e8, 2.3101925070129812e8
9.653296097512528e7, 1.438923536220869e8
2.7172438646217203e8, 4.4365474461308795e8
1.0578557042730649e8, 3.786336334329587e8
1.5748033399947485e8, 4.4052628576306504e8
1.9810466277352825e8, 3.14864826685591e8
1.1510760644840431e8, 1.750399939797348e8
1.1804423786224814e8, 2.2282825889362264e8
2.7166089515151846e8, 3.478417590438491e8
1.823147437179472e8, 2.7243735603009945e8
1.636817074674184e8, 2.1659088899675623e8
1.6269298421213138e8, 2.4268131507610044e8
1.3900423416618058e8, 1.922486858738813e8
1.3398187750373712e8, 1.8069229633039767e8
1.989366251206291e8, 2.855322128262047e8
1.6309307266820213e8, 2.5888917886884242e8
2.308145051530209e8, 6.65101161167011e8
3.6035943543380874e8, 4.936555123012072e8
1.3621989710353765e8, 2.060782924987174e8
1.920629520780532e8, 3.02095257854002e8
2.927527450823706e8, 3.913673428081037e8
2.146626632139652e8, 3.3804980692298305e8
2.777863982015771e8, 3.7736281277121216e8
1.8013692136510196e8, 2.3773086913198364e8
3.666773437357478e8, 4.2282724418732625e8
1.2855162116729149e8, 1.672786946039128e8
3.315862676169859e8, 4.626954245516605e8
1.9388822728399658e8, 2.75647358702059e8
2.4564962484594524e8, 3.165877085812442e8
1.672956340128898e8, 2.3725122252397624e8
1.2804893920978013e8, 2.0410548463628244e8
2.158949995369644e8, 4.545441568342099e8
2.3672523698867506e8, 5.511079647111734e8
1.7618816551040027e8, 2.2578837361852053e8
1.682856775297075e8, 1.9880388980852702e8
2.2559517676681778e8, 3.487118508309699e8
3.373426761701927e8, 4.3363640821358484e8
2.575298315341959e8, 4.1410478318317485e8
2.938794140004507e8, 3.471752440864496e8
1.1600456204146002e8, 1.7356713423555735e8
1.8713834516844833e8, 2.4877574868859768e8
1.555876110581686e8, 2.6158054660981077e8
1.480310857740668e8, 2.2015399000856546e8
1.297658456674111e8, 2.019701994392998e8
1.8428314664223215e8, 2.5772574235734704e8
1.601934023604867e8, 2.2698975533073032e8
1.3287895463981326e8, 2.1125510937409917e8
1.697216353582495e8, 2.320740414828763e8
1.6763261872255135e8, 2.4215976455453834e8
1.4585686666960436e8, 2.3281217571945584e8
7.09195169647736e8, 7.9627279746523e8
2.2229876552952483e8, 3.1973200614885443e8
1.1114116262341e8, 1.536681956191646e8
1.419439581956909e8, 2.2845320516154394e8
1.0621658657242724e8, 1.8803635067453593e8
1.1067461508554426e8, 2.18631178870461e8
1.5095710310074517e8, 1.9655591303687966e8
1.5570713737224415e8, 2.4299345718074077e8
2.022829164634095e8, 2.6820264461522803e8
2.0688947563512766e8, 6.142363794589164e8
2.0485729998584285e8, 2.779221138833467e8
1.944594994443998e8, 2.6850490041134745e8
1.64440140247355e8, 2.227484498218502e8
3.30220774135644e8, 4.3362787766885626e8
1.2328263306270593e8, 2.2241777015809333e8
1.5323050277262706e8, 2.1664366115762326e8
2.873832147665442e8, 3.7858496871227384e8
1.586857994824693e8, 2.0907135474401414e8
2.1008201813900623e8, 3.353633243651986e8
1.0726626559228913e8, 1.580272931214914e8
1.909529102676971e8, 4.290131821123025e8
1.2513432333673914e8, 2.3233971665061745e8
9.9039531244405e7, 1.7458138535460913e8
2.6507381036939287e8, 4.149734463472121e8
1.3155969828922515e8, 3.740960011070756e8
2.2047168966061717e8, 2.886885337562981e8
1.1389194005279481e8, 1.8067136064494237e8
2.4531072099472377e8, 3.086988765740082e8
1.1383772714108805e8, 1.8824262115282506e8
2.4175397156627735e8, 3.251626526555533e8
1.9612408733088142e8, 2.7103700571525496e8
1.9791641127430174e8, 2.5568599226174718e8
1.8242612393664292e8, 2.161990383187783e8
1.8569730936488047e8, 4.821170217155122e8
3.120961134417195e8, 4.012552979723917e8
2.239236930750774e8, 2.9999429802553624e8
1.3426398686989906e8, 1.8188935410170016e8
3.141117577294039e8, 3.6574914038877654e8
3.013865311623921e8, 4.216392850104554e8
5.519529138369956e8, 6.971734581418922e8
1.5232576415183756e8, 2.124617203223445e8
1.3507679578149053e8, 2.4187807028938237e8
1.4595372957792205e8, 3.69086311876247e8
1.4584507872600085e8, 2.6396792768718484e8
1.5833807042141935e8, 3.7372431359007376e8
2.2106033845020658e8, 3.3880160876637256e8
1.6064460217786133e8, 2.655295189500654e8
2.5729402496221614e8, 3.50402737475276e8
1.1402447311814159e8, 1.945574498548776e8
1.735237424496063e8, 4.4012003456205565e8
1.1147799662843734e8, 1.7504348648591152e8
4.1937812223489857e8, 4.977737398756268e8
1.6252096715986264e8, 2.3262277814000437e8
1.526839131117808e8, 2.3002516018097234e8
1.428123500571376e8, 2.001811392400697e8
1.8741052245167288e8, 2.294176059398897e8
1.532586654481373e8, 2.754837352667892e8
4.161126196776164e8, 5.028121768891123e8
1.4823126577441415e8, 2.691756288877731e8
1.6083572841421005e8, 2.2057810969705087e8
1.6825075548932287e8, 2.923543480029342e8
1.835707872173968e8, 2.7708123654152167e8
9.797394845165305e7, 1.4949858100969896e8
1.1692092017539078e8, 1.985913233407697e8
1.2112400086017367e8, 1.7353873110152832e8
1.2319281064047003e8, 1.7705906599964136e8
1.5624778922204703e8, 3.0087644662113225e8
1.7357717570377597e8, 2.6448648953009155e8
1.7500328864069885e8, 3.13799208180231e8
1.2761414136037603e8, 1.886610137542462e8
2.9933948893267167e8, 3.8453190401410556e8
2.3044050388683397e8, 2.8527596086487234e8
1.7598305850853565e8, 3.12618804518092e8
1.6975589307167217e8, 2.650895843135217e8
2.2062153765606865e8, 2.978598483006472e8
2.692047063646388e8, 3.7993650771867514e8
3.310392790528907e8, 4.7837425308704025e8
1.622616556855418e8, 3.25770374594499e8
3.613011080510715e8, 3.960889648909679e8
1.436543215858383e8, 2.208377919212631e8
2.9746978892469877e8, 3.758382921281385e8
1.1771966519512352e8, 2.4397784484805077e8
1.839906371830805e8, 2.635724732293438e8
1.0118825766189203e8, 1.5058861484894162e8
2.1491245028228143e8, 2.824356851642125e8
1.277212625085277e8, 2.0546666152941492e8
1.6742043320521107e8, 2.260016322633156e8
1.9695139173430112e8, 2.596452293819767e8
1.4726830403949293e8, 2.1907307209186947e8
1.615788483288649e8, 2.3594723489766458e8
2.324950933793959e8, 2.613832516129937e8
1.1994440973205136e8, 1.9558596677197024e8
2.489078330248168e8, 3.6434403480272275e8
1.7408454963402358e8, 2.4986468446083248e8
3.594812866379412e8, 4.516227369204653e8
1.481840696323617e8, 1.9120687465323454e8
1.8748435106291488e8, 2.6773184301906273e8
1.0872572882098053e8, 1.9912825856584442e8
1.8643304816978344e8, 2.777059440924446e8
2.1997247884967688e8, 3.028892070241815e8
1.0954806070231046e8, 1.6199517256586426e8
2.9707611265344065e8, 4.134300270811798e8
2.6015959124423292e8, 3.4856653513252544e8
1.4932405971222502e8, 2.166953638234843e8
2.0904160606423503e8, 2.7858134942017156e8
3.065407467002209e8, 3.7130395617765164e8
1.614647054063346e8, 2.087632800224949e8
3.3463454666659695e8, 4.0882319374194825e8
1.8159965898371086e8, 2.540922438504173e8
2.3836835484930366e8, 3.8140186640992737e8
1.4006025179707384e8, 1.819939411109956e8
1.3846818731621832e8, 2.2430868828611013e8
1.300139876852092e8, 2.565437979188494e8
1.1496053931173877e8, 1.6371170411723468e8
1.510248547924855e8, 2.1208354555574593e8
1.0743764333307214e8, 1.8307722090862662e8
2.1688223167033523e8, 3.001171120936713e8
1.4141678958449623e8, 2.208153360423931e8
1.8568450868339807e8, 2.490416305256522e8
1.2594144903020377e8, 1.810109361653454e8
1.4339616136144206e8, 2.277126353982734e8
1.4989488512232956e8, 2.068215898421897e8
1.5444842532284597e8, 2.3799004857778957e8
1.5485633302885422e8, 2.1006906445996323e8
2.4412509255352807e8, 3.036226103661397e8
2.061668129675249e8, 3.231564163132531e8
1.6393924659089026e8, 2.4474413661204037e8
1.0903444735572292e8, 1.9589449493816975e8
1.56215856747448e8, 2.0468672225645214e8
1.9788427856808102e8, 3.297017966553502e8
8.638052113248018e8, 1.105796064427705e9
1.2711334098143432e8, 4.796054374268771e8
2.1966245183994317e8, 3.1191385631836724e8
1.4501342345821786e8, 2.1940578964521194e8
2.5627661940587634e8, 3.2641540626407933e8
3.692250141358429e8, 4.698657949729265e8
3.2435718492749393e8, 4.9551894293826807e8
1.2846220354714568e8, 2.535886092366302e8
2.5130969180220902e8, 3.2202955999733657e8
1.6936847356417307e8, 2.2858937840988764e8
1.2538741092037693e8, 2.095226371943837e8
2.2119702780130672e8, 2.805880785648228e8
1.389914889357577e8, 1.9634955701680696e8
1.9469938336382627e8, 4.2263682651949084e8
1.5231683311377975e8, 1.9672066414885873e8
1.3904862393623495e8, 2.173767700126565e8
1.7809328550963303e8, 3.311939426044528e8
1.6290615236122063e8, 3.5493028600394267e8
1.5249060402965313e8, 2.3899597545514032e8
2.215858441191296e8, 2.987350776040191e8
1.5686819759556428e8, 2.3047284988685414e8
2.056404067844161e8, 2.562995144417909e8
3.1923079164842784e8, 5.84627997377484e8
2.5254711550578335e8, 3.7551821780843633e8
2.05216819306087e8, 3.1449453357395214e8
1.573022230772409e8, 2.240964064525166e8
2.853272994525092e8, 3.695807828219966e8
1.9817094225663447e8, 4.05128954373054e8
2.48368314448023e8, 4.7790199943126845e8
2.2829490545295942e8, 2.70013119010458e8
4.977499535084199e8, 7.110050837347103e8
1.3984575977600068e8, 1.98583668533559e8
1.5482084905399302e8, 2.7489068258545375e8
1.6436413862610802e8, 3.2592125058573604e8
1.8491159022399664e8, 2.748173143844699e8
2.503600531769548e8, 4.567478381979718e8
5.073052393759858e8, 6.312700227560648e8
2.797387692657911e8, 3.7678208867129046e8
1.3389074451386069e8, 1.8367004683527166e8
4.1093033905323935e8, 4.7607743004116184e8
3.95866434437692e8, 4.441087521096345e8
1.8139704033923888e8, 2.4054894412038374e8
1.6408828549812123e8, 4.147736497046963e8
3.85020415668803e8, 5.137318089023572e8
1.307240072264913e8, 2.0617255043914142e8
1.0382611803901905e8, 1.578241679798784e8
1.766920228961568e8, 5.0563518097765636e8
2.0791841626033866e8, 2.6892718141194123e8
1.714038086866289e8, 2.3546159274425054e8
1.3915133873889023e8, 2.1804343648241818e8
2.87153787117053e8, 4.062388640617045e8
1.6777889211571974e8, 2.551931313485736e8
1.911647509549284e8, 3.0081440286449295e8
3.274824035856559e8, 5.048439083802374e8
2.6236285379481816e8, 4.187127247933586e8
1.842891298409798e8, 2.4818316273341605e8
1.0165329424047899e8, 1.5150278043786407e8
3.8477363225247264e8, 4.504620374638909e8
2.1582963499630257e8, 3.011397037716294e8
1.2133135726646262e8, 2.2261866279028368e8
1.579701407808091e8, 2.2304459218782845e8
1.51651322285178e8, 2.1278503133144018e8
2.29507878138996e8, 2.9009906217586714e8
8.043460828988451e7, 1.4000092175438207e8
3.359917045582366e8, 4.345881379547274e8
1.5130083506243736e8, 3.392705815610712e8
1.0600065158001414e8, 2.2088018200198564e8
1.5096683052855554e8, 2.3518298725231177e8
2.4307799949340236e8, 2.9860343590435076e8
4.376062051772978e8, 5.239513714931848e8
4.9051809839146423e8, 5.576603929599565e8
3.311954535797974e8, 4.2804362589663714e8
1.5082183878890178e8, 3.0430918673399746e8
3.497817482143521e8, 4.8993006087233335e8
1.2875360393846086e8, 2.394564854875103e8
1.264236384379262e8, 2.072254559804248e8
1.7034114608672395e8, 2.481711252090003e8
1.0443730462871668e8, 2.0196909728898308e8
1.2201138743472554e8, 2.204192134736675e8
1.2407026717713583e8, 1.9314299063343713e8
1.4979325821070704e8, 2.0624948815397975e8
1.7152233525891942e8, 2.6235248295397794e8
1.5558121553934345e8, 2.27632554959574e8
1.5237119199424103e8, 5.0421691253139263e8
3.5379997983362514e8, 4.837971434062498e8
1.2968928462532598e8, 2.183910556904329e8
1.4475144668950748e8, 2.719316529926983e8
1.3663365828014305e8, 2.3361938238169804e8
1.2091999413644347e8, 1.934264706570012e8
1.8419263961769816e8, 3.3128748756047493e8
1.4071768917225122e8, 2.073833931868722e8
6.638225958643335e8, 7.43826024533936e8
2.0346728114526072e8, 4.648990013737388e8
1.5011819740909597e8, 2.1042147127996695e8
2.0650245426129794e8, 4.5001607690004426e8
1.6841948503313828e8, 2.3285110295320997e8
1.1880350105239035e8, 2.1845620831284645e8
1.7233882712584633e8, 2.239261131917667e8
1.391398764520168e8, 2.0031858284121662e8
2.4452224982663128e8, 3.079898065878033e8
1.2072113720958969e8, 2.0689901232540292e8
2.0037645347406113e8, 3.073129710330911e8
1.932570318002534e8, 3.075279907480723e8
3.4823428669630224e8, 4.0088210488315225e8
3.6486666124464136e8, 4.7707796270658946e8
1.8747945210170752e8, 2.4081880902346775e8
1.2979609658645461e8, 2.601612945239003e8
2.2166282512290287e8, 2.8639849997961074e8
4.905834603994546e8, 5.828335139991713e8
1.703808916174119e8, 2.3073761062017006e8
1.5610594174412587e8, 2.2589631631154907e8
2.0406363417689386e8, 4.074231874695668e8
2.6249210357499188e8, 6.644763385168135e8
1.3560365452585337e8, 1.9038933657453313e8
3.484875111462449e8, 7.140523662922397e8
2.7870759652772313e8, 4.7049906426927006e8
1.2304408526418446e8, 2.0091113671944308e8
1.9118491376475924e8, 2.477739872825942e8
1.9115940411090678e8, 2.7230876489574564e8
3.239699959082521e8, 6.527523541650997e8
1.6889175070070168e8, 2.21844082633121e8
1.789109046325582e8, 2.742792797021241e8
1.747766590247572e8, 4.403323444828589e8
1.0004899590157154e8, 1.748252933352721e8
2.5327239142250314e8, 3.238891954786659e8
1.113343988984849e8, 2.3248052703878537e8
1.4252917532845402e8, 1.9485270227618867e8
1.712469760770851e8, 2.38731771996505e8
2.2037813389426523e8, 3.7538271593818617e8
1.7847291895332688e8, 3.374125542199131e8
1.1470733317326985e8, 1.826257076589199e8
4.702438563643373e8, 5.226906788707803e8
2.1931410675555933e8, 3.502758824844468e8
1.6025436403223246e8, 2.3947010607794884e8
1.4355025615777117e8, 3.8526395530136615e8
9.996557437542495e7, 1.7011400781127918e8
1.3903780798052448e8, 2.0202587703012243e8
1.0130453675916654e8, 1.7394667096107e8
1.5432532085728177e8, 2.797523590662673e8
1.8071201716097856e8, 2.7329543864289176e8
1.2725457758617817e8, 2.110903548030159e8
2.888392118483515e8, 5.956306126634922e8
1.3247527290092693e8, 1.7434213971200994e8
1.339650189676087e8, 1.9088626242777503e8
2.0256669542563212e8, 2.9899798111491746e8
1.4136782236903012e8, 2.980137428131077e8
1.7235145668029413e8, 3.468110529348289e8
1.5598810477908933e8, 2.755700077879376e8
1.4446005334527257e8, 2.691258744609998e8
2.4617464521084258e8, 3.4511453120546615e8
3.411861299443147e8, 4.376837305578809e8
1.1343351615640014e8, 2.097019583381566e8
1.0062336513005878e8, 1.369226233964697e8
2.1471737671621484e8, 3.0896354698452383e8
2.208511244374043e8, 2.6501039128456363e8
1.0550866961951019e8, 1.6575968892487934e8
3.5423796610662997e8, 8.150883219098244e8
1.4237199633326927e8, 2.3152636217067316e8
3.531505867835067e8, 4.492044411424252e8
2.810104531646423e8, 5.678749411925681e8
2.4945521036391482e8, 3.9337698615828335e8
1.7819081370584908e8, 2.5754192635487983e8
2.4744783151696447e8, 5.12215509622479e8
1.4588654503613764e8, 1.8367466682254273e8
2.37891615010881e8, 2.757757064869687e8
1.9135878427479535e8, 2.920618233456618e8
1.6143423644807956e8, 2.8113476860312974e8
2.6619101669459283e8, 3.3082676977801913e8
2.3414482937468418e8, 2.992668150059798e8
5.637063007559835e8, 6.914146469516295e8
1.8075391765153703e8, 2.6082455786215797e8
2.1598818012825608e8, 2.909569358833828e8
1.7696873650208774e8, 2.46437047985927e8
3.321485139239402e8, 3.9431080086092913e8
8.1816431575655e8, 8.976703088222213e8
1.5217094650230455e8, 2.2531704675867254e8
2.930490310316596e8, 3.612586252113862e8
1.753391986223328e8, 2.162747516669648e8
1.2660393275790691e8, 1.8534162716445565e8
1.5948288665033746e8, 4.106197885642897e8
2.1298429176360145e8, 2.58189938470275e8
1.1968990464403248e8, 1.8890949127892956e8
1.8271404952689183e8, 2.788236304696792e8
1.6715144505110377e8, 2.4197262142971697e8
2.3480955562507543e8, 3.5373975958883107e8
1.7315501283155814e8, 2.77017077298942e8
1.2873594858098853e8, 1.889981284325282e8
1.5782425290709484e8, 2.632687273474385e8
3.506613706342519e8, 5.767653267294434e8
1.5453967923166296e8, 2.5732793148600236e8
1.3454564710186955e8, 3.13129212086591e8
1.4183094704262462e8, 2.3241793054533178e8
9.990398288242021e7, 1.93044225903671e8
1.802550941127386e8, 2.679593676720752e8
2.3457170519571647e8, 3.5245452532305217e8
3.4180484293820727e8, 6.48201531241515e8
5.590315281077466e8, 7.633362943047721e8
3.873657338810485e8, 5.0320497667472094e8
1.670829558699482e8, 2.8811648031427634e8
1.355403879474974e8, 2.747679794784167e8
2.1550684827450675e8, 2.954051542786331e8
3.147878664831522e8, 4.1529178157732177e8
2.5451313203841096e8, 3.1856434853757083e8
2.2835881698923403e8, 3.194302267362403e8
1.1589314568476348e8, 2.1013394052308524e8
1.0220081394516103e8, 1.8874921664121363e8
1.7542575991265264e8, 2.4965195534976467e8
3.0738128293852603e8, 4.571909658262033e8
1.8013491487850428e8, 2.2080864438410652e8
2.3789772661815828e8, 3.232803495977442e8
4.0131676001695246e8, 4.8304168234051025e8
1.6254993796106622e8, 2.2931702035394645e8
1.1596392978962187e8, 3.5588265823031455e8
1.2348916007501172e8, 2.3319927286702597e8
1.456939293145926e8, 2.3753473369816846e8
1.4658350394993585e8, 2.583482834266274e8
1.1282529642917839e8, 1.7291651015396607e8
1.5908529007699156e8, 2.541584620857596e8
2.881973183132327e8, 4.043184799443146e8
2.4306273292662084e8, 2.8622134619143957e8
1.736602087007765e8, 2.1649349341856506e8
1.4689278728899747e8, 1.8954940664013895e8
1.686007241982125e8, 2.6129771143885487e8
1.7788436843920016e8, 2.287477693953385e8
2.2217691890834495e8, 3.815491651441219e8
1.8071332652459624e8, 2.3614113684733158e8
1.7669781810364342e8, 2.3491678568117687e8
1.4188646540125254e8, 2.0450883253244093e8
1.3722938733747596e8, 2.6017085251431713e8
3.2227472827671593e8, 4.015760934565926e8
2.1643083797018382e8, 3.837332453415596e8
3.11784614427896e8, 3.898045863492297e8
1.7953101451786518e8, 2.5269015636614624e8
2.0081218430460262e8, 3.094653557311659e8
1.6872004033619225e8, 2.6646972614585614e8
1.5465171362673625e8, 2.353763098080349e8
2.714745615328727e8, 4.2307372494583434e8
2.623578800670562e8, 5.018396074583072e8
2.2845158855156842e8, 3.2211128601514244e8
1.0995812289536728e8, 1.623744255684611e8
1.3733808427429524e8, 2.0450625187769407e8
2.075989147686303e8, 3.3625387174115497e8
1.646164850186866e8, 2.5553953013054365e8
1.4837016664441696e8, 2.929740308692868e8
2.1442705618932593e8, 3.453301376119726e8
6.699853467436775e8, 7.070625565757377e8
1.1190767852102596e8, 1.865549207446746e8
9.091598182860765e8, 9.620142007350445e8
3.52699331706238e8, 4.475580401080503e8
1.3564776262246495e8, 2.1877191362080625e8
1.391229613793859e8, 3.246347548444171e8
2.670289978842359e8, 3.3357644118180287e8
2.4654237170902023e8, 2.975217395894185e8
3.718349661701406e8, 4.478460402215486e8
1.493834085902636e8, 2.395723551591553e8
1.549119992975375e8, 2.2503926361134464e8
1.4014709253772295e8, 3.833659968184039e8
1.708221190049815e8, 2.983639444436419e8
2.9796981988814753e8, 4.5343189041013503e8
1.3607656919888464e8, 2.131023376323718e8
1.6675098735911673e8, 2.2071956224111384e8
1.9186654264966005e8, 2.841457084181504e8
1.1183582928304784e8, 1.6989597484729245e8
4.258722523454687e8, 6.077699521203841e8
1.1761646665605973e8, 1.5968155171183422e8
2.6368537421459135e8, 3.36842028480628e8
1.681598378333499e8, 3.014311778699754e8
8.728369869861497e7, 1.6972398818254694e8
1.073386510032275e8, 1.5922501990810782e8
1.350696021357066e8, 1.9614596958080813e8
3.6824216251886135e8, 5.0214192324073285e8
1.2701318520977424e8, 2.1684352681498364e8
1.3005079618237841e8, 1.9542963319660145e8
1.5344182454290417e8, 2.3446392747931126e8
1.2955959362680371e8, 2.448935329992099e8
1.4905367199944976e8, 2.5186442368332505e8
3.782313337014283e8, 4.462913159217668e8
1.618346287774327e8, 2.9998413763483757e8
3.3122407485240436e8, 3.917494182386544e8
8.753788320225021e7, 1.7155002165379497e8
1.5590381064099133e8, 2.4799525845791966e8
1.2168693306522153e8, 2.4343212746821374e8
2.5041129889854637e8, 4.04853814945701e8
1.3742605715523607e8, 1.8321945341436338e8
1.4969064412103233e8, 2.032779472877126e8
3.8101671658738977e8, 4.7822806853975695e8
1.6732297254589456e8, 3.7784603843833256e8
1.366941032000879e8, 1.997055992134972e8
3.7333916220875555e8, 5.71298012574141e8
1.637173477660761e8, 2.296986592714665e8
1.1307845321788383e8, 1.6994769512160107e8
1.5957046357181448e8, 5.987179939363542e8
1.2262647938344519e8, 2.018876312591569e8
6.874400279326919e8, 8.614357110108597e8
1.634187385734953e8, 2.964738061034961e8
1.5850634011000845e8, 2.362132651784658e8
1.3987547355150113e8, 3.3062969829242957e8
1.9667277115350765e8, 2.4571292699208894e8
1.4207772441486624e8, 2.314216247011634e8
1.889247636962933e8, 4.1531584430248994e8
3.184174339853389e8, 4.45016388622552e8
3.661189454452952e8, 4.387965247093031e8
5.0568138348210174e8, 5.86144737603941e8
1.6116471067962772e8, 2.290496975873537e8
1.412057105667321e8, 3.2438936896652013e8
1.348458500391314e8, 1.934597236429621e8
1.7557865962436402e8, 2.5378707275481114e8
2.6061642496641487e8, 3.3230242207586443e8
1.2102055895441023e8, 2.4882205749263942e8
5.004984657064886e8, 5.639039759859092e8
1.5356299815370166e8, 2.3124822553915846e8
1.1272525046904644e8, 1.6917617809703922e8
1.5416275975115937e8, 2.442412270361027e8
6.536256400858132e8, 7.051419815195314e8
1.0679919438698617e8, 2.160531741867784e8
1.351158351976541e8, 1.7564219005727026e8
1.7423507366658205e8, 3.0084191478264254e8
2.293657781980026e8, 3.3700541299389106e8
4.846169081783268e8, 5.994274419401078e8
4.799935128440999e8, 6.059218521417764e8
1.4902948712679827e8, 2.345092276997796e8
2.189090265739602e8, 3.604708919972323e8
2.610079199134742e8, 3.563892107853059e8
2.255780838347381e8, 2.8111192030611134e8
1.6068348672955456e8, 3.258114405255319e8
1.263020521891076e8, 2.1124833266126558e8
5.584911107627059e8, 6.164154867182224e8
3.8848913719736606e8, 4.364490700060632e8
1.535238865253974e8, 2.117424579713814e8
1.330163000246166e8, 1.8891732657698873e8
1.6141869300241098e8, 2.2729792817691714e8
1.9059625546043155e8, 2.562934172012377e8
1.7534697731466246e8, 2.5708391316503257e8
1.7501001982103902e8, 4.474490951464636e8
1.3210162576356862e8, 1.9451431971887314e8
1.1736715523198828e8, 2.9949210964029235e8
1.5095989948887733e8, 2.1525205393030506e8
1.5387481622826642e8, 2.2194173308694637e8
1.2537232075661622e8, 1.8302109350739777e8
1.2566032462120557e8, 1.99004888465375e8
1.1714528303833105e8, 3.6038904375416523e8
1.9494811291005826e8, 2.769523498371777e8
1.4905905528039694e8, 2.5037945002542508e8
1.3887110332471082e8, 1.9845238511581478e8
2.0613798243848488e8, 4.6205440415629584e8
1.8901319702189043e8, 3.1190213705220085e8
2.6181795612949273e8, 5.690709190521067e8
5.014456823108925e8, 5.407710398282663e8
2.558479212494168e8, 3.040105548711008e8
1.7933161349685717e8, 2.486253306178678e8
1.880858533376923e8, 2.8044723712583137e8
1.78559796501117e8, 3.9292191039979535e8
2.5753332981399846e8, 3.639904233913037e8
2.14922374508491e8, 2.4860772345050773e8
3.048789686102219e8, 3.732718949245173e8
3.489633888893636e8, 4.9164477993305355e8
4.222491601111232e8, 4.700133865605579e8
1.8768641699686944e8, 2.576998402865951e8
1.1583651287673125e8, 1.8855599102057323e8
1.4171277763540813e8, 3.5683933203220993e8
5.50310824943516e8, 7.204041150448757e8
1.9062222361982712e8, 2.5705777572856018e8
1.8889614329888627e8, 2.941773063927286e8
2.291448504186488e8, 3.222806652480817e8
4.794698690478462e8, 9.401107439630959e8
2.0389142258397532e8, 3.458247873767421e8
2.4951548550319383e8, 3.362836037104427e8
2.1827854787986153e8, 2.6074795815766588e8
1.34227493227563e8, 2.0048100409001067e8
2.0465401206603926e8, 2.72562779490399e8
1.8909609836490145e8, 2.450337872080043e8
2.1166004212310946e8, 2.7752384792498654e8
2.967360901539042e8, 5.009581118815886e8
1.699153297455457e8, 2.4095618602600685e8
1.0685652502559862e8, 1.739953160540847e8
1.3326022626002727e8, 2.2528670741918224e8
1.9007913591984186e8, 5.036780003591629e8
1.640771167061892e8, 2.108916946829432e8
1.0516828347589946e8, 1.397292371878029e8
1.6440030274222648e8, 3.44438849372801e8
2.4581567820008785e8, 3.519920477767748e8
1.8609916618490964e8, 2.3216280705145416e8
9.996094470133682e7, 1.4571033159360456e8
1.0452955059923233e8, 1.7124496565436143e8
2.1603647437274426e8, 3.385713454395838e8
4.6026838679892915e8, 5.2941996480046546e8
1.2592588628796865e8, 1.7648111867130134e8
1.6130356112111413e8, 2.38230358297059e8
1.3299904747586824e8, 1.972717655303408e8
1.912916847626021e8, 2.70538124653377e8
1.6407986207090947e8, 2.700932990257789e8
9.53851348370189e7, 2.4840355419833907e8
3.2710666192929167e8, 4.8784469521787393e8
2.8507841961660546e8, 3.695528394627187e8
1.8104185085221866e8, 2.5207863210585788e8
4.7306452916175e8, 5.326306058426437e8
2.440888419150344e8, 3.545595832867202e8
2.0225541182069096e8, 2.555188881469704e8
2.2936201001430404e8, 2.6576977799826506e8
2.6817063901046005e8, 3.6313684178240407e8
1.515524430813824e8, 1.9859963240157133e8
1.5851597239255035e8, 2.1664515242560643e8
1.8910441097004622e8, 3.308127216453566e8
3.1028584776907814e8, 3.674432823787728e8
1.9257874395703062e8, 2.514919533993677e8
2.6825254940070194e8, 5.1709851873333985e8
1.4538678111945692e8, 2.3452933446781316e8
1.2018237760194202e8, 2.1649081799002552e8
1.4151340324448147e8, 3.505929333816004e8
1.0626226000643662e8, 1.5992868144418627e8
2.2259962245886004e8, 2.9542665742056787e8
3.4813163151377636e8, 4.001382767755283e8
1.577269364989611e8, 2.7614503436825323e8
1.07812091624382e8, 2.77698579369769e8
1.9241627695470256e8, 4.4491071540941024e8
1.301676405985963e8, 1.8312851837370893e8
4.9702721621140957e8, 5.63351592944062e8
2.3834638436799628e8, 4.455883915601639e8
1.357375507973762e8, 2.2842578223905385e8
1.255486049617816e8, 2.036227255932853e8
1.7823037927704367e8, 2.3277957262787905e8
2.088461359828266e8, 3.190151946490729e8
1.5362218932312706e8, 3.200266703606095e8
1.630313503189503e8, 2.443532995660422e8
1.8623133089548954e8, 3.616568245125523e8
1.6298086848421994e8, 3.101185843525022e8
1.380998058095711e8, 2.4140050645018336e8
2.247257375785326e8, 2.68742317220306e8
2.5058254416383603e8, 3.119241276472515e8
1.6628462042597458e8, 2.284589770933252e8
5.493289709501464e8, 7.446665655662669e8
1.7599004084318084e8, 3.5770057333894724e8
1.9841374579124704e8, 2.671620740643747e8
1.6144982021832854e8, 1.9601168561994392e8
1.3859426736741552e8, 2.5530912718805912e8
1.5614810548317647e8, 2.1883174121399298e8
3.060413413233066e8, 6.051785722346065e8
1.8906515235788518e8, 2.3565429541121775e8
1.956511226027404e8, 2.8315724226217586e8
1.3250930418334214e8, 2.4078614025056338e8
3.929182345215984e8, 6.048044594998858e8
1.959881022340546e8, 3.7971986969251114e8
1.6234359096075287e8, 2.343367927492261e8
3.500058300968602e8, 6.539248107844197e8
1.35354025631882e8, 3.473741487068063e8
1.1551677433514081e8, 1.4979114399574903e8
1.4253029539747867e8, 1.888826350281345e8
1.681638085287132e8, 2.7620620315477586e8
1.564896873425432e8, 2.0581516388160372e8
1.1638010465846024e8, 1.7090158920962763e8
1.4651874778582156e8, 2.514220538842084e8
1.4296161830830473e8, 1.9591179433662373e8
1.7017925196886367e8, 3.227276043576697e8
1.8427939356439534e8, 3.104794820518034e8
1.7979828732448128e8, 3.874141193469965e8
3.231286460387365e8, 3.8317017552523994e8
5.050875851663681e8, 5.529366022028232e8
1.4002326307375345e8, 2.3889628392099655e8
4.251503553541213e8, 4.8786270361014885e8
3.076021533513246e8, 3.644268700293137e8
1.1858146686030756e8, 1.6049518669222513e8
1.0090013695167361e8, 1.9851184561087883e8
1.5774228988270766e8, 2.4973691187402892e8
2.875909378633265e8, 4.403976783141313e8
1.567553119363895e8, 2.7292457702264047e8
1.3852446127848586e8, 3.4910418349330795e8
2.695061458296817e8, 6.767184664773921e8
1.7750866794557595e8, 2.5677251126811472e8
1.348453975531136e8, 2.3385726586764428e8
2.3499806096617407e8, 5.009903686417744e8
1.3281769744117217e8, 1.84319757266358e8
1.432095337302301e8, 1.9093069202806833e8
1.4153180713766107e8, 2.4714958770869935e8
3.9215379296451014e8, 4.468282207375856e8
2.8281014944329375e8, 4.0177453630465174e8
1.44650246754641e8, 2.368572878717805e8
1.793149730342158e8, 2.179733062634054e8
1.8135456327301478e8, 3.106601693672546e8
1.6782855739337775e8, 4.7584385655544454e8
2.4697810677636394e8, 3.264749866939873e8
1.404466555316704e8, 2.0993345254389992e8
3.096586922760034e8, 4.7053091830764836e8
2.022517804167927e8, 2.932532435552212e8
3.2513693004433703e8, 3.803495246439437e8
2.246182008555407e8, 3.197100214980042e8
1.2345370414503565e8, 1.9736970329287538e8
3.618141748781598e8, 4.109890265630792e8
8.790550961158957e7, 1.2044932217207502e8
1.3644601329748893e8, 1.9918207761533296e8
1.2264642270279653e8, 2.3433261065192512e8
1.7477318794621047e8, 2.166951584873754e8
1.8309281788225073e8, 3.1431824955674195e8
1.909792085635812e8, 2.7708689879667264e8
2.280170864826864e8, 3.073477951657488e8
1.933603152445835e8, 2.899963296702428e8
1.4755847745399904e8, 2.699132926909586e8
1.798761550548174e8, 7.472175718966484e8
1.258679368049869e8, 1.8612798763534886e8
1.5532067030974463e8, 2.006997214792055e8
2.161982374104684e8, 2.5978363418850693e8
1.2081241762175916e8, 1.8291670487927952e8
2.3547369223571748e8, 3.063641023858397e8
2.4690874148922023e8, 3.112514925195883e8
4.949079285919214e8, 6.271953248113391e8
1.2330693015153426e8, 1.760717973846226e8
1.6979230276073813e8, 2.5642599796671692e8
1.0880936502856709e8, 1.8578487050633878e8
7.54990119986817e7, 1.2720737162104024e8
9.501620414623192e7, 1.493337505564596e8
2.2688129522225007e8, 3.020469427207079e8
8.853590657719819e7, 1.3356806680565867e8
9.792655980959155e7, 1.8808565555782488e8
1.2406503568527329e8, 2.2810669757334733e8
3.031077239195377e8, 4.87210689784683e8
1.3753166711147073e8, 2.5684673371628147e8
1.0656237849242082e8, 2.3126871867734864e8
1.4983043844689795e8, 2.845371536935808e8
1.8702794649198392e8, 2.969306537503716e8
3.7058407062547016e8, 4.638207305357355e8
3.789831201722334e8, 4.53321327856731e8
1.4921025418596217e8, 2.4584125949565092e8
1.154219867013024e8, 1.8808287234098068e8
2.5145943704734436e8, 3.648287807316876e8
1.9821437428861162e8, 3.0338011522662026e8
1.6427347033507386e8, 2.1957543667630306e8
2.5522933572341004e8, 3.455264410640492e8
1.1289674686574952e8, 2.2032720169088456e8
1.0896822875015983e8, 1.614432778360131e8
1.7227726848273444e8, 2.474846436113963e8
2.302395408135509e8, 3.656561566368254e8
1.3221540016008349e8, 2.941700457418922e8
1.823655253377681e8, 3.888724803578585e8
1.5956092169211385e8, 2.4585813160326082e8
3.724877248190342e8, 4.576315886863209e8
1.17620413300023e8, 1.8827401824771515e8
9.425320705472645e7, 1.9426775509114897e8
2.6969016304659796e8, 3.670207906747242e8
2.767980065164158e8, 3.280215535410202e8
1.5612567943535516e8, 2.4365427516569346e8
1.3755196062879118e8, 2.097102428157109e8
3.404464508240757e8, 3.956495383272126e8
1.62883915063168e8, 2.4240572315305388e8
1.8383771441903964e8, 2.847180819995907e8
1.2772495004973818e8, 1.9702151131924036e8
1.1305217945194079e8, 1.998717003831506e8
1.0087374584317662e8, 1.5128849706142202e8
1.3830367053938878e8, 2.3273319517874914e8
1.6044507222143805e8, 2.2770070084946135e8
2.6264690535685995e8, 3.326933263632374e8
1.5940455978948608e8, 3.5744840193007326e8
1.9646197538379836e8, 2.747405488277748e8
2.1767745625093848e8, 2.964745923680259e8
2.4488525680633825e8, 3.616140583970613e8
1.0356437067594996e8, 1.898544070091195e8
1.588656578647655e8, 2.6204001432209653e8
7.034138682681879e8, 8.089542899260143e8
1.54817953974926e8, 2.697510191542536e8
1.1400325636504172e8, 1.6537693703403142e8
1.2577887301570775e8, 2.007067956699672e8
1.585959952306951e8, 2.5842954830845246e8
1.5490757961338997e8, 4.1519873728509617e8
1.3722934760153416e8, 3.150266913383418e8
1.5937565309316826e8, 2.1988721560261467e8
1.0012274710158461e8, 1.388966894483851e8
2.1015532116025922e8, 2.6782109678562832e8
1.422739601197341e8, 2.1665823451732635e8
1.0122490820222493e8, 1.6487981688828593e8
1.801987660763004e8, 3.4576644009384817e8
1.577582811321638e8, 2.239985745656808e8
3.9103356935928756e8, 1.0812080404584405e9
1.2270807849077578e8, 2.0358379327642074e8
1.458899459327568e8, 2.256099898666903e8
1.232647726594623e8, 2.2525200409498045e8
4.5864121745840484e8, 6.195156368456076e8
1.4758776261800504e8, 2.018013071743029e8
1.0237513666373219e8, 1.836580986760815e8
1.5094410456646308e8, 2.4080707102491242e8
1.7234132025210372e8, 3.3917445410847145e8
1.3595973365666533e8, 2.7813851122673804e8
1.4550005132604733e8, 2.0546336978932872e8
1.4818313767039174e8, 2.0594924767991298e8
4.9367096313402563e8, 6.077835796393546e8
1.7883066029519144e8, 2.6433740831664863e8
1.8764599478760517e8, 3.297348362099273e8
1.716298349252615e8, 2.1925166264187008e8
1.86122380739365e8, 7.035280328685431e8
1.5040230678832543e8, 2.237910411963931e8
1.468631946866053e8, 2.1690260239249027e8
1.9903012299444142e8, 2.838158598377711e8
1.4592768041762757e8, 2.4524151035148108e8
1.476705523570676e8, 3.0599054944780886e8
7.69575681375679e8, 1.1303194880484993e9
1.210380320553294e8, 1.9010862620448717e8
1.2552509456115906e8, 2.57430059925218e8
2.4015170771560428e8, 5.413945776182462e8
1.8797061759033906e8, 2.5981929978458524e8
1.6761025875218344e8, 2.761706972271295e8
2.1660589720302793e8, 3.923133659935335e8
1.666623531546717e8, 2.43070854913888e8
1.1847350920761994e8, 2.581964281730078e8
1.559957294701892e8, 2.845001240823609e8
2.135623543513801e8, 2.619067644784341e8
2.032009973567115e8, 4.4576964578320956e8
4.345116166006414e8, 4.8957960791950953e8
1.478544393278789e8, 2.474871966658591e8
2.744191983625265e8, 4.199734723081702e8
1.7852347325320902e8, 2.9333188312175244e8
2.1068013448977545e8, 3.3879268025133234e8
3.2505658943492013e8, 6.698438621205109e8
1.4018171842172852e8, 2.0014239916602284e8
2.1203861152939335e8, 3.212280773603413e8
2.0060804775760287e8, 2.7864036503001004e8
1.2362910785108916e8, 2.4159613627430326e8
1.25847571436218e8, 2.4298550780322015e8
3.716473818021449e8, 5.183803397386852e8
6.154188382873203e8, 6.863281113702581e8
1.5091066443727767e8, 2.548362086570825e8
1.7957816447830746e8, 2.477849268573446e8
2.165477416217288e8, 3.152902346067786e8
6.056025389087049e8, 9.267307658046452e8
3.0452974709367806e8, 3.911818978586216e8
1.512505726990993e8, 2.1398351800854337e8
2.7941768218824434e8, 3.483342063679941e8
2.034368395040906e8, 2.603233249892834e8
2.1715766674861187e8, 2.7208485513357866e8
1.1236616458507983e8, 2.454915110881234e8
1.176459307523396e8, 1.6902818621693558e8
1.1258948089946336e8, 1.7950323384744442e8
1.3709033032512516e8, 1.7969384969857457e8
1.2658597805615728e8, 1.8123898505317193e8
1.4580618716886368e8, 2.190302891962345e8
1.6729753854567203e8, 2.4656505910695398e8
1.51581005314445e8, 2.6316942915755224e8
1.2959500722444484e8, 2.0346237766678286e8
3.763964594800418e8, 4.405420474671186e8
1.0898887016230822e8, 2.009230069950907e8
1.478978609281847e8, 2.3338921402450222e8
1.6404345841609e8, 2.2736958524931523e8
3.278073970840299e8, 3.937360755845806e8
3.057138151868303e8, 4.3116976863239187e8
2.0858042699731058e8, 2.7470943360312647e8
1.3395206318589671e8, 1.963302356067329e8
1.1641530770794916e8, 1.8653446927927127e8
1.7186184748954257e8, 2.5194415853773525e8
1.6545460993359613e8, 2.2619696959031573e8
1.1570315684032516e8, 1.7611565237816918e8
1.6418003865207726e8, 2.5709662422856703e8
1.1473703991339421e8, 1.669740538021764e8
2.9007852564835286e8, 4.0905763348573935e8
1.388228904864608e8, 1.9889118279206833e8
1.3438392521431312e8, 1.892025379601855e8
2.0574516313292265e8, 3.894015438890219e8
1.0723962268245375e8, 2.2875832607959178e8
1.334374661499919e8, 1.702482906945268e8
4.6226287811440754e8, 9.103465525269163e8
3.976349009512096e8, 4.9503644975987107e8
2.1506349449554703e8, 3.208962588454318e8
1.3429004309148496e8, 2.2383745087275192e8
1.6626717111172742e8, 2.2695717815133604e8
2.1037661803972036e8, 3.8074986040866953e8
2.4185614764733118e8, 3.946350519679564e8
2.611825049674446e8, 3.3164360758042485e8
1.4650221873358375e8, 1.985793417286439e8
2.6128806754047623e8, 4.156616678942307e8
2.977417584978354e8, 3.884642848275692e8
4.8639735933961666e8, 5.948267539856253e8
1.3331717436825947e8, 3.8322688327167284e8
2.5790868213058487e8, 4.7168033170355636e8
1.2593666303543404e8, 2.9379350634418243e8
2.126963288510537e8, 3.365918227474445e8
9.681326658996278e7, 2.170876541464126e8
1.489291606609867e8, 2.9442113631595445e8
2.1126811109714898e8, 2.5177608453015915e8
2.787429044060009e8, 3.7598651798773295e8
9.714776533696844e7, 1.9029687923329026e8
1.7464671604004845e8, 2.8145542076369566e8
1.4694863723182353e8, 2.852287010458799e8
2.0811926049880382e8, 3.1009939921888757e8
1.6112591636391366e8, 2.12405876966295e8
8.716979263158709e7, 1.609123473763003e8
1.9854183454537016e8, 2.3251981435608962e8
1.459278668231364e8, 3.0048685481975317e8
2.0240710210865018e8, 3.239674111223218e8
1.6508982653050694e8, 2.5054117697397706e8
1.2036109160892119e8, 2.1505005476845717e8
3.0004996741743374e8, 3.8073857985872066e8
2.3257234162457946e8, 2.84352009309984e8
1.4347044805075556e8, 3.2921518338410735e8
2.3544138168714237e8, 4.1070519088692856e8
1.2396446453359152e8, 1.7333776417966363e8
6.603420261291469e8, 7.630767257274599e8
1.4460653443420058e8, 2.460703890105775e8
1.3645395511173293e8, 2.2236458200079122e8
1.3018560537536566e8, 1.7554981382752976e8
1.380379774560833e8, 4.2556250617783475e8
1.4194087898673117e8, 1.9299273272612917e8
1.972471250461843e8, 2.358606615024205e8
1.7054646188595816e8, 2.3909447065662104e8
2.2452417368879288e8, 3.391874976233557e8
1.1976288125836182e8, 1.8721855909574902e8
1.3645406185065264e8, 1.7005767574677792e8
2.6402234556441787e8, 3.8630324910674345e8
3.61865660274303e8, 4.22525583257343e8
2.966030054176945e8, 5.269671815645424e8
1.1651134682701564e8, 1.793243129128034e8
1.39397320990061e8, 2.248763443948806e8
1.8310566092386487e8, 2.7636605827152675e8
3.102352994037479e8, 3.7848649267565954e8
4.0797092088787776e8, 4.752761778553534e8
1.2587286442848697e8, 1.884654564737526e8
2.6736984401497668e8, 3.221142338069492e8
4.255502660629957e8, 5.513853363197938e8
2.0902101470688817e8, 2.701943764387889e8
2.4696324002958745e8, 4.086866863315442e8
1.5061928065565234e8, 2.768184361835631e8
1.246359013265672e8, 1.8087791247283533e8
1.9607425596396092e8, 4.5942897514658535e8
1.977001381785547e8, 2.5758399787928775e8
1.8091923244276112e8, 2.8508999940773404e8
4.786851901698843e8, 6.877655500345625e8
1.6441694164766502e8, 2.204110385182079e8
1.3702523673969662e8, 2.6009707297886875e8
2.3808433337295157e8, 3.444759107593912e8
1.2432494376865228e8, 1.843141442034831e8
1.8265763786664006e8, 3.157062703872817e8
1.3615553000160113e8, 1.855443617780398e8
1.0419941048824216e8, 1.5122863464812323e8
1.4505144154848152e8, 2.063811914176398e8
1.5261351795263186e8, 2.7690659602995133e8
2.200837475095948e8, 2.6777619154847062e8
2.4951551432751796e8, 4.961058198243378e8
7.805499668027656e8, 9.650932142118747e8
8.805563586501032e7, 1.3717548551464364e8
9.029697350772876e7, 1.2823765845599756e8
1.139596730449027e8, 1.4931126461792895e8
3.521452489742436e8, 4.5736681808056444e8
1.562733660196609e8, 3.593892971685158e8
4.7712866080621207e8, 6.07432790852009e8
2.0696799492883795e8, 3.497315253961143e8
3.3113553132360977e8, 5.415212979885217e8
1.349146213816122e8, 1.7858757534619385e8
1.5987626478439954e8, 2.5450898947711155e8
1.706088470877902e8, 2.1813332999070907e8
2.0706048875017855e8, 2.8540160344964886e8
2.1273076386477128e8, 2.802400396200902e8
1.4041069141178346e8, 2.185874388095578e8
2.0951039729229367e8, 3.174881848147903e8
2.2120018229577032e8, 2.884745081131e8
1.4323829701289046e8, 3.5500595315639794e8
1.3060697065920572e8, 2.3462890258047098e8
2.1849674326262552e8, 3.893275613019864e8
3.447607652365153e8, 4.148342978561057e8
3.3492831180725175e8, 4.0901664425610816e8
1.63271081350533e8, 2.4539338404336792e8
2.1546016072554982e8, 3.9827835077109224e8
2.3181486762338328e8, 2.801467254241481e8
9.316177796307659e7, 1.6879521531856522e8
1.7835305480305675e8, 2.3111128558579296e8
2.805022809612909e8, 3.5445354364125735e8
3.1871678241528434e8, 4.0174675641934866e8
1.657608870042473e8, 3.4479253626104194e8
4.206975839828912e8, 5.081994303830282e8
3.2638655650704485e8, 4.0773051030906785e8
1.4200404687651733e8, 2.425557325085183e8
1.3318817160070221e8, 2.770382446534091e8
2.3822523680263123e8, 2.825842950103486e8
1.0109772902985078e8, 1.8939534717761943e8
1.1842075754266693e8, 2.6719795067063206e8
1.496748813084589e8, 2.3725856723986703e8
2.4000726262229174e8, 3.3105478106020325e8
1.2204303224343945e8, 1.963327358074942e8
1.418046690198157e8, 2.3780742457781437e8
1.3143949968301453e8, 4.921553394776225e8
2.891937636353511e8, 3.8806829658217573e8
4.1982443155688995e8, 6.704030089092664e8
1.844666477608625e8, 3.6082110512629944e8
1.5510508042099643e8, 2.6229240579008552e8
2.0128966324662676e8, 2.5003751954483506e8
1.4338008386481923e8, 1.9288110296146455e8
1.6559950331679016e8, 2.703019665161286e8
1.4899281132109773e8, 2.5854453138408536e8
1.1423044571554859e8, 1.9211201383532912e8
3.335006902147093e8, 3.8817228365374833e8
1.389628438435179e8, 2.5161065551083854e8
1.6825747527336258e8, 2.291020521440369e8
1.4413144528482753e8, 2.251740252229479e8
2.0100078170759705e8, 3.512253874262436e8
9.954773307027332e7, 1.4989941850982374e8
1.7347469142119828e8, 3.348665274426795e8
1.5470278296048886e8, 2.1874506640745294e8
2.1172418470874804e8, 2.869381786257701e8
1.2508315199816982e8, 1.7244710585502213e8
3.597190440701915e8, 4.58235486430489e8
1.2439807539537235e8, 2.0016502957797578e8
1.980798686510101e8, 2.6327788187150428e8
1.994488607450756e8, 2.8052610415831906e8
1.0690526663342606e8, 2.09443110572805e8
3.502451717234573e8, 4.25569759506472e8
1.7046309376396406e8, 3.014835747537359e8
1.2594623243703704e8, 1.893452818756359e8
1.424270325316005e8, 2.1233540522974542e8
5.283244076574834e8, 7.988340202957332e8
2.582089542033095e8, 3.576754476102053e8
1.6790614785752243e8, 2.5413672144628742e8
1.5761835030542395e8, 2.2509472626361892e8
1.3331359382356362e8, 2.0739253319921878e8
1.6249090035571855e8, 2.363768026017734e8
9.95050382215298e7, 1.4563854452833396e8
1.6007879017951515e8, 2.315001271184291e8
3.7128221395776904e8, 4.5880102956116456e8
1.3733057230615047e8, 1.8971928695045462e8
4.266402355040974e8, 4.764263447834462e8
1.7804504439226374e8, 2.7615814843494457e8
4.151730504703691e8, 5.184648323898723e8
2.2269981749215457e8, 2.8430814383886683e8
1.6678265546184665e8, 2.3293768152163872e8
1.759661620880188e8, 2.3142374422722584e8
1.806447913865399e8, 2.4937179467009702e8
1.463921756890299e8, 2.632556745096092e8
3.347396521126734e8, 4.2224955619272345e8
1.4942356562411875e8, 2.0840563350047135e8
1.0461479648690502e8, 1.6822956484088886e8
3.383932471503487e8, 3.867831903626434e8
1.3112975540075749e8, 1.794253346727461e8
2.599809388101146e8, 4.053557629133497e8
1.7317247419253203e8, 2.6318023814098445e8
1.7175696694244337e8, 2.180361577289732e8
2.6599461363891315e8, 3.2322176440910447e8
2.2092222394649115e8, 4.143181492900428e8
1.4522171794269517e8, 1.9966650698463863e8
1.2475466456042455e8, 3.1256741559970367e8
1.895977578157822e8, 2.654767200199353e8
4.959963954562717e8, 6.705786475658203e8
1.520657179123878e8, 2.1635885229205114e8
2.4648261300559035e8, 4.653345165245251e8
1.0132704688278456e8, 1.532302804876997e8
1.1100927121045655e8, 1.5943172372976947e8
2.2584094253420445e8, 4.3592652593456686e8
1.840051797632918e8, 2.4402495531230044e8
1.6022883377471927e8, 3.7986311053076607e8
2.0247157813146725e8, 2.838071052159776e8
1.198463099565225e8, 2.4425035761931723e8
1.5171666708880553e8, 4.3642840527463937e8
2.6034247310208654e8, 4.627793103957429e8
3.1933214446216536e8, 4.942212516179261e8
1.627685677180919e8, 3.866042011979839e8
2.6085188173522824e8, 4.88377576271253e8
1.385447893200581e8, 1.7657280255591622e8
1.817916870499804e8, 2.428208110634832e8
1.579430072558484e8, 5.458934010226294e8
1.2611675085517283e8, 1.8442626335266742e8
1.6565963464191058e8, 2.1920922952945718e8
2.307818834379978e8, 3.341742405677264e8
1.3901077327962002e8, 1.9177139801557326e8
3.2014970964264965e8, 4.6802900850044286e8
8.883905019479536e7, 1.5424981304475248e8
2.715473937408174e8, 6.054532852427901e8
1.9090046283418208e8, 2.895308930903692e8
1.650678433743131e8, 2.698697277509281e8
2.585770336022053e8, 3.38373099864421e8
2.756882918760081e8, 4.5871768786145055e8
1.9753020974785033e8, 3.1773261258268696e8
1.7729417786631182e8, 3.0151835986458033e8
2.338297890817418e8, 2.997432344128821e8
1.589488102996969e8, 2.804965039225327e8
1.112323375605396e8, 2.2165344874781436e8
1.0758855475678197e8, 1.7462122072953147e8
1.689856676457973e8, 2.6029209913585243e8
1.0210559234849107e8, 2.4607060026620847e8
3.059586830673016e8, 4.176136454595885e8
3.1040560731543493e8, 4.2874662405476755e8
8.654763327634041e7, 1.595118441690274e8
1.7426075243951902e8, 2.8805997109418464e8
1.591580259520206e8, 2.5092135183763185e8
2.2911844515843013e8, 3.3839825424013937e8
1.3003853477332969e8, 2.0754181183015752e8
2.358798136786116e8, 3.0860931598397124e8
1.3662810539543176e8, 2.3044938343866637e8
2.0346144317680085e8, 2.8239229536898524e8
2.347710417775209e8, 2.8838236078255767e8
4.128900973597576e8, 4.806801827031874e8
3.2279268702912515e8, 3.8004038111688113e8
3.084717161581979e8, 3.726519047608719e8
1.6021051171317938e8, 2.0403147455352646e8
2.1590933606901416e8, 2.5482219224445823e8
1.4017558506827945e8, 5.070649216663169e8
1.698454454199408e8, 3.228346120225996e8
2.3274737929685754e8, 3.109594101084454e8
2.604603773742331e8, 3.80044039290973e8
8.21312451006758e7, 2.0164050880007708e8
2.4341509279524803e8, 5.736397007524247e8
1.2066410173505604e8, 1.803905479386207e8
1.691840032441441e8, 2.3408474152566016e8
1.0639173088806865e8, 1.7920638432284352e8
2.473760150677084e8, 3.9092966215068173e8
2.301235336806093e8, 3.703238960024655e8
1.1265364874458376e8, 1.7630770000999594e8
1.2087655965257871e8, 2.2657691348934698e8
1.992454505914463e8, 4.938153005576366e8
1.5431858632585302e8, 5.773099025879258e8
1.2168762863488565e8, 2.0775209882171977e8
1.8397875607459274e8, 2.941933232582124e8
1.7114544288141024e8, 2.189127094728503e8
1.718127153335484e8, 2.291526968240656e8
3.3123513644804275e8, 4.193506841960472e8
2.7282401338690174e8, 3.483004331739654e8
1.7671625640758228e8, 2.804269518367806e8
1.1308237992371285e8, 1.9445088757514668e8
2.340742380768589e8, 2.7875442247834e8
2.130198832641876e8, 3.005515130918896e8
1.4805440688064888e8, 2.262269876183502e8
1.4513515108726257e8, 2.157675860531304e8
1.593998228099841e8, 3.369061113048094e8
1.6861059860899892e8, 2.3732516238680598e8
1.9253498957057318e8, 2.597842489050301e8
1.7454201432258272e8, 2.432727343692729e8
1.9354557726207465e8, 5.288798690562791e8
1.5629443258957678e8, 2.3530360577171087e8
1.3826000187453616e8, 2.0917019023931602e8
2.1341042074874288e8, 2.8076434379169583e8
1.5000540769504133e8, 2.253864194989106e8
1.337341690893022e8, 2.3218636133094153e8
1.4132191998907122e8, 2.7603178468212646e8
3.6283481594322306e8, 5.658263580950121e8
1.9364267257359517e8, 2.898816275504804e8
1.5634901741559497e8, 2.4058258670209005e8
1.5535768821003783e8, 2.5026727252908283e8
4.647125198577064e8, 5.210110598029356e8
1.5703968522057965e8, 2.2838751413437662e8
1.761910099490341e8, 2.4624531324098688e8
1.3333558398330802e8, 1.9978036719971973e8
1.7778051616807836e8, 2.1930458839286277e8
1.9959938298717993e8, 4.7320573556079376e8
1.8153302753900424e8, 2.3251278255559137e8
1.933335733431049e8, 3.8168470887366325e8
1.2937694058561333e8, 1.7830770185301465e8
1.1345012804413027e8, 1.9175122011341754e8
1.5549634053503805e8, 2.0993830900242195e8
1.3529594847450617e8, 2.115461921732512e8
1.7141143629056284e8, 3.336514143004148e8
1.788511147518764e8, 3.7320483167489743e8
1.3962528269844446e8, 1.9188445693616417e8
4.3587733892480993e8, 7.208352240375321e8
1.346560472647202e8, 1.9209762390933135e8
2.658722724132558e8, 3.9871724099618423e8
2.186255147328128e8, 3.044031860554904e8
1.843036982492621e8, 3.3226723853390837e8
2.9314843547242117e8, 3.849529602252397e8
3.608936872468968e8, 6.294506935465837e8
2.6943617000508994e8, 4.201903186926235e8
3.424586282637667e8, 6.912850239670475e8
1.2617736189027722e8, 2.4389142113151753e8
2.031249242408883e8, 5.175159433759186e8
2.890808439789791e8, 4.043415289661773e8
3.6809396214461404e8, 4.263947680134343e8
1.2534281450680323e8, 2.0233123512859368e8
2.0308068640907723e8, 2.4978897273720583e8
4.1371896790874434e8, 4.957282055095485e8
1.2749954199480955e8, 2.162842413426003e8
1.6901582535663757e8, 2.4752017629021615e8
3.066490038274561e8, 3.7876223510247153e8
4.363080552605698e8, 4.928340899140897e8
1.508373445900331e8, 3.278771801689864e8
1.3419925084430502e8, 1.7657416543673322e8
1.3225253081292412e8, 1.964476010775914e8
1.2982714784668143e8, 3.0911443908163315e8
1.2670133372439624e8, 2.6929247809666765e8
3.8521216740738326e8, 5.1622163832512814e8
2.770153330284815e8, 5.2053678205808455e8
1.3779392183324835e8, 2.1495344394514015e8
1.983348778881271e8, 2.7157774195374614e8
1.466558791632731e8, 1.9750173199133527e8
1.161969922829828e8, 2.0458760949998882e8
2.942040742008267e8, 4.273585997219356e8
2.297244188048014e8, 3.661614638653928e8
1.4643079944198602e8, 3.582775274257116e8
1.0306586325116189e8, 1.6621718602762645e8
2.2430102970681843e8, 2.946453177212658e8
2.1625971158931097e8, 2.9392453484553045e8
3.1138998678563046e8, 3.9815855451166457e8
1.5013415447938457e8, 2.0328532350060284e8
1.4180802434186113e8, 2.308901941572107e8
2.2055180849581653e8, 2.7264901004038316e8
2.762427445608435e8, 4.1428868096599597e8
1.3882272987217402e8, 2.3919488601703125e8
1.9411391477519745e8, 2.491173748774769e8
1.2525457403783774e8, 2.3434662883209398e8
1.6832828019464093e8, 3.271510631838152e8
1.490387086826515e8, 2.148869147292697e8
1.2668153458244649e8, 3.9214034310187924e8
2.141110531943266e8, 2.738569310891321e8
3.192969885747386e8, 3.6708071323276484e8
1.5700903032442868e8, 2.051476161896715e8
1.32244425622349e8, 1.883597226598083e8
1.1919449066039635e8, 2.923389578581517e8
1.568837457731029e8, 2.6626435215616155e8
1.7561057312240404e8, 2.424207182738062e8
2.797822736062308e8, 3.863087732440435e8
2.6457567484854656e8, 3.8797406327665854e8
1.4062771797053933e8, 2.5117905031706363e8
2.6455797278651574e8, 4.0338668272379744e8
1.269858829294527e8, 2.1350489866990957e8
1.2448305103841618e8, 2.021461357497517e8
1.3331041981939262e8, 1.9093033718068957e8
1.5624463970352054e8, 2.1068545322691464e8
8.744231796921925e7, 1.8731972010353833e8
1.6549487668022382e8, 2.6433573602860665e8
2.825087480125917e8, 3.59832545841377e8
3.057583662461778e8, 4.5311677022703034e8
1.0670032839058918e8, 1.790486832551085e8
1.708404288182003e8, 3.294812908483897e8
1.461560729967243e8, 1.9674380112037817e8
2.1644322475489122e8, 3.4143603293746597e8
1.1185780343472636e8, 2.1004460287282988e8
1.72869243333661e8, 3.1299993705085e8
2.336294621306989e8, 3.1072301807105803e8
1.4114074086540836e8, 2.725077801793338e8
2.845322208544352e8, 3.927960181151735e8
1.936498504532516e8, 3.123202534872756e8
1.4854390593971142e8, 2.026965084106994e8
1.7302318178471226e8, 2.5523682061788303e8
3.473619696669246e8, 4.337076148335707e8
1.1608200412531357e8, 2.2463060177670938e8
1.7753132811643463e8, 3.0632961948254514e8
3.49289730846748e8, 4.740189309886499e8
1.2521959473238012e8, 2.0945434662296072e8
3.2378341276252794e8, 4.217157836315544e8
1.1567859300662875e8, 1.638579113446022e8
1.350480126466514e8, 2.6063373184095117e8
1.6573542828639582e8, 2.0661921891402143e8
2.481092869251742e8, 3.056047138975784e8
3.908113123408209e8, 6.115698111952262e8
1.980081036663584e8, 2.357334499886078e8
1.3637283284264743e8, 2.6102524055868214e8
1.861791301271311e8, 2.378066704776433e8
1.4043166640305635e8, 2.28038421552791e8
2.4416386574067998e8, 3.506409997194616e8
1.4660671018172592e8, 3.174339721175498e8
1.1535351489440861e8, 1.644381064791084e8
2.5519140320292178e8, 4.323345570751879e8
2.4052689929297107e8, 3.287357624264346e8
2.6140159096423903e8, 5.647455641050456e8
1.5827738987083527e8, 2.749542538487658e8
2.9204778637029856e8, 3.654514345928176e8
1.8355625070265412e8, 2.6100621186039382e8
1.42107914055855e8, 2.2937873940972325e8
1.611512674270001e8, 2.1604350953082484e8
1.1894129630999157e8, 2.669468574384071e8
3.6064837543037695e8, 4.3002736079792005e8
1.3063119437320884e8, 3.179631378871174e8
1.5994243553175887e8, 2.675118223255587e8
2.0055173902004623e8, 3.430412572268503e8
3.2375270786495835e8, 4.847464204247245e8
2.4288827641454798e8, 3.917032247974668e8
5.885771226870172e8, 6.775215429736034e8
1.0160095266507053e8, 2.1839647106224197e8
1.4528794012249187e8, 2.1326477832894546e8
2.244177392111303e8, 2.752083448573441e8
1.2135597140933204e8, 2.3712847439412904e8
1.76607768548481e8, 5.681874521218969e8
1.83339268395297e8, 4.214479741227489e8
1.3745782068670535e8, 2.039552000054775e8
1.1430936118720831e8, 2.796716025563778e8
1.8981407132335755e8, 3.16183278147479e8
1.658575238718451e8, 2.888204107898253e8
1.6063600694265267e8, 2.876279261806061e8
5.579720711819024e8, 7.450330309698665e8
1.3277240848915121e8, 2.687676892650627e8
5.0119853686372155e8, 6.064902661811885e8
4.0380389317784214e8, 4.875040537323895e8
1.2075309432472828e8, 2.0248763828569007e8
2.0179115917651993e8, 3.256908060564541e8
1.0828079933659163e8, 2.0254754176089263e8
3.075272569966877e8, 3.6961330949624074e8
1.6496227065303773e8, 2.4504598231887034e8
1.0657567323917556e8, 2.2571961007432118e8
1.6236906625931114e8, 2.1702907085145184e8
1.3988666402843738e8, 2.4219638246970847e8
3.1869703016996056e8, 4.7963560130008215e8
1.5950315443206155e8, 2.876220607723976e8
1.3426281166156358e8, 3.086306832578048e8
1.2668114602133657e8, 2.6954696012236404e8
2.3354841353118542e8, 3.5746001122052944e8
3.2962562499189985e8, 4.2483006219703805e8
1.799205002311077e8, 2.893610719912134e8
1.3741998963311508e8, 2.0357879209452596e8
1.917898471510991e8, 4.9058488158453566e8
1.9264977854338732e8, 2.7035423060990036e8
1.283207282723445e8, 2.0744721482057288e8
1.6883862599048933e8, 2.7534598692756844e8
1.1532675187844504e8, 2.4084715731051868e8
2.4164029812494263e8, 2.969060899959441e8
1.395988548434326e8, 2.640191561227876e8
3.0562676978156585e8, 3.735123309527983e8
1.549248320824784e8, 2.1680768383592388e8
1.2700845066618314e8, 2.3148585786562312e8
1.3369813337548439e8, 2.5912297261622262e8
2.1751436545052782e8, 3.4546794053740925e8
1.3207504356662427e8, 1.8316405855690205e8
1.506606692180575e8, 2.0625594145135593e8
3.242666657758306e8, 4.2754974220975804e8
1.5288965234518135e8, 2.5008379931059024e8
2.0034313643754e8, 3.020949366271708e8
1.83750797134736e8, 2.485310744208136e8
3.438655735787631e8, 4.3007088015538603e8
1.075664922426348e8, 2.054385204543991e8
1.5688682494856998e8, 2.4520487377156138e8
1.525699116852678e8, 2.4278521009272796e8
1.407737033667483e8, 1.775005667215695e8
1.593615775562324e8, 2.0224624123151293e8
1.6098459755225328e8, 2.9123871548444074e8
3.110038778591905e8, 3.626175540097139e8
1.4322410083990762e8, 2.6388177895418468e8
1.0328048066484727e8, 1.4513709156760514e8
1.1255044790028153e8, 1.6394144310996315e8
8.832486742312703e8, 9.837417035457498e8
2.0000824636415523e8, 2.6345156977731717e8
1.670955393819948e8, 2.2373789602841854e8
2.763405374662787e8, 3.4734061912856156e8
1.3559619462672755e8, 5.1591997261074287e8
4.91380126093982e8, 6.573778324584836e8
2.029119565352225e8, 3.079401671014278e8
2.6272987246225074e8, 3.5687187483636165e8
1.2197879492943415e8, 1.892811106724647e8
1.9754514786784163e8, 3.34037423488269e8
3.332943175888895e8, 3.738706273615726e8
2.300963865208203e8, 3.153628605643227e8
3.047196033321879e8, 4.637884040532135e8
2.2100249189901486e8, 5.654189330491905e8
8.264135581873307e7, 1.6332106832051355e8
1.9845500553912777e8, 4.965548238661251e8
5.564078302450827e8, 6.066671421703409e8
1.2852601143843047e8, 3.3395013792141354e8
1.8322275966923642e8, 2.728651008029151e8
3.222614198551101e8, 7.225522539664305e8
1.9803814327731618e8, 2.812147220167144e8
5.400060092862209e8, 5.971177140769594e8
1.3185118382236537e8, 3.714528368658123e8
3.0058538813171333e8, 4.01452628723033e8
2.6496777556287637e8, 3.2730836929363304e8
1.793103981476233e8, 2.398396811900634e8
1.0693340964505124e8, 1.6745072005167213e8
7.216076031651069e8, 1.1464401365481226e9
1.3220208695888464e8, 3.402894905598731e8
1.3356441916249788e8, 2.5618155784762427e8
1.213969523125282e8, 2.0194242942136875e8
1.5564899050439522e8, 2.5344608887408122e8
1.8847578200520083e8, 3.001411974710924e8
1.4768567278478205e8, 2.1647308385980418e8
3.0272069632075644e8, 5.434643091601714e8
2.0104889466252747e8, 3.032893136391941e8
4.193894807513467e8, 5.2651689318499404e8
1.374122238077608e8, 2.1505984118307415e8
1.587498747703678e8, 2.5371780813430116e8
3.0673516899929005e8, 4.255802979557073e8
1.6886637637268198e8, 3.8006857350186163e8
1.4405118927797264e8, 2.1785774613505587e8
1.3227443892257482e8, 1.9319621938232955e8
1.8214770998625413e8, 2.2829523079619268e8
2.0462008060600194e8, 2.994439885063229e8
1.2822589766900969e8, 1.8427966842791885e8
2.0136205693390882e8, 2.71528756072041e8
5.585905736336429e8, 6.20602906696679e8
1.534581446934239e8, 2.0271871079473624e8
3.015656778878429e8, 3.451016959286083e8
1.5757685449907294e8, 2.85312708351383e8
3.690308305096657e8, 5.812840540018803e8
1.2652815974344301e8, 2.4067493185334685e8
3.050335448523006e8, 5.061120880541277e8
1.565615056013877e8, 3.330209500267189e8
2.9012968743469733e8, 9.360973590212913e8
1.575877441588404e8, 4.622843052777596e8
4.105591723312423e8, 4.587495500006417e8
2.048140527933964e8, 2.802097971102315e8
1.5153342554949772e8, 2.2732303869681278e8
2.0632590379050088e8, 3.121115625375067e8
1.0703897419676527e8, 1.6149658236656988e8
1.1087081686086458e8, 2.011610933804542e8
1.096127467919082e8, 1.9601800528441322e8
1.565939615159651e8, 2.030293027522016e8
1.5874922786552522e8, 2.5101136814269418e8
1.2918940486257239e8, 3.230306806508654e8
2.3924563341474223e8, 3.200876293467111e8
1.438639187747058e8, 2.0101157910372585e8
2.6502406241576028e8, 3.2331337677192557e8
2.297722627678097e8, 3.072842408511225e8
1.770136903737752e8, 2.1620377675064638e8
2.2808702218782055e8, 2.97071258131535e8
2.3196282541752696e8, 3.7119638376257724e8
1.0489914799704206e8, 1.7409521172604114e8
2.2459159528134924e8, 3.876686574659502e8
2.362828411150046e8, 2.802032059184667e8
1.300365500881272e8, 1.9475884431178135e8
1.5388484589904678e8, 1.9215870677351847e8
1.7235119876047316e8, 2.5861107572007155e8
1.3907258336116362e8, 2.4747930383374262e8
1.1641839896754722e8, 2.1128887338032916e8
1.797616187298113e8, 3.1139535834242946e8
7.005465817341065e8, 8.900836470019922e8
1.529382529841538e8, 2.139493794469471e8
1.914228594030013e8, 2.895396993905426e8
2.348581684325906e8, 2.961569403895355e8
2.3872256319150588e8, 3.236920384074196e8
2.9355019699477947e8, 3.509230535792108e8
1.540296225924656e8, 3.4124798466201127e8
1.3042214216532017e8, 1.8043044673927042e8
8.911702421080178e7, 1.5532485606987885e8
2.96831839844535e8, 5.382627943911711e8
4.1229989469394374e8, 4.838987907221116e8
1.411125891200156e8, 1.9711831635026982e8
4.5056100293917525e8, 5.339494125610612e8
2.258761431897956e8, 3.446334099487378e8
1.7765995609335953e8, 2.7239803619105196e8
1.622507896200096e8, 2.439554350409686e8
1.8148949414104024e8, 2.578763748071446e8
2.829687490162682e8, 3.446047337549577e8
2.1144151795361763e8, 2.6814992925618666e8
6.396113267071537e8, 8.646621563141214e8
1.2708184146381584e8, 2.582004850634121e8
4.2432626886565006e8, 4.746974462757881e8
1.659856207299251e8, 2.867789130232235e8
3.3132718898874e8, 4.2059978383301866e8
2.825782577329027e8, 3.5746143076600593e8
1.9192721599332997e8, 3.523652492216851e8
1.7120687698554075e8, 4.351276393575524e8
1.2315795544292007e8, 1.659260990686351e8
1.8379021035998225e8, 2.3958607442391905e8
1.562748664710147e8, 2.322866153365653e8
1.0169250875252916e8, 2.1873815777611044e8
1.676586473836533e8, 2.440010455174878e8
3.05719174910889e8, 4.953063922152684e8
1.2646342514797743e8, 1.981640874392265e8
3.732376079330395e8, 6.672961168463557e8
2.6078813707469684e8, 5.2772220525810695e8
1.359407120086197e8, 1.648170639192662e8
1.2873584617669202e8, 2.3564141188420463e8
3.062698506986987e8, 3.841053115762702e8
1.7882709898858586e8, 5.2614486636189103e8
1.319350952261084e8, 2.0174208542647707e8
1.5692965593935394e8, 2.4760455955015352e8
1.452914346128058e8, 2.0634805330164984e8
1.587419816678715e8, 3.6146098490689695e8
2.3501751784597826e8, 2.978720306465938e8
5.575357832056758e8, 6.278001173147503e8
1.985535345044383e8, 3.905780838897656e8
2.06705314003543e8, 2.9494808191931134e8
2.3757203357831845e8, 4.0189690216391766e8
1.609307628603112e8, 2.54812726716059e8
1.9217967226852545e8, 2.5681002691891164e8
2.1296035358792123e8, 3.4977806878738815e8
2.709216172758262e8, 3.641037458187297e8
1.3273478154962726e8, 1.8301707490277314e8
2.0896539021623087e8, 2.5907762983483934e8
2.2125594142712858e8, 2.6691832798620415e8
1.543318775090442e8, 2.1468345361930802e8
1.4605077233000174e8, 2.411141421447481e8
1.707047418734171e8, 2.6352218374631625e8
1.907965115883725e8, 2.9157271375300944e8
1.2567590379142419e8, 1.8554137599765375e8
1.1108303914026213e8, 1.631053197931838e8
2.3490606344428253e8, 3.437282571513417e8
1.5280405084025902e8, 2.6600822293509316e8
1.1936154171598132e8, 2.890457055357571e8
1.184929933821421e8, 1.7358092311747938e8
9.385467604909123e7, 2.0151407979981118e8
1.9004669908868057e8, 2.8199618456578624e8
1.66770210887717e8, 2.3934684337621808e8
1.1766757869582407e8, 1.6648082711066478e8
2.4141468900875938e8, 2.845547257436404e8
1.5984882765286237e8, 2.800096816161821e8
2.2878452629685712e8, 3.405848371523602e8
2.5782044745473552e8, 3.085729833564766e8
4.524494260461949e8, 6.779581252236705e8
1.1785312662978771e8, 2.140566341214098e8
9.69927344303233e7, 2.0702405403484535e8
1.4161693923681802e8, 1.967911973498742e8
1.8714961186836824e8, 2.4918069784930703e8
1.7932772092813647e8, 2.965527445363787e8
1.0081192519631594e8, 1.6870374217126477e8
1.5953377834559855e8, 2.52310117370001e8
1.1304387327733299e8, 2.428902939923805e8
1.906390965788979e8, 2.4807207618345395e8
1.9029316831030738e8, 4.143899519797282e8
1.7050143940430492e8, 2.209920936876072e8
1.1436413010257323e8, 1.9349584776922488e8
1.696861594379429e8, 2.4184444188583484e8
1.670337746909945e8, 3.1253352382119316e8
1.0511645826855442e8, 1.7836443385689172e8
1.301681273104045e8, 1.6391247856745067e8
1.2528732762258142e8, 1.7631556711837608e8
1.4539217620349333e8, 2.2690763000605375e8
1.4095223604876187e8, 2.7239222946033186e8
1.621671664701998e8, 3.56181416669533e8
3.495560351874976e8, 4.201004549264379e8
3.152132872079995e8, 4.1114158077399325e8
5.925511587183363e8, 7.238884463532451e8
4.29367432710721e8, 4.7790201425344074e8
2.1014831147834256e8, 2.805344172294658e8
2.19955062793259e8, 2.728794457406767e8
2.5901331872481704e8, 3.4435294048806167e8
2.883562950205347e8, 3.609101475999121e8
2.1202679829954538e8, 2.9395229371093506e8
1.2667865799965245e8, 1.856524858197791e8
1.370002194949181e8, 2.0565076007575393e8
2.5082814066164494e8, 3.234691342442959e8
3.852711080896932e8, 4.833273430373294e8
8.64889232318474e7, 3.204220680960807e8
2.2105672411444706e8, 2.81831292954456e8
2.1982412695779005e8, 3.0346267310667944e8
1.7709592410341883e8, 2.619237634134966e8
1.5477417643414512e8, 3.919257588884539e8
2.9090565208083254e8, 3.3319133041498715e8
1.5654746768349436e8, 2.3911503780800503e8
2.0353048958659324e8, 2.9351194580775374e8
4.2951603275520986e8, 5.611402061926013e8
1.3022258986052692e8, 2.7647619372229385e8
1.402178618677781e8, 2.1976800192295578e8
1.723551855609654e8, 4.4794033481560004e8
2.1023638194207525e8, 6.412327380449325e8
1.4303124457562396e8, 3.046324859052681e8
1.1840406499437402e8, 1.8947009245101982e8
1.683649083269728e8, 2.6460772969763905e8
1.366803561225247e8, 2.2713378397139037e8
1.796194696471109e8, 3.5685588230409545e8
1.4155556778898263e8, 2.260790291100929e8
1.7361202614846572e8, 2.2496274922186124e8
1.120084372744313e8, 2.2517786293705842e8
2.624777786907866e8, 3.3867011900610703e8
1.1123776302654168e8, 3.4134137005678433e8
1.9809567316007224e8, 3.431492468500561e8
1.4186202582555112e8, 2.089567661822385e8
1.422676507669379e8, 1.9031382670007133e8
1.0108600415778849e8, 1.4432910911396405e8
3.5094763222896975e8, 4.216818220437783e8
1.2514755478246088e8, 1.6198217525069103e8
2.3761507522512352e8, 3.344390922699246e8
1.4587289429376137e8, 2.1374860989498258e8
1.8432145272006837e8, 2.6340224834136578e8
2.3199703590334496e8, 4.8414472741493124e8
2.2343130407826233e8, 2.758937243787875e8
1.4911765997411737e8, 2.367172014840912e8
1.6454155753600696e8, 5.735342094275812e8
1.1986913358471009e8, 2.2943690822131392e8
1.2826785500614706e8, 1.63092017983696e8
2.795316154845426e8, 3.736203746565469e8
1.4839653636048603e8, 2.7382226311449397e8
1.8364897144506025e8, 2.3379442662986812e8
1.2165291866197363e8, 2.0185002040546963e8
1.4523980108657593e8, 2.2933627445516098e8
2.0288406262458685e8, 2.9266440727788705e8
2.0703346898286617e8, 3.0869165159607756e8
2.726444519921691e8, 3.492628543361784e8
2.7577005709338814e8, 3.650635443885107e8
2.1430545218896303e8, 2.5647842312333587e8
1.5217418924963883e8, 2.0137449426079342e8
1.6434016941357872e8, 2.7765607367868155e8
1.4180258784736836e8, 2.4672412826333922e8
1.3542989403945947e8, 1.807570637465843e8
1.2792035347123873e8, 1.7695366943983883e8
2.4877001727846983e8, 3.0816304800090444e8
3.403252234813546e8, 3.9858113266866076e8
3.510210811024683e8, 4.313848430839224e8
1.4119321099238282e8, 2.0654038236549947e8
1.655485434434404e8, 5.125402438457407e8
1.2287011647837147e8, 1.8800644612513757e8
3.083110368527866e8, 3.5983149634992534e8
1.2405236378987616e8, 2.69594369229664e8
3.3371083351985663e8, 4.2916808801263285e8
5.682447984780887e8, 6.567635935137545e8
1.6845526336247918e8, 2.245700585925771e8
1.7415207853679317e8, 2.5455026685708138e8
1.4276206221111864e8, 2.3657415151014695e8
1.7458409172546127e8, 2.844000004825277e8
1.0194849488095738e8, 1.6344315041294512e8
1.6374033157204214e8, 2.834662735253824e8
2.0074772941768616e8, 2.8056668865076923e8
1.888838243614632e8, 2.277974257520974e8
1.314800868362503e8, 2.885027081934711e8
2.83945728953201e8, 3.671380395950217e8
1.5986231662654862e8, 2.19413452819914e8
2.6102564219526753e8, 3.2337312158135253e8
1.0283305201018296e8, 2.5282476351967528e8
1.559021218305587e8, 4.0842491747929674e8
1.2710612169193104e8, 1.627552627633646e8
2.3165375214412782e8, 3.368657630599818e8
2.5792419118698955e8, 3.297169888962839e8
1.4898677086269242e8, 2.2481152606548092e8
1.547132429234683e8, 2.1041935846269977e8
1.076658306654728e8, 2.383207956156816e8
3.492610431316431e8, 4.363123621528773e8
1.2695238404615308e8, 2.0878360965071708e8
1.3024836144545344e8, 4.9617860989979446e8
2.072075487793952e8, 3.040239951637104e8
1.4973641815165126e8, 2.0798277878591824e8
3.831230477106187e8, 5.1150177385538244e8
1.6915877941314188e8, 2.6300636205619055e8
1.5306928392842555e8, 3.470209081193849e8
1.7227529787221414e8, 2.3959977246539778e8
1.7701924830293775e8, 2.3167554584480116e8
1.7906848542479172e8, 2.858434418287412e8
1.8499669391191125e8, 2.4447760913053474e8
1.4726650152457556e8, 3.1629235331311905e8
2.005797308588177e8, 2.738700283279644e8
1.6531318424276623e8, 2.4387647631565318e8
2.443417585679588e8, 3.173890017766181e8
2.4170260595074844e8, 2.940659532283152e8
2.7032085948347735e8, 3.739093458678258e8
1.4073005261176997e8, 2.05001660883358e8
1.5635444526667795e8, 2.0536655250277957e8
2.4712328785366756e8, 3.036969515282975e8
1.7224210069396043e8, 2.237987734416386e8
1.5512136423154646e8, 2.283388042217954e8
2.1421906344849896e8, 3.035583653496722e8
1.353545316123542e8, 2.4678716154052407e8
3.675677260603155e8, 4.7918101936777526e8
4.509939252814707e8, 5.391733580333354e8
2.4650382933163857e8, 3.430122104238501e8
6.279456877460804e8, 9.907623179389278e8
1.5455501094375968e8, 2.1962092280649492e8
3.40201467646501e8, 5.858003101971604e8
1.3002580216039586e8, 2.0034754115843475e8
1.5988072805554512e8, 2.2796296765333477e8
1.803220916205629e8, 2.7325228393527865e8
1.651688184880052e8, 2.859466240407705e8
2.0334538844267726e8, 2.9433259336762315e8
2.236815549158248e8, 5.238459052962981e8
1.1984043742893621e8, 1.8518922564268684e8
1.8633944703690165e8, 2.2957564251196852e8
1.8546575716201305e8, 3.7278009822826993e8
1.8726240352108145e8, 2.9630809662789977e8
1.605976768897392e8, 2.7998837237341005e8
3.167765175736958e8, 4.3822384066652673e8
1.8271517329700533e8, 2.5869081754150122e8
1.2187018289410824e8, 1.8124199847368568e8
1.55314914261043e8, 2.3276669537360445e8
2.0620449261386368e8, 2.92727173485217e8
1.6938590179814988e8, 2.793033051450154e8
1.6398827209082612e8, 2.777490694757167e8
5.879689695970944e8, 6.651891232530555e8
2.5698504892897165e8, 3.2543966969958156e8
1.9096045050322646e8, 2.6835381370166907e8
2.7790032881294173e8, 3.250806470238811e8
2.740347110288453e8, 3.3661393617556345e8
1.991136774069391e8, 2.82052646223063e8
1.0649740544729112e8, 2.0997613179000074e8
1.2902041633531044e8, 1.6302698848536262e8
1.0607158267315763e8, 1.4473387263141882e8
1.672870563199716e8, 2.0578844267928424e8
3.8181859894590706e8, 4.5084871378650874e8
2.8978557799093115e8, 3.922155729009485e8
3.470698299923703e8, 4.9775151296204734e8
1.0500989375736669e8, 1.3832951520963863e8
2.467348873263573e8, 2.9906634265355474e8
2.0407494055867606e8, 3.945546664596189e8
5.675287333371547e8, 6.23746608690654e8
3.3336252120441324e8, 5.637477607479255e8
2.1934886562032005e8, 2.858601856045735e8
4.028077607427726e8, 5.34048127772608e8
1.2330400070717672e8, 2.127688314981547e8
3.19676671370515e8, 4.202465928978817e8
2.3272749057036215e8, 4.1510717506072426e8
6.007007657402455e8, 7.437920453836857e8
1.7384554269078916e8, 3.2872917623609e8
1.8487785302767795e8, 2.571305607619981e8
1.2722447957115787e8, 2.205857044073115e8
1.7421952318728328e8, 2.1788174229659048e8
2.1090683674454114e8, 3.667720602738182e8
1.422455310362498e8, 2.6223768898368472e8
1.372279551747379e8, 2.4284806667032263e8
1.643022743550579e8, 2.283414299012746e8
2.3374154098470625e8, 3.6422013524677193e8
1.7191799280018988e8, 3.0951254776506984e8
1.8040010302152842e8, 2.553439102543667e8
2.0637175725675312e8, 3.063608761145895e8
4.0577578048520327e8, 6.467065956424875e8
1.0526116349627876e8, 1.6484435097254473e8
2.785575492639113e8, 3.351663085925785e8
2.1067063373727688e8, 2.915456236011114e8
9.986874361944194e7, 2.0958273721889302e8
2.3615307811291426e8, 2.850072267670641e8
1.425732456554584e8, 2.0031981912026834e8
2.5752150920402738e8, 3.153077920567556e8
1.5210410415444285e8, 2.200301858222056e8
1.0112702097396359e8, 2.2923222139591634e8
2.2336511005315697e8, 2.697196908220496e8
2.0801153521174806e8, 2.841669257887589e8
1.6699719151446736e8, 2.4638966702529696e8
9.706277640510404e7, 1.553058993514663e8
1.4383887145591986e8, 2.322038552003662e8
1.6016694246162087e8, 2.3487414536241367e8
4.235720279650922e8, 7.037944117916622e8
3.7124382890792173e8, 6.996786087752234e8
1.1587652737427326e8, 2.141152527568293e8
2.198677495076291e8, 3.222736127402098e8
1.6767384253446501e8, 2.943858266157743e8
1.9842749882673293e8, 4.3001539760983723e8
1.8549350148209488e8, 3.753949931986367e8
3.0654306451625365e8, 4.129628168332937e8
1.4063550990050852e8, 2.2538453824488735e8
1.2438275559675966e8, 2.3516092175256255e8
2.092511037056524e8, 3.195658692548069e8
1.342379748099615e8, 2.1493774944882745e8
9.795560578691839e7, 2.3797352353114164e8
1.0090905188638401e8, 2.0881471198751113e8
1.496125825830861e8, 2.186611938226555e8
1.2032952097464773e8, 1.674681914619462e8
2.012224982834837e8, 2.4675810708924043e8
1.6891125522683135e8, 2.741008613026353e8
9.016598432679172e8, 1.1257094346299887e9
1.84455924089474e8, 2.939542159864996e8
1.9947364523179147e8, 2.5879970304877895e8
3.727004050124655e8, 4.3891584601317775e8
1.4788825651837492e8, 2.1743466362940294e8
2.5501568372743848e8, 3.143692510328557e8
4.491364924497636e8, 5.684192572241304e8
1.2702597028133236e8, 2.1001953170489913e8
1.10857044379028e8, 2.1753506004232696e8
1.7604974795207188e8, 3.1103342978279513e8
2.2872838644946396e8, 3.790947218760058e8
1.1807084190785919e8, 1.6184395927295506e8
3.2631474453952664e8, 4.4341321201689434e8
1.3066369572999959e8, 2.0166018036931464e8
2.0761836729780352e8, 2.6765388335242048e8
1.9844744570873246e8, 3.268251247792974e8
1.1283934399600406e8, 2.0374682378878278e8
1.6765936965573132e8, 3.768356115928466e8
1.971477836689297e8, 2.575982374387208e8
2.199986398126211e8, 2.7706676781868243e8
1.4310434918616304e8, 1.8163281799512562e8
2.1598569966534168e8, 3.356410621783403e8
1.2350271493696772e8, 1.9690524711171022e8
1.0176443435927361e8, 1.8206430123244816e8
2.824228277066487e8, 4.059784462965869e8
1.7878550204832155e8, 2.4061200395266256e8
1.4288804083705783e8, 2.2549181855360946e8
1.2471360410678488e8, 2.344566800990673e8
2.5100675406822997e8, 3.401161826768877e8
2.419648559293665e8, 4.7490014094396174e8
1.863595970657048e8, 2.832507881957142e8
1.2567632547026226e8, 1.761984432729042e8
3.839146438247827e8, 5.519819542189157e8
2.179375429536237e8, 3.070613138780691e8
1.349300684078119e8, 4.813554239555787e8
1.3147875216935356e8, 1.8571276186271375e8
1.644762664872034e8, 2.2543706810005137e8
2.3874168568375966e8, 3.7707386073729104e8
1.9382266179673412e8, 2.579683971741661e8
2.1483963700612238e8, 4.3124281249127865e8
1.47574674135822e8, 2.176745184899884e8
1.1585453379186328e8, 2.3556093085612833e8
1.2062550893746836e8, 1.7920268187982383e8
1.5834421908371696e8, 2.1002999144227684e8
1.723533793198018e8, 2.2348452368079263e8
2.784769440225134e8, 3.71595780964327e8
1.5975610167867604e8, 3.2672477038825935e8
1.5541785374830857e8, 2.5161514751896545e8
1.5324185978675613e8, 2.2634974505063695e8
3.7134624729208267e8, 4.859914421138235e8
1.1431160569251683e8, 1.6892775391600308e8
1.893794607737591e8, 2.76065740107194e8
2.4235791414188454e8, 3.6617442534513307e8
1.8116285183272967e8, 2.381872958467308e8
1.2481532495444907e8, 2.1008557583560768e8
1.3227810396630032e8, 2.310338285351403e8
1.2897774549827303e8, 6.340575892225118e8
4.4654441598750985e8, 4.897439296648501e8
1.52181329965448e8, 2.1375548537303862e8
3.1787478695958364e8, 4.12623622273346e8
1.2797366974407692e8, 2.3760627113108715e8
1.695464504767746e8, 2.381605119159731e8
1.2725186685910232e8, 2.513211810032626e8
1.415020803479556e8, 1.9125845445193908e8
1.7899585150262457e8, 3.782593237196583e8
2.2879076511388e8, 2.8628511048510796e8
1.7077458082520035e8, 2.429743398080343e8
1.6010515756965187e8, 3.2753309297689223e8
3.0342685864002335e8, 4.0924210344676495e8
1.1809177355212596e8, 2.598976518088825e8
1.4857834012276557e8, 3.3429091536456805e8
2.1187700733813313e8, 2.742082215448588e8
1.1047729223262307e8, 1.7773474086813822e8
1.2616324451535708e8, 2.2072727626534185e8
2.4895467688345325e8, 3.573139606211173e8
2.0682427039707735e8, 2.7551833563888836e8
1.6999722310774234e8, 2.660981173748127e8
1.9636737557050073e8, 2.946806876939194e8
1.7417809673599535e8, 2.531391111698444e8
1.626976322148349e8, 2.258308943343873e8
2.6358063914468193e8, 4.164227029418014e8
1.6832142514654708e8, 2.1921593501241112e8
2.988475846155744e8, 4.751065737996823e8
3.165169174917877e8, 4.8563854257790035e8
1.3599961077995017e8, 2.8027805981183124e8
1.9441103721331516e8, 2.3955800537079743e8
1.2660801807123332e8, 1.5935961234257805e8
1.4558107429288334e8, 2.1231817572556382e8
4.782039062136285e8, 5.962003577172848e8
1.695572204728117e8, 2.459479734569068e8
3.3001654838270575e8, 5.0886285022557616e8
1.2938831668278705e8, 1.8090932710007834e8
1.1456688427929041e8, 1.6128199820991042e8
1.6761715060509786e8, 2.5231625829582387e8
1.1650279746383318e8, 2.1645870451794308e8
1.7698163131079882e8, 2.5421814035712457e8
1.2994895772811687e8, 2.7788766191872364e8
1.847375203518741e8, 2.3475822099160817e8
1.0925158898250665e8, 1.8008186927475607e8
1.4222576308355004e8, 2.1924965872811198e8
1.506988541148774e8, 2.026686826489604e8
1.6769693053333384e8, 3.146118303149201e8
1.5130802169464463e8, 2.659945057371294e8
1.2371176750956002e8, 3.111862957381144e8
2.852783843179537e8, 3.881088901976748e8
3.987915868507481e8, 4.7786081786562324e8
1.414820054911291e8, 2.0920676891339234e8
1.0764592270086263e8, 1.654868870509683e8
9.410659464340827e7, 2.1808507161490548e8
2.9015179168180054e8, 3.731799727789731e8
1.810854717784497e8, 2.9788696421047765e8
2.0995667176064876e8, 3.103835068424991e8
2.007275785539984e8, 3.955142105472208e8
3.292791696375179e8, 3.836989734935181e8
1.80999745128986e8, 2.335346992126916e8
1.8782554894485968e8, 2.818158998184863e8
3.624983377730354e8, 4.1748694977385503e8
1.6284053663076174e8, 2.2032774672435483e8
1.526201555747503e8, 2.0613354455582714e8
1.6046298437395856e8, 2.516326880492634e8
1.559160345322334e8, 3.042836114619227e8
2.1639143449143866e8, 2.6178324913176546e8
1.7553110849436465e8, 2.2141719007041958e8
1.2631639957349169e8, 2.5375179061084476e8
1.1206889815367961e8, 2.6398853084015846e8
1.2077596831706966e8, 2.37831030045556e8
2.7038621855268276e8, 3.559477170889585e8
1.2592969901506835e8, 2.801896984421767e8
1.4783495252047566e8, 4.5797857229010415e8
2.1476107991515723e8, 2.9350712882152975e8
2.0761205312954658e8, 3.922127736851944e8
1.6170090617390576e8, 2.311264429790582e8
1.3068314451880687e8, 2.650647591656947e8
1.3300178190946263e8, 2.068677219628311e8
1.367686362214008e8, 3.9412071739541626e8
1.337850240660957e8, 2.1379536375780916e8
3.07153019166791e8, 4.572028753753173e8
1.6143346711420113e8, 2.6414814717951876e8
1.0548932782424645e8, 2.935123031681071e8
1.4192348703819597e8, 1.914425705090477e8
1.1423458250337696e8, 3.701677205190643e8
2.0515577322037166e8, 3.1445441477168137e8
2.0738019122723612e8, 3.85906498247674e8
1.0979792509741469e8, 1.4175168117404497e8
1.9477725365833318e8, 3.014380819066373e8
1.4939153927555627e8, 1.996995017582131e8
1.3707244685258946e8, 2.2698048727676782e8
3.9916368058483297e8, 5.3117747768992835e8
1.2954244131993091e8, 2.043977795345567e8
1.2069881276253392e8, 2.1352240798752448e8
1.4872974425899678e8, 2.0592650029046568e8
2.4418731734966564e8, 6.057287434208686e8
1.745633199282549e8, 2.313728187994652e8
1.232229517311343e8, 3.621315256460325e8
1.4465622042451876e8, 2.164162593498815e8
2.1212710038416952e8, 5.9340871520195e8
2.270075402331584e8, 3.2846834209171677e8
1.8124824392075422e8, 3.028929891735063e8
3.0922666667645645e8, 4.071618354006002e8
1.774928879229925e8, 2.2081187062801385e8
1.24609194122195e8, 1.7592363453114668e8
1.041122635788971e8, 2.125900464919184e8
1.2919163061979683e8, 2.3365078976766157e8
1.433976909384522e8, 2.0150646519980034e8
3.5954235216947514e8, 5.802772951250237e8
1.776966212076806e8, 2.427106727876303e8
1.5847775713933447e8, 2.4210638011706415e8
2.2614032064197522e8, 3.0115953262072086e8
9.546061772684376e7, 2.009950563366334e8
1.556085409001168e8, 2.199812963164566e8
2.4082999989221153e8, 3.0135260563938767e8
1.7383033389195108e8, 2.2668151045967337e8
2.4118302285658604e8, 2.7959683302814955e8
1.4851074766238284e8, 1.9827406586783785e8
2.854986965777291e8, 3.484113665988652e8
1.4701924518004265e8, 3.7673569853705823e8
3.9297027856576407e8, 4.994634799359318e8
5.3089975635757965e8, 8.800631074154907e8
1.0225039322498792e8, 1.6474314989936686e8
1.6024672888104275e8, 3.014732720701586e8
3.3928600021290493e8, 4.099394206520376e8
1.43978842439768e8, 2.353326739671082e8
1.5741196646027163e8, 2.195896900647462e8
2.3169414322033778e8, 2.8618498498551863e8
1.2769679019427261e8, 2.3397002418799943e8
1.9143613137792844e8, 2.5843893555027872e8
1.7477974757902434e8, 2.6173157021343184e8
1.8771692251024094e8, 2.5183433457178485e8
2.0341952884039807e8, 3.201055420076751e8
1.189730532549068e8, 1.911762051945979e8
1.725242112517467e8, 7.632737660914807e8
1.7191486478283843e8, 2.6706440280746594e8
1.3011961085516885e8, 4.7722170774823713e8
1.3326713486710557e8, 2.3858925103116432e8
1.7890025079765e8, 2.2761764668345585e8
1.2532597366158241e8, 2.098893659955862e8
1.5216239831469825e8, 4.308965444784105e8
1.7534285044023275e8, 2.3025879516004243e8
1.1710397253177044e8, 1.8545838413867295e8
1.9986754095406517e8, 2.766082085032989e8
1.6166256220400402e8, 1.9594004411849397e8
1.7311819032034397e8, 2.6506195985716373e8
2.3656348837738904e8, 3.6165636128374106e8
1.2053175855430828e8, 1.911798926993115e8
1.4743402301246965e8, 2.2836889507757583e8
2.294875397997957e8, 3.008934166120452e8
1.398480359253966e8, 2.5091713117456612e8
