(1,17490.65)
(2,22938.14)
(3,27630.96)
(4,29496.25)
(5,28330.74)
(6,24298.78)
(7,19821.36)
(8,16162.66)
(9,12369.59)
(10,8745.65)
(11,7299.5)
(12,8985.42)
(13,14428.37)
(14,20371.67)
(15,25318.29)
(16,28260.9)
(17,26512.26)
(18,23524.35)
(19,20004.27)
(20,15988.48)
(21,12451.23)
(22,9645.48)
(23,8442.22)
(24,9552.6)
(25,15520.78)
(26,21677.22)
(27,27523.65)
(28,30537.19)
(29,29382.55)
(30,26192.59)
(31,22386.28)
(32,18837.64)
(33,14813.39)
(34,11446.34)
(35,9428.22)
(36,11245.06)
(37,16803.68)
(38,23309.93)
(39,29195.91)
(40,32342.48)
(41,31752.18)
(42,29255.1)
(43,25295.11)
(44,21112.89)
(45,16249.16)
(46,11084.24)
(47,8450.53)
(48,9941.11)
(49,15225.41)
(50,21153.89)
(51,27122.29)
(52,30487.08)
(53,29902.84)
(54,27261.03)
(55,24090.49)
(56,19821.37)
(57,15163.71)
(58,11057.99)
(59,8826.65)
(60,10150.1)
(61,15452.66)
(62,21799.39)
(63,28269.0)
(64,31389.49)
(65,30524.63)
(66,27724.27)
(67,24067.33)
(68,20218.99)
(69,15999.3)
(70,11901.7)
(71,9581.0)
(72,11318.65)
(73,16515.87)
(74,21829.46)
(75,26484.03)
(76,29802.58)
(77,28720.7)
(78,25552.95)
(79,21634.97)
(80,18362.95)
(81,14254.72)
(82,10410.34)
(83,8430.82)
(84,9914.46)
(85,15331.98)
(86,20429.77)
(87,26760.04)
(88,30137.58)
(89,28041.23)
(90,25455.07)
(91,21914.38)
(92,17924.48)
(93,13439.0)
(94,9715.46)
(95,7595.04)
(96,9189.05)
(97,14394.01)
(98,20178.13)
(99,25852.42)
(100,28415.54)
(101,27527.54)
(102,25062.17)
(103,21476.58)
(104,17175.8)
(105,12933.72)
(106,9201.17)
(107,7434.11)
(108,9208.93)
(109,14868.66)
(110,21112.04)
(111,26769.24)
(112,30542.27)
(113,29936.31)
(114,26984.71)
(115,23085.3)
(116,18699.7)
(117,14011.44)
(118,9342.19)
(119,5820.53)
(120,5141.57)
###################
(1,11688.46)
(2,10199.86)
(3,9738.28)
(4,7942.13)
(5,4319.73)
(6,515.68)
(7,0.0)
(8,0.0)
(9,0.0)
(10,0.0)
(11,0.0)
(12,0.0)
(13,0.0)
(14,0.0)
(15,0.0)
(16,2658.39)
(17,1012.72)
(18,1198.75)
(19,341.22)
(20,0.0)
(21,0.0)
(22,0.0)
(23,0.0)
(24,0.0)
(25,394.0)
(26,5145.02)
(27,4500.56)
(28,5405.93)
(29,3285.68)
(30,1787.3)
(31,1993.59)
(32,0.0)
(33,0.0)
(34,0.0)
(35,0.0)
(36,0.0)
(37,880.66)
(38,5101.85)
(39,7775.54)
(40,9608.0)
(41,6834.13)
(42,8251.04)
(43,4031.89)
(44,1459.25)
(45,0.0)
(46,0.0)
(47,0.0)
(48,0.0)
(49,340.82)
(50,1024.42)
(51,1554.95)
(52,4828.49)
(53,6202.28)
(54,3766.4)
(55,2912.08)
(56,1187.6)
(57,0.0)
(58,0.0)
(59,0.0)
(60,0.0)
(61,526.53)
(62,2772.14)
(63,4390.13)
(64,5921.3)
(65,5408.21)
(66,5485.66)
(67,2860.22)
(68,293.46)
(69,0.0)
(70,0.0)
(71,0.0)
(72,0.0)
(73,522.74)
(74,4842.83)
(75,4307.06)
(76,4736.58)
(77,4838.37)
(78,4616.27)
(79,1655.06)
(80,689.81)
(81,0.0)
(82,0.0)
(83,0.0)
(84,0.0)
(85,400.1)
(86,2447.51)
(87,5837.47)
(88,6773.44)
(89,5351.04)
(90,4401.74)
(91,3112.49)
(92,712.38)
(93,0.0)
(94,0.0)
(95,0.0)
(96,0.0)
(97,511.35)
(98,1381.66)
(99,3653.54)
(100,3720.71)
(101,4430.72)
(102,3145.58)
(103,2101.91)
(104,648.65)
(105,0.0)
(106,0.0)
(107,0.0)
(108,0.0)
(109,471.68)
(110,5064.51)
(111,8169.04)
(112,11588.77)
(113,10373.11)
(114,10325.72)
(115,6323.94)
(116,3194.1)
(117,1107.93)
(118,0.0)
(119,0.0)
(120,0.0)
###################
(1,23038.57)
(2,38134.43)
(3,50918.57)
(4,51806.1)
(5,51806.1)
(6,50109.8)
(7,46789.46)
(8,42189.54)
(9,36842.58)
(10,32812.45)
(11,31008.97)
(12,36114.32)
(13,44181.12)
(14,51200.18)
(15,51806.1)
(16,51806.1)
(17,51806.1)
(18,50527.98)
(19,47141.86)
(20,43462.83)
(21,41292.67)
(22,36931.52)
(23,36016.13)
(24,35240.91)
(25,43028.95)
(26,49960.8)
(27,51806.1)
(28,51806.1)
(29,51806.1)
(30,50521.15)
(31,47766.19)
(32,43620.89)
(33,39110.84)
(34,34910.49)
(35,35505.42)
(36,36683.49)
(37,48467.24)
(38,51806.1)
(39,51806.1)
(40,51806.1)
(41,51806.1)
(42,50521.15)
(43,46943.07)
(44,42291.04)
(45,37033.04)
(46,31699.05)
(47,29643.82)
(48,33913.06)
(49,43890.42)
(50,50220.86)
(51,51806.1)
(52,51806.1)
(53,51806.1)
(54,50109.8)
(55,47141.86)
(56,42753.48)
(57,38029.29)
(58,33429.67)
(59,30961.73)
(60,35850.91)
(61,44270.93)
(62,50365.47)
(63,51806.1)
(64,51806.1)
(65,51806.1)
(66,50521.15)
(67,47141.86)
(68,43801.84)
(69,40541.27)
(70,36343.56)
(71,34707.59)
(72,37932.46)
(73,47485.79)
(74,51806.1)
(75,51806.1)
(76,51806.1)
(77,51806.1)
(78,50109.8)
(79,46789.46)
(80,42189.54)
(81,36842.58)
(82,32016.31)
(83,32572.45)
(84,35852.51)
(85,45739.93)
(86,49981.22)
(87,51806.1)
(88,51806.1)
(89,51806.1)
(90,49608.7)
(91,46117.82)
(92,41701.01)
(93,36622.23)
(94,31282.41)
(95,29883.96)
(96,32741.75)
(97,41305.06)
(98,46567.48)
(99,51806.1)
(100,51806.1)
(101,51806.1)
(102,50109.8)
(103,46789.46)
(104,42189.54)
(105,36842.58)
(106,32016.31)
(107,30502.84)
(108,35470.39)
(109,43890.42)
(110,51720.0)
(111,51806.1)
(112,51806.1)
(113,51806.1)
(114,49953.55)
(115,46697.27)
(116,42189.54)
(117,36842.58)
(118,32072.08)
(119,29249.41)
(120,29245.03)
###################
