(1,86070.29)
(2,105348.2)
(3,123724.16)
(4,130269.75)
(5,126202.76)
(6,117967.89)
(7,105684.5)
(8,88883.15)
(9,73484.86)
(10,60304.85)
(11,53117.35)
(12,59207.4)
(13,78947.94)
(14,102339.45)
(15,122989.3)
(16,129629.34)
(17,126699.06)
(18,118701.44)
(19,106931.81)
(20,90819.78)
(21,75523.2)
(22,62073.09)
(23,53124.87)
(24,58105.14)
(25,78309.59)
(26,99942.51)
(27,118187.01)
(28,123442.32)
(29,119439.61)
(30,111094.42)
(31,98137.49)
(32,81267.33)
(33,65140.28)
(34,51681.87)
(35,44279.8)
(36,50392.52)
(37,73026.19)
(38,98009.12)
(39,117423.4)
(40,123543.6)
(41,118676.84)
(42,109472.17)
(43,96268.76)
(44,79252.41)
(45,64853.32)
(46,52799.97)
(47,45351.51)
(48,51601.0)
(49,71067.08)
(50,92015.77)
(51,109703.71)
(52,115094.84)
(53,111768.96)
(54,103656.66)
(55,91550.92)
(56,76537.86)
(57,62034.97)
(58,49777.78)
(59,42661.9)
(60,48303.12)
(61,70128.98)
(62,93059.57)
(63,111278.68)
(64,117261.51)
(65,114322.14)
(66,106510.02)
(67,94237.2)
(68,78327.58)
(69,63615.39)
(70,52794.37)
(71,46940.72)
(72,55729.35)
(73,78040.31)
(74,101232.33)
(75,119734.21)
(76,125541.17)
(77,122124.55)
(78,114197.19)
(79,102186.31)
(80,85989.56)
(81,70583.3)
(82,57603.38)
(83,50145.45)
(84,57747.82)
(85,78327.93)
(86,99183.41)
(87,117349.1)
(88,125132.11)
(89,122792.98)
(90,115092.33)
(91,102584.71)
(92,86844.91)
(93,71618.47)
(94,59187.99)
(95,51807.67)
(96,57184.71)
(97,75788.63)
(98,96636.87)
(99,114199.16)
(100,119097.39)
(101,115201.63)
(102,105795.41)
(103,92721.07)
(104,75680.3)
(105,59389.85)
(106,47070.07)
(107,39997.93)
(108,46210.63)
(109,66308.71)
(110,86338.1)
(111,104384.15)
(112,108164.91)
(113,101792.47)
(114,90584.93)
(115,74621.57)
(116,54933.94)
(117,35971.38)
(118,20433.52)
(119,7810.13)
(120,8722.53)
###################
(1,86070.29)
(2,88394.63)
(3,93092.81)
(4,91002.82)
(5,80952.19)
(6,67802.47)
(7,51365.73)
(8,32888.07)
(9,16029.14)
(10,2219.97)
(11,0.0)
(12,0.0)
(13,11587.44)
(14,26258.7)
(15,40155.38)
(16,43340.62)
(17,40062.63)
(18,33642.59)
(19,25838.56)
(20,15268.39)
(21,4038.13)
(22,0.0)
(23,0.0)
(24,0.0)
(25,11340.79)
(26,25120.31)
(27,37488.97)
(28,41170.06)
(29,36920.83)
(30,32953.96)
(31,24517.52)
(32,12468.19)
(33,746.82)
(34,0.0)
(35,0.0)
(36,0.0)
(37,11019.76)
(38,23979.73)
(39,35505.56)
(40,38497.49)
(41,33291.44)
(42,27790.95)
(43,18971.59)
(44,8514.47)
(45,0.0)
(46,0.0)
(47,0.0)
(48,0.0)
(49,8213.63)
(50,20102.04)
(51,29579.28)
(52,30532.13)
(53,27518.28)
(54,21212.23)
(55,12887.23)
(56,4386.47)
(57,0.0)
(58,0.0)
(59,0.0)
(60,0.0)
(61,10037.06)
(62,22087.61)
(63,29970.56)
(64,33674.23)
(65,30367.26)
(66,25132.48)
(67,18111.55)
(68,7756.19)
(69,0.0)
(70,0.0)
(71,0.0)
(72,0.0)
(73,13334.17)
(74,27707.98)
(75,38982.62)
(76,41187.49)
(77,37267.74)
(78,28903.09)
(79,19301.4)
(80,8775.48)
(81,0.0)
(82,0.0)
(83,0.0)
(84,15.35)
(85,13008.61)
(86,24254.47)
(87,36295.89)
(88,43171.26)
(89,40999.05)
(90,33113.75)
(91,23720.14)
(92,12159.96)
(93,1949.65)
(94,0.0)
(95,0.0)
(96,0.0)
(97,8808.41)
(98,20286.1)
(99,33656.69)
(100,35111.38)
(101,32928.71)
(102,26599.58)
(103,19762.61)
(104,8511.58)
(105,0.0)
(106,0.0)
(107,0.0)
(108,0.0)
(109,12562.87)
(110,24384.63)
(111,37925.11)
(112,40916.28)
(113,38167.57)
(114,31306.78)
(115,21329.73)
(116,8737.23)
(117,0.0)
(118,0.0)
(119,0.0)
(120,0.0)
###################
(1,86070.29)
(2,130567.73)
(3,166840.7)
(4,182418.39)
(5,186663.63)
(6,182665.56)
(7,172605.89)
(8,155799.26)
(9,140071.87)
(10,128302.8)
(11,121306.63)
(12,128733.69)
(13,151189.76)
(14,180518.4)
(15,200717.6)
(16,200717.6)
(17,200717.6)
(18,197529.42)
(19,187275.85)
(20,171143.1)
(21,155033.78)
(22,140725.65)
(23,130708.01)
(24,134603.41)
(25,156442.57)
(26,186723.22)
(27,200717.6)
(28,200717.6)
(29,200368.86)
(30,194607.02)
(31,181856.79)
(32,162478.27)
(33,144874.69)
(34,127819.49)
(35,117967.52)
(36,122337.63)
(37,147461.72)
(38,174936.06)
(39,200717.6)
(40,200717.6)
(41,200717.6)
(42,194335.73)
(43,182121.76)
(44,161809.2)
(45,146300.15)
(46,132700.97)
(47,120435.28)
(48,126321.38)
(49,148494.51)
(50,172960.3)
(51,197514.31)
(52,200717.6)
(53,200717.6)
(54,194303.58)
(55,181517.01)
(56,165476.34)
(57,147917.92)
(58,132140.4)
(59,122495.48)
(60,125857.52)
(61,149912.86)
(62,178087.64)
(63,198651.84)
(64,200717.6)
(65,200717.6)
(66,197340.97)
(67,186669.95)
(68,171719.91)
(69,157919.59)
(70,144506.63)
(71,131646.45)
(72,139934.23)
(73,161283.66)
(74,185806.64)
(75,200717.6)
(76,200717.6)
(77,200717.6)
(78,198036.42)
(79,187519.83)
(80,170110.84)
(81,153443.09)
(82,137783.93)
(83,127412.41)
(84,133605.22)
(85,157318.23)
(86,183205.15)
(87,200717.6)
(88,200717.6)
(89,200717.6)
(90,196962.63)
(91,185720.34)
(92,169599.77)
(93,155289.37)
(94,140157.96)
(95,132237.06)
(96,134383.82)
(97,154030.93)
(98,181320.99)
(99,200717.6)
(100,200717.6)
(101,199462.62)
(102,189849.4)
(103,174812.01)
(104,154673.08)
(105,134553.92)
(106,118780.95)
(107,107745.05)
(108,111885.34)
(109,134514.29)
(110,160836.57)
(111,187424.7)
(112,195905.23)
(113,182505.29)
(114,167175.23)
(115,146200.73)
(116,123600.78)
(117,99992.37)
(118,77158.53)
(119,40597.09)
(120,44352.39)
###################
