(1,3156.01)
(2,4106.4)
(3,6916.18)
(4,9983.63)
(5,11231.23)
(6,11122.88)
(7,10076.89)
(8,7875.6)
(9,4686.26)
(10,1687.34)
(11,374.04)
(12,346.99)
(13,1970.87)
(14,4763.53)
(15,7125.94)
(16,10631.51)
(17,11622.0)
(18,11332.78)
(19,10035.0)
(20,7705.81)
(21,4699.04)
(22,1869.35)
(23,278.53)
(24,357.87)
(25,1824.97)
(26,3566.49)
(27,6149.88)
(28,10341.59)
(29,11530.67)
(30,11306.69)
(31,10166.14)
(32,7616.06)
(33,4600.81)
(34,2084.99)
(35,357.68)
(36,339.47)
(37,1874.57)
(38,4606.98)
(39,7607.13)
(40,10695.44)
(41,11932.31)
(42,11822.57)
(43,10920.53)
(44,8932.46)
(45,5642.12)
(46,2778.66)
(47,702.91)
(48,511.54)
(49,2376.05)
(50,5163.58)
(51,7106.53)
(52,11000.56)
(53,11905.9)
(54,11494.63)
(55,10156.85)
(56,7933.99)
(57,5211.87)
(58,2543.93)
(59,580.88)
(60,471.67)
(61,2485.46)
(62,5381.56)
(63,7273.47)
(64,11160.5)
(65,12112.16)
(66,11882.26)
(67,10667.75)
(68,8475.69)
(69,5755.69)
(70,2869.59)
(71,615.15)
(72,434.18)
(73,1835.97)
(74,4008.45)
(75,6639.6)
(76,10510.44)
(77,11723.29)
(78,11670.48)
(79,10688.68)
(80,8559.88)
(81,5540.74)
(82,2406.54)
(83,551.5)
(84,363.52)
(85,2308.69)
(86,4529.58)
(87,7100.58)
(88,11127.03)
(89,12116.55)
(90,11864.52)
(91,10645.75)
(92,8030.82)
(93,4941.23)
(94,2384.24)
(95,654.15)
(96,468.34)
(97,2627.63)
(98,5058.38)
(99,7264.81)
(100,11204.63)
(101,12183.52)
(102,12037.57)
(103,11014.88)
(104,9076.4)
(105,6176.56)
(106,3072.68)
(107,845.24)
(108,555.8)
(109,2268.62)
(110,4859.93)
(111,7621.59)
(112,11151.1)
(113,12078.24)
(114,11881.44)
(115,10807.19)
(116,8707.76)
(117,5970.02)
(118,3042.53)
(119,829.03)
(120,433.74)
###################
(1,3156.01)
(2,674.44)
(3,494.93)
(4,3671.47)
(5,5419.52)
(6,5245.87)
(7,4443.44)
(8,3087.73)
(9,1191.01)
(10,0.0)
(11,0.0)
(12,0.0)
(13,0.0)
(14,0.0)
(15,0.0)
(16,5086.55)
(17,6907.1)
(18,6643.34)
(19,5430.56)
(20,3397.47)
(21,1244.62)
(22,0.0)
(23,0.0)
(24,0.0)
(25,0.0)
(26,0.0)
(27,0.0)
(28,4423.39)
(29,5856.88)
(30,5537.0)
(31,4125.86)
(32,2798.84)
(33,808.18)
(34,0.0)
(35,0.0)
(36,0.0)
(37,0.0)
(38,0.0)
(39,363.31)
(40,4745.14)
(41,7253.56)
(42,6929.26)
(43,5670.16)
(44,3471.7)
(45,963.35)
(46,0.0)
(47,0.0)
(48,0.0)
(49,0.0)
(50,0.0)
(51,0.0)
(52,5361.3)
(53,6936.85)
(54,6068.32)
(55,4536.81)
(56,2007.26)
(57,0.0)
(58,0.0)
(59,0.0)
(60,0.0)
(61,0.0)
(62,0.0)
(63,0.0)
(64,5885.57)
(65,8274.14)
(66,7616.68)
(67,5351.8)
(68,2896.83)
(69,374.86)
(70,0.0)
(71,0.0)
(72,0.0)
(73,0.0)
(74,0.0)
(75,0.0)
(76,4286.8)
(77,6180.49)
(78,5935.88)
(79,4673.02)
(80,2945.33)
(81,568.51)
(82,0.0)
(83,0.0)
(84,0.0)
(85,0.0)
(86,0.0)
(87,254.75)
(88,6526.67)
(89,8754.74)
(90,8021.49)
(91,5621.1)
(92,2980.42)
(93,407.56)
(94,0.0)
(95,0.0)
(96,0.0)
(97,0.0)
(98,0.0)
(99,0.0)
(100,6178.52)
(101,8727.52)
(102,8050.49)
(103,6001.07)
(104,3670.08)
(105,1089.4)
(106,0.0)
(107,0.0)
(108,0.0)
(109,0.0)
(110,0.0)
(111,392.69)
(112,5803.58)
(113,8019.72)
(114,7743.02)
(115,6139.98)
(116,3842.29)
(117,1643.79)
(118,0.0)
(119,0.0)
(120,0.0)
###################
(1,3156.01)
(2,8722.12)
(3,12744.9)
(4,12744.9)
(5,12744.9)
(6,12744.9)
(7,12698.8)
(8,11344.33)
(9,8701.87)
(10,5243.4)
(11,2044.1)
(12,2599.84)
(13,8417.48)
(14,12744.9)
(15,12744.9)
(16,12744.9)
(17,12744.9)
(18,12744.9)
(19,12744.9)
(20,11444.66)
(21,8778.53)
(22,5078.71)
(23,1677.77)
(24,2637.55)
(25,8895.46)
(26,12744.9)
(27,12744.9)
(28,12744.9)
(29,12744.9)
(30,12744.9)
(31,12744.9)
(32,11532.58)
(33,9261.09)
(34,6097.4)
(35,2313.37)
(36,2364.71)
(37,8498.82)
(38,12744.9)
(39,12744.9)
(40,12744.9)
(41,12744.9)
(42,12744.9)
(43,12744.9)
(44,11849.38)
(45,9690.58)
(46,6561.4)
(47,3174.86)
(48,3474.24)
(49,10810.67)
(50,12744.9)
(51,12744.9)
(52,12744.9)
(53,12744.9)
(54,12744.9)
(55,12744.9)
(56,11597.83)
(57,9241.45)
(58,6372.38)
(59,2824.61)
(60,3147.88)
(61,10190.38)
(62,12744.9)
(63,12744.9)
(64,12744.9)
(65,12744.9)
(66,12744.9)
(67,12744.9)
(68,11937.94)
(69,9937.8)
(70,6509.29)
(71,2650.67)
(72,2950.95)
(73,8897.19)
(74,12744.9)
(75,12744.9)
(76,12744.9)
(77,12744.9)
(78,12744.9)
(79,12744.9)
(80,11834.08)
(81,9754.75)
(82,6473.91)
(83,2952.39)
(84,2637.96)
(85,9378.25)
(86,12744.9)
(87,12744.9)
(88,12744.9)
(89,12744.9)
(90,12744.9)
(91,12744.9)
(92,11655.72)
(93,8987.26)
(94,5895.94)
(95,2895.41)
(96,3241.51)
(97,11123.54)
(98,12744.9)
(99,12744.9)
(100,12744.9)
(101,12744.9)
(102,12744.9)
(103,12744.9)
(104,11878.97)
(105,9752.88)
(106,6364.94)
(107,3269.0)
(108,3725.79)
(109,10590.03)
(110,12744.9)
(111,12744.9)
(112,12744.9)
(113,12744.9)
(114,12744.9)
(115,12744.9)
(116,11652.29)
(117,9232.87)
(118,5893.66)
(119,2416.85)
(120,3143.34)
###################
