(1,0.0)
(2,1734.98)
(3,1303.38)
(4,1349.33)
(5,2376.08)
(6,3179.95)
(7,3775.68)
(8,4211.34)
(9,5013.6)
(10,7330.86)
(11,6981.34)
(12,5919.14)
(13,5796.44)
(14,5305.91)
(15,3933.88)
(16,2615.75)
(17,2771.84)
(18,2784.41)
(19,2973.15)
(20,3484.82)
(21,4259.9)
(22,6798.63)
(23,7725.84)
(24,7311.09)
(25,6424.96)
(26,5446.42)
(27,3527.02)
(28,2147.8)
(29,2272.74)
(30,2575.96)
(31,3009.48)
(32,3500.15)
(33,4220.46)
(34,5798.91)
(35,5858.33)
(36,4780.0)
(37,3921.85)
(38,3802.62)
(39,3100.88)
(40,2035.42)
(41,1845.5)
(42,1965.88)
(43,2366.11)
(44,2918.14)
(45,3725.44)
(46,5826.97)
(47,6757.57)
(48,5895.23)
(49,5810.11)
(50,5596.7)
(51,3601.03)
(52,2209.96)
(53,2505.59)
(54,2820.93)
(55,3127.28)
(56,3592.92)
(57,4057.13)
(58,5945.58)
(59,6407.96)
(60,6326.57)
(61,4828.39)
(62,4173.91)
(63,2944.48)
(64,1837.74)
(65,2399.83)
(66,2945.03)
(67,3332.47)
(68,3899.29)
(69,4121.99)
(70,5706.65)
(71,6447.36)
(72,5502.78)
(73,5036.76)
(74,4463.85)
(75,3136.99)
(76,2050.88)
(77,2248.14)
(78,3127.1)
(79,3427.25)
(80,3608.09)
(81,4095.91)
(82,6425.24)
(83,7357.18)
(84,7080.85)
(85,7364.65)
(86,7301.62)
(87,5659.98)
(88,3081.53)
(89,2656.26)
(90,3245.41)
(91,3660.56)
(92,3943.7)
(93,4440.13)
(94,5291.87)
(95,5132.1)
(96,4874.73)
(97,4544.37)
(98,4201.48)
(99,3258.08)
(100,2069.34)
(101,3203.5)
(102,3939.47)
(103,4322.86)
(104,4465.94)
(105,5964.51)
(106,7032.27)
(107,6944.44)
(108,6499.24)
(109,5855.63)
(110,6549.03)
(111,4700.44)
(112,3136.12)
(113,3042.0)
(114,3429.66)
(115,3465.95)
(116,3583.89)
(117,4087.55)
(118,5122.02)
(119,3477.68)
(120,1968.88)
###################
(1,0.0)
(2,0.0)
(3,0.0)
(4,0.0)
(5,0.0)
(6,0.0)
(7,0.0)
(8,0.0)
(9,0.0)
(10,0.0)
(11,0.0)
(12,0.0)
(13,0.0)
(14,0.0)
(15,0.0)
(16,0.0)
(17,0.0)
(18,0.0)
(19,0.0)
(20,0.0)
(21,0.0)
(22,0.0)
(23,0.0)
(24,0.0)
(25,0.0)
(26,0.0)
(27,0.0)
(28,0.0)
(29,0.0)
(30,0.0)
(31,0.0)
(32,0.0)
(33,0.0)
(34,0.0)
(35,0.0)
(36,0.0)
(37,0.0)
(38,0.0)
(39,0.0)
(40,0.0)
(41,0.0)
(42,0.0)
(43,0.0)
(44,0.0)
(45,0.0)
(46,0.0)
(47,0.0)
(48,0.0)
(49,0.0)
(50,0.0)
(51,0.0)
(52,0.0)
(53,0.0)
(54,0.0)
(55,0.0)
(56,0.0)
(57,0.0)
(58,0.0)
(59,0.0)
(60,0.0)
(61,0.0)
(62,0.0)
(63,0.0)
(64,0.0)
(65,0.0)
(66,0.0)
(67,0.0)
(68,0.0)
(69,0.0)
(70,0.0)
(71,0.0)
(72,0.0)
(73,0.0)
(74,0.0)
(75,0.0)
(76,0.0)
(77,0.0)
(78,0.0)
(79,0.0)
(80,0.0)
(81,0.0)
(82,0.0)
(83,0.0)
(84,0.0)
(85,0.0)
(86,0.0)
(87,0.0)
(88,0.0)
(89,0.0)
(90,0.0)
(91,0.0)
(92,0.0)
(93,0.0)
(94,0.0)
(95,0.0)
(96,0.0)
(97,0.0)
(98,0.0)
(99,0.0)
(100,0.0)
(101,0.0)
(102,0.0)
(103,0.0)
(104,0.0)
(105,0.0)
(106,0.0)
(107,0.0)
(108,0.0)
(109,0.0)
(110,0.0)
(111,0.0)
(112,0.0)
(113,0.0)
(114,0.0)
(115,0.0)
(116,0.0)
(117,0.0)
(118,0.0)
(119,0.0)
(120,0.0)
###################
(1,0.0)
(2,8166.72)
(3,10103.93)
(4,10993.48)
(5,18690.79)
(6,19617.2)
(7,19617.2)
(8,19617.2)
(9,19617.2)
(10,19617.2)
(11,19617.2)
(12,19617.2)
(13,19617.2)
(14,19617.2)
(15,18770.46)
(16,16017.93)
(17,17551.25)
(18,19483.63)
(19,19617.2)
(20,19617.2)
(21,19617.2)
(22,19617.2)
(23,19617.2)
(24,19617.2)
(25,19617.2)
(26,19617.2)
(27,16099.1)
(28,13545.97)
(29,16349.87)
(30,17897.89)
(31,19617.2)
(32,19617.2)
(33,19617.2)
(34,19617.2)
(35,19617.2)
(36,18974.96)
(37,17014.4)
(38,18685.66)
(39,17468.88)
(40,14119.65)
(41,14654.36)
(42,15339.9)
(43,19617.2)
(44,19121.11)
(45,19617.2)
(46,19617.2)
(47,19617.2)
(48,19617.2)
(49,19617.2)
(50,19617.2)
(51,17312.86)
(52,14242.61)
(53,18753.6)
(54,19617.2)
(55,19617.2)
(56,19617.2)
(57,19617.2)
(58,19617.2)
(59,19617.2)
(60,19617.2)
(61,19617.2)
(62,18884.36)
(63,16127.98)
(64,12782.85)
(65,17102.06)
(66,19617.2)
(67,19617.2)
(68,19617.2)
(69,19617.2)
(70,19617.2)
(71,19617.2)
(72,19617.2)
(73,19397.18)
(74,18858.26)
(75,16597.31)
(76,14527.47)
(77,16236.77)
(78,19617.2)
(79,19617.2)
(80,19617.2)
(81,19617.2)
(82,19617.2)
(83,19617.2)
(84,19617.2)
(85,19617.2)
(86,19617.2)
(87,18816.73)
(88,15577.82)
(89,16736.9)
(90,19617.2)
(91,19617.2)
(92,19617.2)
(93,19617.2)
(94,19617.2)
(95,19617.2)
(96,18951.96)
(97,18326.28)
(98,17851.09)
(99,16832.0)
(100,13674.96)
(101,19617.2)
(102,19617.2)
(103,19617.2)
(104,19617.2)
(105,19617.2)
(106,19617.2)
(107,19617.2)
(108,19617.2)
(109,18489.46)
(110,19168.05)
(111,16218.46)
(112,14034.02)
(113,18826.99)
(114,19617.2)
(115,19617.2)
(116,19617.2)
(117,19617.2)
(118,19617.2)
(119,14997.58)
(120,12853.72)
###################
