1.584407185239959e8, 2.8437974933350104e8
2.0111495263634825e8, 2.9664072642480844e8
1.3897925698089802e8, 2.0920637516349515e8
1.4303594143695238e8, 2.931354723643042e8
2.225783310307328e8, 2.6776540484439662e8
3.1475090525897783e8, 4.332527540376742e8
1.3945362709158775e8, 2.9643264581891996e8
1.228069446464835e8, 1.7915392529465914e8
2.882052510937394e8, 6.564361705417781e8
1.250876901169018e8, 3.3726090200543857e8
9.642911594973341e8, 1.0566722333680234e9
1.56040309838315e8, 2.242044314938648e8
1.4887124046866515e8, 2.409091432859421e8
4.9964722191365564e8, 6.824928131090422e8
2.0863207014380366e8, 3.893172961497448e8
1.783199410401961e8, 2.6233181102367103e8
1.493848738052807e8, 2.011815512988345e8
2.6622715730244696e8, 5.520876307251852e8
1.4313486322885597e8, 2.1214826389960718e8
1.5121205010950243e8, 3.870722480913103e8
2.3715238125933203e8, 4.049834166543503e8
3.838673855817448e8, 4.52100896927873e8
1.3545355530459273e8, 3.2085328524841076e8
1.62870811143695e8, 3.2280369745292103e8
1.9084521887704337e8, 2.637296992084528e8
1.441241906575618e8, 2.060963989639915e8
6.270873862931558e8, 6.979959868678471e8
2.131124129687978e8, 3.2068286331269443e8
1.9918575950598037e8, 5.2129597203020895e8
2.0991695488314465e8, 3.090964100723758e8
1.4389580682704902e8, 2.762281578143188e8
1.5365102233124083e8, 3.066544680136737e8
1.799630584729264e8, 5.544849734916043e8
1.745254020556951e8, 2.8674846146809644e8
1.9339984627708262e8, 2.9031718381336826e8
2.214699164719788e8, 3.919151261337752e8
3.328164760651508e8, 4.9639220458310497e8
2.692928822297921e8, 3.49846603388804e8
1.9990902220894846e8, 3.9829159197021794e8
1.3825578719860986e8, 2.229055893941648e8
1.9190878136868647e8, 3.614576730204592e8
1.2988971005444628e8, 1.974468421665729e8
2.608605068135383e8, 3.359839543662832e8
1.710148546844492e8, 2.4059781319790012e8
2.2834214983528423e8, 3.068882635827765e8
1.1658104240490228e8, 2.2103831935363173e8
4.9253663436930203e8, 7.44992398897039e8
1.4626113377075088e8, 2.2650985457036608e8
1.8557442086388868e8, 3.501591264903132e8
1.8056153531553522e8, 2.7273535648628664e8
1.5881436786896074e8, 2.114692614941836e8
1.4942136084474736e8, 2.2091244734546727e8
2.0680519747119343e8, 2.9134177061128044e8
3.320812827678803e8, 5.798848782193737e8
1.0544366033641657e9, 1.2000152039662974e9
1.2215029712719347e8, 1.6799755816420692e8
1.7919958232534015e8, 4.1018227240760285e8
1.4090669924156815e8, 1.9783756308764777e8
1.7850370642747155e8, 2.521881440518437e8
1.7588661761536264e8, 3.8520504741302437e8
1.1495975882250509e8, 1.9698383174484757e8
1.629927212397919e8, 3.329246445226852e8
1.645827263134415e8, 2.482047171970914e8
3.21187407661058e8, 3.6742944328247845e8
1.4849372051293746e8, 2.2616751049421275e8
5.3480710466907966e8, 6.020892218881376e8
1.3872317742043445e8, 2.117766805662324e8
2.34953835431404e8, 3.5512614578641164e8
1.3250096085806525e8, 2.8437053239282507e8
3.4229243917499435e8, 4.4926791143051803e8
6.517152827125484e8, 9.62363109167964e8
1.3090416649054092e8, 2.9655447117825645e8
1.0730785918461522e8, 1.4700645613460234e8
2.65463517383966e8, 3.604396920196961e8
2.715808353861074e8, 6.976197255359545e8
4.2801220424171156e8, 5.218602619812432e8
3.002135483268296e8, 3.805847583642735e8
1.9968530392451885e8, 3.3302044392171663e8
2.5635276786529392e8, 3.808653726263564e8
1.8360362736698136e8, 3.292945817114327e8
2.505873051706558e8, 5.014621832080875e8
4.236826096910311e8, 6.555894076754408e8
1.3078641109562445e8, 2.2891278602766693e8
1.52270420191721e8, 3.1127234861036503e8
1.1723132684934083e8, 3.656480406710579e8
1.5100033213405567e8, 2.9127968204863745e8
1.7285002690270358e8, 4.578146688257245e8
2.3955629521819645e8, 3.023800708122791e8
1.762325483944754e8, 3.5471908877900445e8
1.7456683576697615e8, 2.6329743752307945e8
1.3566459141509172e8, 2.0711952238717592e8
1.7183036933374557e8, 4.7796835024265677e8
1.2874856854720347e8, 3.4683786918229496e8
2.8180622413208354e8, 3.463395515538986e8
2.759043896017542e8, 3.6990839735048455e8
1.60531881700277e8, 2.812077776101687e8
2.20797435477428e8, 4.065917814021276e8
1.2937489088954309e8, 1.7565459495186496e8
3.8501329583113503e8, 6.623092958033894e8
1.2252194952043056e8, 3.3392114271845424e8
2.6239277490885437e8, 3.452371837700924e8
1.2383615633740097e8, 1.9079244999607378e8
1.6639709261662802e8, 3.0240725770602787e8
1.493484641931776e8, 2.160529516030783e8
1.810050951854676e8, 2.949434108465169e8
1.477682563584009e8, 2.185209785164455e8
1.5819691992292118e8, 4.4454568616473275e8
1.7136719470347664e8, 2.5165857919621283e8
2.2209007270230263e8, 2.8461328788741463e8
3.6810630653479975e8, 4.886269295098751e8
1.809838924037724e8, 2.8304511887902987e8
4.4396109835600126e8, 5.86550776939513e8
2.184694065007109e8, 2.8576065301646185e8
1.1795413428657773e8, 2.332378308584234e8
2.694343721972467e8, 3.619167093029233e8
2.2337445556299394e8, 3.328354515244766e8
4.958392481280947e8, 5.771746543073752e8
3.84238821429278e8, 6.386819656278229e8
1.4818576506817988e8, 2.9456649748287004e8
2.4518002928424385e8, 3.100928249283555e8
5.55547833526494e8, 7.077673366889567e8
3.677519169332177e8, 4.6443372519675124e8
6.582116227635089e8, 7.42422579243585e8
1.8452166511027992e8, 3.5687503575117075e8
1.757055905225955e8, 2.2540669285758886e8
2.468686086477117e8, 3.984742196310637e8
1.7974769256003475e8, 3.0498747798840016e8
1.402733848358474e8, 2.444275257810378e8
2.8148097240580624e8, 3.323164209878816e8
2.64730658324563e8, 3.762907346471282e8
2.175477442807465e8, 2.9392507306383604e8
1.482304333645993e8, 2.1260658367545354e8
1.348463731348935e8, 1.8754461476017845e8
1.3763873468416485e8, 1.9651417424206647e8
2.283403515468986e8, 3.735171133556428e8
2.047112549752935e8, 2.811863695319522e8
2.0309432823312995e8, 6.662662022052451e8
2.186730056879417e8, 3.196077572819094e8
7.819013768323902e8, 9.290332758920544e8
1.792454452704768e8, 2.7931087619956076e8
1.7576134946649417e8, 2.347753847940459e8
4.593140503704098e8, 5.720521525884087e8
1.3803715146477357e8, 2.9657398354998785e8
1.4837793428065816e8, 2.2480451155062538e8
1.6039669658973378e8, 4.8646095195589674e8
1.5977953483326465e8, 2.391082189934425e8
1.9024294147568607e8, 3.8367784938728034e8
1.3182790437811258e8, 3.351213943231814e8
2.0890878495851186e8, 2.5884723796997315e8
2.6839598914010227e8, 3.315832782463487e8
1.2022587515247601e8, 2.1091138079276115e8
4.8176970449567324e8, 5.402931628838397e8
3.1945628059218013e8, 4.341780893946542e8
1.756691657154675e8, 2.66311559670618e8
2.9836586402105325e8, 4.2205963011341614e8
1.6239877112915918e8, 3.571254893134802e8
2.1978666393339038e8, 2.859255458286349e8
1.860553674793665e8, 2.4561158299404618e8
5.387440452036693e8, 7.252147316519917e8
2.0619128481964934e8, 2.9159947796353483e8
5.602989832547308e8, 6.644623375147444e8
1.9342876867633793e8, 4.473226928946118e8
1.6651849809881833e8, 2.355573476250544e8
1.851670737675779e8, 3.086439944006921e8
3.674141751341025e8, 4.8385010766986114e8
2.5391798436872977e8, 7.953643966770555e8
1.3562415107592267e8, 2.460276418418631e8
2.05489291076799e8, 3.4402872835255635e8
5.1667573635604084e8, 6.354666523921441e8
1.7757219434378186e8, 2.6125153586036566e8
1.460624611617389e8, 3.6219614191986483e8
2.2710941425808534e8, 3.372894419863291e8
1.773622955035094e8, 2.25374246786227e8
1.8539187305854088e8, 3.874282533097614e8
2.322927904956152e8, 3.999467099207432e8
3.1385307940812004e8, 3.9621354898600084e8
2.0920068435144272e8, 3.20728183236935e8
1.8643745521861333e8, 7.10789744743119e8
9.455982436938239e8, 1.0245668391154815e9
5.656010007974657e8, 6.22791957786496e8
1.526406220045086e8, 2.335716647692411e8
3.547739312114718e8, 4.33905846551524e8
5.130730857774349e8, 6.414448098566587e8
1.562513046329076e8, 3.6103105956355923e8
1.8561346364050382e8, 2.5700961142086318e8
3.168326881617858e8, 4.2894636834720474e8
2.051422358535442e8, 3.589930465755676e8
3.6050711200486445e8, 5.2260031150545514e8
1.2426052938432023e8, 1.8559676018759835e8
1.9425125034449396e8, 2.64345102530744e8
1.8978368766655025e8, 2.918525075797962e8
1.603204743769475e8, 2.2239757306960857e8
1.447670529862712e8, 2.1417166688011456e8
2.4686416596367788e8, 6.298328807694646e8
1.3987048344037962e8, 2.0320787170997864e8
3.9814822410052043e8, 5.622461540660207e8
2.2354212264052886e8, 2.871821178527084e8
2.9322408471164554e8, 4.996846970686606e8
4.851326348559948e8, 5.997673963889462e8
4.686859916939224e8, 6.05148292842967e8
3.8660100740813774e8, 5.740983515227191e8
1.6595568282608414e8, 3.041475565353153e8
2.1516004504911214e8, 2.808682209873941e8
1.4544900743459547e8, 2.242350863824162e8
1.9033072593289563e8, 2.3954682071132106e8
1.2666692299209289e8, 1.9819533325671875e8
1.1743813614428627e8, 3.489733703989845e8
2.4096296206286225e8, 4.509660581948288e8
1.403058807871143e8, 3.919534350843692e8
1.5081705717319536e8, 2.4314297460810754e8
1.5068805037694603e8, 2.0007056239406863e8
1.660612816751924e8, 2.887797305525044e8
4.6657589318295354e8, 5.363906356077198e8
1.812337954269956e8, 5.611773737734895e8
2.7821101743630534e8, 3.449342946528978e8
1.5881616004683644e8, 3.5788910281024945e8
1.9140166956338495e8, 3.1227079232908267e8
6.581476568691286e8, 7.92934871136449e8
1.9955670698190615e8, 3.1390340509813637e8
1.962805375457627e8, 2.6150376890819487e8
3.8690404437177396e8, 4.9939136579210967e8
1.6179812472500053e8, 2.4296593129212058e8
1.1114702795532364e8, 2.4983551511936057e8
3.480406333072801e8, 4.268788775025747e8
1.8662484249115232e8, 2.4033044359691438e8
1.4704994456806695e8, 2.3543357675099638e8
1.511916393376327e8, 2.155674316784824e8
1.5294049318451113e8, 2.409331112026309e8
1.0916940812308544e8, 1.745217733819539e8
2.815818964786273e8, 3.8939396316199964e8
8.493708919507636e8, 9.244073852497978e8
1.430524239017589e8, 2.8866157608944213e8
4.7081080762752914e8, 9.481859118262572e8
2.550002889278674e8, 2.9878603587456805e8
1.298235558191666e8, 5.490684462720414e8
1.1855280098308578e8, 2.0300196631579402e8
2.4563174273735633e8, 3.073674963166568e8
2.2165802236162335e8, 3.7327354109026235e8
1.565080700322096e8, 2.313053471923113e8
3.5125807932077503e8, 4.183193881587655e8
3.4005628013646555e8, 4.2275879198596907e8
3.1300090999346304e8, 4.4527320726396936e8
2.491147872095965e8, 3.6244160540685034e8
2.1062475043381578e8, 3.2062348632599264e8
3.0767347321624327e8, 5.319804538311428e8
2.09438759823437e8, 3.191344997817305e8
1.713948923585564e8, 2.8908622502433443e8
1.7476135800917694e8, 3.829538922088941e8
8.880835433917563e8, 9.507811141777073e8
6.076740379268626e8, 7.266113600867288e8
1.4241326924274006e8, 1.9703869644002247e8
1.8969769903990102e8, 2.6024502083386466e8
2.2050920998734596e8, 3.1173531776004237e8
2.5146457228081685e8, 3.623175501291459e8
1.8181447583463335e8, 3.009746107829338e8
1.9993154499586436e8, 2.74396708570568e8
1.55854125829582e8, 3.4013094624246466e8
2.124067703167981e8, 2.6043946274450582e8
1.289264441857358e8, 2.2919833268321678e8
1.2599552034628001e8, 1.8641044251347125e8
1.8924954755753392e8, 3.1068603221124065e8
1.273115704208224e8, 1.9622162072781742e8
1.2443336710081269e8, 1.949742765507564e8
1.7056934159952447e8, 3.8827909620019865e8
2.2036966421603277e8, 2.731268939918543e8
1.4039048385047027e8, 1.8379147117921418e8
1.338227308323848e8, 2.6490976691281828e8
1.6501992940429085e8, 2.753963858805229e8
1.2330500075737393e8, 2.6835751675402024e8
1.6630323124439347e8, 2.5560054736890107e8
1.8360405207920244e8, 2.7846427188969517e8
1.2356152701199202e8, 1.8944315460026217e8
3.0059201781873286e8, 3.815261434584431e8
3.011851016113365e8, 5.68683370551796e8
1.3380708303531025e8, 1.968488959882862e8
1.4032758313706383e8, 2.0585799012673017e8
1.584707874753954e8, 2.4434122501693717e8
2.2723004974939576e8, 4.729667680015292e8
3.991285416338123e8, 6.353770155099405e8
2.0677506920040736e8, 2.727212452943177e8
1.1559423959900366e8, 1.872626900176967e8
4.728216085768932e8, 5.760264017589222e8
3.142481188711565e8, 5.608656281448929e8
2.2493742720077327e8, 3.2919532777704436e8
1.1952041318742636e8, 1.9438750282661298e8
1.8675270216767472e8, 3.6831570629394925e8
3.1941483133388543e8, 4.571305337654481e8
1.0778985832076202e8, 1.599493051003984e8
2.694896937035096e8, 3.333443847365254e8
1.2781570721889846e8, 2.2096152176204762e8
2.6072331948431933e8, 4.292436546622173e8
2.159471728028101e8, 2.7600384394995755e8
1.1984951606276894e8, 2.799306504853883e8
1.3733173693019453e8, 2.4765135577726567e8
3.3884618119517815e8, 4.140396645855249e8
5.423596870513927e8, 7.653148720583334e8
3.3076626696811545e8, 5.100427195334401e8
1.3971759813992277e8, 2.3228501416618937e8
1.7653368144165823e8, 5.430968391821665e8
2.987978913741e8, 3.6494745698488355e8
5.440745639240779e8, 6.803739178883153e8
2.5440612666640234e8, 3.4998909911912626e8
1.3544866605583993e8, 4.553794332973933e8
3.785934754012137e8, 7.337425296393166e8
2.05839914803339e8, 3.2542763992151093e8
2.3085392715435755e8, 3.607410400375681e8
1.3447052217138782e8, 3.257869164461623e8
1.5401471321641073e8, 2.5592451637774575e8
1.2906779707072034e8, 4.0714647308356386e8
5.822766871650031e8, 8.834949132648681e8
1.3111817048004818e8, 4.274266856881854e8
1.5482517662303236e8, 2.1566492609095168e8
1.398728546117968e8, 2.4006136294189999e8
7.617648409674587e8, 8.47672178108665e8
2.0679663055775237e8, 3.885603802574632e8
1.7402826522057164e8, 4.740935921563617e8
1.6097284470347974e8, 2.2331478700393057e8
1.2967853290210584e8, 1.6654827044405583e8
1.393259569560514e8, 2.543903651167423e8
1.536640547662798e8, 2.7578153279490805e8
4.671085403746453e8, 5.367813973278913e8
2.746506936188617e8, 3.863719983822889e8
1.675348360662641e8, 2.4117891577946764e8
1.1607693201159371e8, 2.2505030817053548e8
2.1354036235654056e8, 5.595135976177475e8
2.422392450250666e8, 3.489628798031541e8
1.2185484430285896e8, 3.530041753878011e8
1.7409851884370515e8, 2.403262686021802e8
1.3020016165653569e8, 1.856840405345693e8
1.6790319271558622e8, 5.335223037258017e8
1.6006590233549652e8, 2.724391485996742e8
7.291854204111024e8, 1.1893870999288254e9
6.074781413428662e8, 6.596683926128343e8
2.8306114968942785e8, 4.9836325636202383e8
1.4013408229536286e8, 2.758434385805406e8
1.1117402074514845e8, 2.0741032716394868e8
2.3604181133056524e8, 9.509249222196845e8
1.735421875516974e8, 2.1409087148200423e8
1.978636576451887e8, 3.40502714910011e8
3.057217121156242e8, 7.243829480921073e8
1.5008147366681355e8, 4.4587535105977863e8
4.4075340976757413e8, 6.293830378033953e8
3.298545120450304e8, 8.90385632602226e8
1.4985549288052285e8, 3.02847575857142e8
3.473867560235893e8, 6.016762275074925e8
1.6838870960524267e8, 3.540041774451113e8
1.707613481774328e8, 2.347378855467687e8
3.049106532048054e8, 3.748482261221244e8
1.869201260357287e8, 5.45863706231653e8
1.2315506258620405e8, 1.769384706022928e8
8.475739241753961e8, 9.579653094396466e8
1.5681605656997517e8, 2.6001159787727568e8
1.7827278981252167e8, 2.233183788315527e8
1.4453783103835678e8, 1.9677836134799922e8
7.241489592769799e8, 8.383568951972708e8
1.1577176203717402e8, 2.8733611890621674e8
2.872497600156349e8, 7.153997485926738e8
2.3712884516615286e8, 6.68190599913195e8
1.574757479767493e8, 2.763059609751966e8
2.366106482344706e8, 3.009171857303689e8
1.2490509165461476e8, 1.957537992749766e8
1.4519817106381127e8, 3.2109704044923884e8
2.9270598854743415e8, 4.304214263821578e8
1.49299915814333e8, 2.609257802773242e8
1.5301912463145265e8, 2.6919618992962176e8
1.3639181451250088e8, 3.3560317912714404e8
5.260172495516434e8, 6.503189417786932e8
2.6552431564986292e8, 5.123945048734185e8
3.209045093826895e8, 3.849274509060123e8
1.1743033714829911e8, 2.9825379745590085e8
7.443353664051396e8, 9.183341460912559e8
3.2176441242498285e8, 5.603178429554069e8
3.420194349564269e8, 4.8957528191954726e8
1.364122108736368e8, 4.3252222662710565e8
1.8732217210426992e8, 2.872675678956937e8
1.6023883768033823e8, 2.42207569711842e8
1.265760683465029e8, 2.6637567405657557e8
1.4989916334450868e8, 3.1411748910244936e8
4.018025328812376e8, 7.972564498217e8
6.373728549649774e8, 7.312510225878958e8
1.63082261052463e8, 2.438405336167168e8
1.6757080520417836e8, 4.3219397895417136e8
1.7862973472960362e8, 2.4845925058933282e8
1.4784618793849567e8, 2.295002602982609e8
5.626083963330034e8, 9.711268904221505e8
2.408000540527141e8, 4.9419463328513104e8
1.3601315465052006e8, 6.488025719549866e8
1.7819208691045022e8, 2.3807929949817425e8
1.3091523909068821e8, 2.906687574676802e8
1.5467554540536684e8, 2.344383497293984e8
1.868428766877475e8, 3.294026502887076e8
2.2843406650488704e8, 3.189739144363149e8
1.2292309243560864e8, 3.133210140827248e8
2.6773999309349903e8, 5.410006269525127e8
1.9126032452456033e8, 2.581495962600287e8
1.354060036080984e8, 1.9541650228646874e8
1.7951023022413495e8, 2.3711998220451924e8
1.3837216426484448e8, 3.282118703218724e8
1.4968993534447813e8, 3.729220158743509e8
1.5002573040095633e8, 2.708256841683554e8
1.3283556797565776e8, 3.103575447242185e8
1.4734695493118182e8, 3.145681847865898e8
1.435780630691574e8, 2.3385064224933493e8
2.1197400173564732e8, 2.838284129383437e8
1.988521580128838e8, 3.135890586115666e8
2.1451972220351648e8, 4.3910495383865845e8
1.486618553896326e8, 5.917712789108512e8
4.799411877450191e8, 6.462446818421465e8
5.1775025668629193e8, 8.269910838852055e8
2.150609877131268e8, 4.168769591196692e8
2.1726065290485135e8, 3.525091400893777e8
1.6842938831123528e8, 4.232879250820106e8
1.65734721754837e8, 2.816717858486757e8
1.1400730790390372e8, 2.724160362795825e8
1.9504948011236987e8, 3.506568244324651e8
3.8948103358943903e8, 6.473286652232075e8
6.525170771022657e8, 1.0646010706065646e9
4.163630319572613e8, 6.312749461243743e8
1.4761286998957175e8, 2.006440949480902e8
4.3529925807710963e8, 5.154193538326836e8
2.2202342735580343e8, 3.085632158127392e8
1.4132244044937807e8, 2.1934386236214393e8
1.1823589183540657e8, 2.1760901581813425e8
2.3875851604829925e8, 3.788847624623056e8
2.118121725080816e8, 3.220213682117277e8
3.734952617541097e8, 5.502737041316547e8
1.7766367121460846e8, 2.746676864862226e8
1.291603977963242e8, 2.1912488105890608e8
1.1576673865604609e8, 2.3451784035989848e8
1.2304453388465866e8, 2.2809045178127488e8
4.009990469203373e8, 7.514855623600515e8
2.795079609899822e8, 3.3911098817438996e8
2.0468593621769634e8, 3.799348702896909e8
2.4015348178110185e8, 3.718012891421982e8
8.47492873670681e8, 9.795584609393e8
1.1405269670756505e8, 1.8158113614158535e8
1.4471403665474346e8, 1.8346847405539206e8
1.8991433143270034e8, 2.876680329044104e8
1.9353835743077007e8, 3.53097933813497e8
1.9138057211689952e8, 3.5582266644053966e8
2.5993805600967067e8, 3.29586832748208e8
1.835666630992282e8, 2.563937815492362e8
2.4912084177202198e8, 3.1553667489143217e8
1.7466319618402168e8, 2.6388011757359183e8
1.9284898237693617e8, 2.4620953972419462e8
1.342081072325538e8, 1.9776985527914461e8
1.7776595705113143e8, 6.393217895460742e8
1.180827785104386e8, 2.0609415547701088e8
2.612277959052703e8, 3.3177651080123466e8
1.071964700780049e8, 1.9321493431836426e8
2.2285540395908335e8, 3.029174312452115e8
1.2673008335773735e8, 2.53255788434624e8
1.8022787221305016e8, 2.769246824648063e8
1.4498892276940435e8, 2.2737758815562683e8
1.5206116262977415e8, 5.714622091413028e8
1.8696484017460105e8, 2.4783824423800597e8
1.3116875391035327e8, 5.377058743517568e8
1.5004091891487223e8, 2.1471278568819118e8
1.5128304947322723e8, 2.3107519319610137e8
1.289257719790424e8, 2.9481986502873445e8
3.31445750019431e8, 4.9479553392126966e8
4.66397827889533e8, 6.458742615233294e8
2.0280674312187338e8, 5.821880609281362e8
2.3044514951273468e8, 3.537338358365544e8
1.5837889367618892e8, 4.2297292580835766e8
2.087314555722849e8, 2.6149148354790768e8
1.648798524063414e8, 2.7554813135773736e8
1.3411763906402627e8, 2.2149482998836678e8
1.4099342196328124e8, 1.8639288855476213e8
1.3307935755136204e8, 2.7477017984635586e8
5.136557003466718e8, 5.632850246793797e8
2.064129667171218e8, 3.0777099535707283e8
1.7430021460363722e8, 2.955455773001174e8
1.1626421615771514e8, 3.647478833863768e8
4.004427926936801e8, 4.652001031996995e8
4.127558359268098e8, 5.837487429402897e8
5.884712889550196e8, 6.841775049894527e8
1.0938645066568406e8, 2.27302634010016e8
3.90237179306502e8, 8.060233512415148e8
7.195020493656303e8, 7.983698111882657e8
1.1322944802111515e8, 2.3064604805182698e8
1.3766601150535432e8, 4.712218845221504e8
2.940100115063153e8, 5.139059933098813e8
1.9781088262277222e8, 2.488084219878206e8
1.1912439440374099e8, 2.2771449935154468e8
1.4637099340699804e8, 2.0161720942612582e8
1.5118774280547023e8, 3.5601174849493176e8
5.185432167169776e8, 6.507764373684168e8
2.835697075118665e8, 4.0574648625001734e8
1.2824527836797751e8, 1.8404752509420222e8
1.2908284245391287e8, 2.9332619753547394e8
1.2420197483025531e8, 1.9210122588615265e8
2.875933165715695e8, 5.827127827072153e8
1.337484176683691e8, 2.004315156717695e8
1.6231922754520422e8, 2.673196862801156e8
1.470835084815715e8, 2.2167773655577916e8
1.6002746813950613e8, 2.7753628454995716e8
2.0532038289823446e8, 3.132133596739459e8
1.3377892399990049e8, 1.9703175814791077e8
4.434960620476477e8, 5.308852039580779e8
1.5764385520079046e8, 4.1367853150611883e8
2.888800923944371e8, 5.490183729339104e8
2.6725047922447416e8, 3.718697673818722e8
1.9734235275700632e8, 2.662208473321228e8
1.3012150108115919e8, 2.3609272221504351e8
2.085344019681422e8, 2.7538434981845045e8
1.491643328166762e8, 2.9789982149570715e8
1.8964600370334893e8, 2.668689766102368e8
1.4045166898199028e8, 1.868328384066859e8
1.420612178266431e8, 2.6047263574004504e8
2.681045983371327e8, 3.468835093569865e8
1.4964504569224116e8, 3.205373389865116e8
1.3377781301754309e8, 1.8786154028979594e8
1.6411153535814703e8, 3.124063347340527e8
1.7372573654410678e8, 3.1035223717468226e8
1.4126961343106174e8, 4.813625670917883e8
2.704066593046424e8, 3.7870646401002896e8
1.941494214402818e8, 2.498919585893215e8
3.117916889784077e8, 5.1030635505945134e8
1.44429779835308e8, 2.3231437046728784e8
1.710611206729549e8, 3.098805679458597e8
1.7565745503392956e8, 2.753830234566019e8
1.4177300198865902e8, 1.9512570064528397e8
1.9583179656454813e8, 2.7910828982273465e8
3.5114451365798265e8, 5.092746366049844e8
3.101494813439184e8, 4.052017203044236e8
2.639475099944623e8, 3.192255929346541e8
1.4234668318453902e8, 2.419994758707767e8
1.338977748334678e8, 2.2535339705204794e8
1.5425685002428156e8, 2.1414114945654503e8
2.0744731045371205e8, 3.7377891542248297e8
1.9105518725964922e8, 2.972720094491871e8
1.4864737162796956e8, 2.1022776406873414e8
1.5108537574786288e8, 3.5919142220248693e8
1.7180584354198375e8, 2.5147826987100983e8
2.1500289699951544e8, 3.1159820203782564e8
3.1254387127380687e8, 3.9780100457074344e8
1.6355852998377046e8, 2.5219342314962286e8
1.2247454838734908e8, 4.2375951077052927e8
2.0197208070998386e8, 4.052174924990153e8
1.5809869429530114e8, 3.4935080817349637e8
1.455490355812851e8, 3.1273689919712126e8
3.6775696204624164e8, 6.991024903194202e8
2.2571103048736253e8, 4.4425511736131275e8
5.870628642689965e8, 7.640455337131112e8
2.2369362954763764e8, 4.46567084931576e8
5.467790730392134e8, 7.076260197861836e8
1.4043548269615972e8, 2.5400044570435986e8
8.622274537905322e8, 9.634389769961683e8
1.9933195267212242e8, 2.822127314521308e8
2.867097393542224e8, 6.084783515495795e8
1.4943054228020766e8, 2.0765959376748112e8
1.463402785634537e8, 2.2040941379293108e8
2.911968563704148e8, 5.80544767766716e8
1.427043138780701e8, 3.1844126955623156e8
1.6553431931267267e8, 2.8055107033938366e8
1.9306020722263402e8, 4.0928592903832966e8
1.5003455711579555e8, 2.5787930647919518e8
2.1959706078361267e8, 3.4746858842006177e8
3.328043051761416e8, 4.8592360531928563e8
2.4298376651349363e8, 4.151628329358305e8
1.1700210104480916e8, 1.763082100641725e8
5.488953252831848e8, 6.432481636869171e8
3.751861465061178e8, 4.732605101871482e8
1.380672789183948e8, 3.5995493238190025e8
1.3003026079876494e8, 3.7239584002729243e8
5.149887726460985e8, 7.979152629165038e8
1.233522001022205e8, 2.128142098283042e8
3.338282643200201e8, 4.284364712402969e8
1.566188082143645e8, 7.217276464064072e8
1.574532134289481e8, 2.4560650442818046e8
1.8945806963800272e8, 3.052250429338957e8
2.2239763553730083e8, 2.8299458149110967e8
2.3140148127597988e8, 4.0269771757829505e8
1.4135550078754562e8, 2.359546477837592e8
1.877243102708086e8, 2.7771526631869364e8
2.0380560676789048e8, 3.033549782310425e8
2.0973069454248744e8, 6.039975665705966e8
2.669116729784465e8, 4.3808905205520546e8
3.3759263425165105e8, 4.158218273826416e8
2.0364664499193758e8, 2.876771158607875e8
1.1224010274612677e8, 1.8588691993941045e8
2.4057771673893917e8, 3.19671493399618e8
1.2452020451596017e8, 2.0187334732594946e8
1.599348908816163e8, 3.8595572840961856e8
1.3146626091340668e8, 2.429334522475123e8
3.9125212593385416e8, 4.841289291046625e8
1.6271522629383627e8, 2.1095384047583228e8
1.5036004293125948e8, 2.1247677548854336e8
1.5951655979427755e8, 2.4523149087530786e8
3.528075158881926e8, 4.35064334854303e8
2.2029394109664506e8, 2.9032360358758914e8
1.7408686032139936e8, 2.6532835545896426e8
1.4352861117451996e8, 1.8800020761181006e8
1.5301690751937193e8, 2.6111664094084838e8
3.1530651705145264e8, 4.4410913775435615e8
3.5774549902301306e8, 5.74320421168984e8
1.2978760791285002e8, 2.733528718325019e8
1.5933623124953854e8, 2.227968329478321e8
1.5670546725378972e8, 2.7463005089950436e8
2.034458879213099e8, 2.5789214005156675e8
1.2324750137640186e8, 2.4081389581714883e8
3.3005616539365333e8, 4.0748287149317044e8
1.7067637957808e8, 2.18600737862248e8
4.9141899856561345e8, 5.3592002096608925e8
1.9056023718155846e8, 5.462527015191076e8
1.9219849040702128e8, 4.3758343288852644e8
1.7224133072102934e8, 4.428016028998102e8
2.3244872236762178e8, 4.0215293028659356e8
1.2985462560194671e8, 2.1320295604677802e8
1.401482731096019e8, 2.067750654488188e8
3.630045666815123e8, 5.2942974010524696e8
3.1603716483586407e8, 4.457884062018317e8
1.6638031943273088e8, 2.3353783788025975e8
6.548446414103403e8, 7.429297858456649e8
3.511643758186961e8, 4.0050191419968945e8
1.1548736954204983e8, 2.4778638231423643e8
4.213190329699014e8, 5.339220025183772e8
3.841118134050597e8, 6.274673734850588e8
1.9840174534356445e8, 3.1252347499501616e8
2.632262598771214e8, 3.501021288682657e8
2.3364066545030737e8, 3.503301135193583e8
2.277033787101615e8, 3.565357132080271e8
1.3373344307649682e8, 2.296693050394753e8
1.6227988382343882e8, 2.39707804829795e8
1.4537165122059745e8, 2.2504682276636297e8
1.3781022678012618e8, 2.1037847524062598e8
4.268971193399194e8, 5.826386198214769e8
1.3112178462403998e8, 1.9453138317933598e8
1.354032578488811e8, 2.3166002202628672e8
2.5017980766244197e8, 5.229864145187014e8
5.359979233336515e8, 9.646479119759768e8
2.0051583244132027e8, 2.651014221225225e8
2.6849293093310046e8, 3.2531034640927494e8
1.0759228348178895e8, 2.075220144214898e8
1.992386763005119e8, 4.4226090627755445e8
1.386373744277038e8, 2.1086271865863657e8
1.5747715425888672e8, 2.8664390395618397e8
2.434577183982728e8, 3.704206306938813e8
2.2172141425209722e8, 3.425572168994112e8
5.855762789339739e8, 7.186687844308667e8
1.1993277169635396e8, 2.2263220040768695e8
3.705550845784733e8, 4.463202695877212e8
2.3750800561672598e8, 3.089087923143272e8
2.9144671404396254e8, 3.708557239961978e8
1.2219428779125667e8, 2.0495721936455682e8
2.845978092230465e8, 3.440387479247844e8
1.1296052312291366e8, 2.1376901430534106e8
1.7988507355189377e8, 2.4967633416687712e8
1.4029843653139722e8, 2.7581561635890985e8
1.1790084849215148e8, 1.977376561527729e8
1.8504956082704484e8, 3.034416649029044e8
2.54377424551802e8, 3.6992452880589056e8
3.0550792583820534e8, 4.3626230878612196e8
1.1898700434513395e8, 2.2265156258099267e8
2.921357182235669e8, 3.5833700233160317e8
1.5304146573043102e8, 4.579997578607695e8
2.2582536751641497e8, 3.204442576360351e8
1.495928912129939e8, 2.367043016021474e8
1.730449064776565e8, 3.943850832528172e8
1.3808184312287465e8, 2.3650564895510957e8
2.0912387512173688e8, 3.6603905708219826e8
1.3779472564732215e8, 2.5136076831163916e8
4.046381623477766e8, 4.884521840479428e8
3.954653939636103e8, 5.146803543533348e8
1.6608452733311614e8, 2.493614546106732e8
2.2248872964866295e8, 6.804823211393977e8
1.5132666774037072e8, 3.1932051411916435e8
2.3945935080173865e8, 3.3677863589224595e8
2.203117728620227e8, 3.0407797492892367e8
2.3974438945547014e8, 4.4818142809735775e8
1.3610151304708764e8, 3.64232399313204e8
1.5974745354192895e8, 2.8062568049652517e8
7.376220929613624e8, 1.0336253848269203e9
2.1987637397880083e8, 4.440204523810028e8
1.074298479111499e8, 4.273287647970828e8
1.0012182592707364e8, 1.9801360159269565e8
1.791636805896103e8, 2.7616926530485004e8
1.7915254105389e8, 2.5547581885081187e8
1.2760803646998212e8, 2.3323463279440477e8
1.5919433547146383e8, 2.313849136829175e8
1.6604389180050763e8, 3.3213042834507555e8
1.4403304161081293e8, 3.4858205477683264e8
2.2570781834034437e8, 3.7494785936162513e8
1.5043534697186947e8, 2.3040099866376194e8
1.5356435220345694e8, 2.1763996084121475e8
7.095276805831004e8, 1.0190220301310567e9
1.427108171695096e8, 5.812386659458139e8
1.4267303677118272e8, 2.893206603635056e8
2.3006432984155223e8, 3.043837945941625e8
3.235945222726354e8, 4.3506716019599676e8
4.106183630572721e8, 4.7997849367971665e8
2.0925485084163612e8, 2.8939576165993196e8
2.30968584103012e8, 2.834346028568325e8
2.0439195117675668e8, 3.093320973029522e8
1.6219040519124925e8, 2.685403051562391e8
2.4244598750526017e8, 3.054130166706831e8
2.0994051716150108e8, 2.6915760168863386e8
1.771156147014688e8, 2.5487109291256285e8
1.3172827022816616e8, 2.725333030803857e8
1.3810508175271037e8, 2.9156204369785434e8
1.4114745251587817e8, 2.3691689961964133e8
2.4603106300443918e8, 3.379606599575345e8
1.537234396600893e8, 3.388370164268342e8
1.4373452653949535e8, 4.1448734689876974e8
2.4733274325142866e8, 3.050615344931695e8
1.2213124774649042e8, 2.2655047082948846e8
1.6951273664149448e8, 2.58999137119473e8
1.350697217200082e8, 6.241409092858056e8
2.0615430475318348e8, 3.1858029995762503e8
1.3945086510241604e8, 2.227709078587823e8
1.9163396713860837e8, 4.268054770529476e8
3.948049721554527e8, 6.721307970651875e8
3.652998053838978e8, 4.241881550138279e8
1.9756246185092184e8, 3.143608406114502e8
1.7616088954772106e8, 2.901534705324296e8
1.1212826436618425e8, 2.241533007898997e8
3.89586206343058e8, 7.281054675077188e8
1.5573303886116037e8, 4.18123383646096e8
1.842162642685751e8, 2.8146962970386654e8
1.6400065936064002e8, 2.3046794101606297e8
1.3711082479407874e8, 1.9933759972410938e8
2.4783065364823243e8, 3.34542151780507e8
2.1941312669720057e8, 3.020493782236428e8
1.8591813035168964e8, 2.347928349745299e8
1.7254481733922914e8, 2.745792303067464e8
2.7257623830095375e8, 4.929252938869705e8
1.4072002663982937e8, 2.0658287282674828e8
1.9124798861755946e8, 2.5596733574129465e8
3.498455533732869e8, 4.283241166811533e8
1.2198104861520697e8, 2.934816518013725e8
1.3025281966286601e8, 2.949547713063412e8
4.97055724612761e8, 7.000511172826577e8
1.3880884522497836e8, 4.429704983353083e8
3.3110212412338847e8, 4.06406882389462e8
5.16667463091142e8, 6.26617486411445e8
2.582468648230156e8, 3.529000899544699e8
2.0573884402394474e8, 4.402340294915351e8
2.8606205826480067e8, 3.756955617979971e8
1.2433441914372249e8, 1.8151502335786656e8
1.4792530196991232e8, 3.3346498114207923e8
1.524477327974406e8, 2.7212536973201823e8
4.2690101548418385e8, 4.859956155474859e8
1.2905996151314637e8, 2.0249829657467964e8
1.383436587556953e8, 2.2469950980629122e8
1.8020344088252458e8, 4.034767512668465e8
1.599525703120715e8, 2.4559746783737394e8
1.9232211845842332e8, 3.365424342925618e8
1.466145047432107e8, 2.057527432660042e8
1.4671938886580658e8, 3.3072804896219647e8
1.6595509612299845e8, 3.798692631699993e8
1.2875940511663887e8, 1.91087386111556e8
2.2413497705022478e8, 3.570385481652009e8
3.428882555998777e8, 4.3262473316019815e8
1.5630634022382936e8, 2.4064477630404514e8
4.151764453755903e8, 5.2814581615005004e8
9.50359055252876e7, 1.9733550224650937e8
1.630372198884734e8, 2.2968191046499696e8
4.8908121234167194e8, 5.973532285005907e8
1.1993029731343603e8, 1.7838774908083484e8
1.9416159061158007e8, 3.538703242042451e8
1.783652067787096e8, 2.7506176795214254e8
1.5569224157298592e8, 2.657602543951637e8
2.1176724461717036e8, 4.819726976850473e8
1.2259146832151915e8, 3.435743859299324e8
1.5716775088899267e8, 2.805033517845219e8
2.0932000324343276e8, 3.111843084507771e8
3.081079709898876e8, 4.696401766510889e8
1.7721333202774718e8, 2.4584092344727954e8
1.799964289623998e8, 3.9054341068252254e8
1.8472761716750324e8, 3.844673989625313e8
1.2316240326821834e8, 2.101851173018622e8
1.766765533046262e8, 2.5171367892122242e8
2.0131885051878825e8, 2.76428292445245e8
5.066454642911298e8, 6.58908806294453e8
1.3034620514173003e8, 5.787762062328694e8
1.7618066573115098e8, 3.345380947343469e8
3.9163599009358394e8, 5.40563152774298e8
1.7917914645697707e8, 2.246235851052254e8
1.1636137926760952e8, 2.455771780511328e8
6.294084569491264e8, 6.891648702779346e8
1.6325552818624684e8, 3.6367474352709013e8
1.5782466427821353e8, 3.688710090740008e8
4.711405206220999e8, 5.609063052261896e8
1.5850911828745806e8, 5.726175279665707e8
1.1812379822833584e8, 1.7346544357777777e8
6.810016851547221e8, 1.046078156530654e9
1.194363336049104e8, 1.9377386931741664e8
1.2190587016813035e8, 2.8634339839268756e8
1.2456537738861178e8, 2.6161295747633907e8
3.656210037874518e8, 4.5190241711439794e8
3.973728127692324e8, 6.972005958089329e8
3.268855136324057e8, 4.2143199644442165e8
3.2746065181287587e8, 4.463779922949284e8
2.4771125304501626e8, 3.3492698074061954e8
1.8384482144822356e8, 2.510107062255436e8
2.6518236840913823e8, 5.186610673142924e8
1.467946905121736e8, 2.3122375571069595e8
1.2075495366639963e8, 1.919644693853421e8
1.9699895192422548e8, 3.7789047051956373e8
1.8445144386635283e8, 3.8417159539628124e8
1.6464533855895224e8, 2.1502554960287717e8
1.6486588643225583e8, 2.3728982914340305e8
1.0852483801010425e8, 2.1059269951810175e8
1.3421272319512941e8, 2.7075475223944557e8
2.3252564533427984e8, 5.353635793049091e8
1.658492425355297e8, 2.5419838839191598e8
3.8656490026791096e8, 4.878663748284321e8
2.0532489516552463e8, 3.425183191712005e8
1.0875700686239219e8, 1.865790601607957e8
1.816615981347371e8, 3.9124668130673623e8
2.518030626411693e8, 4.802198179275315e8
4.262251659545873e8, 7.168764788102111e8
2.0568381901013163e8, 5.770739322948933e8
6.193581400436062e8, 6.954455143537134e8
2.0812116577669767e8, 3.3014336738164955e8
2.0852115752449608e8, 2.768114472377762e8
1.893556612015861e8, 2.7815969799562305e8
4.155011265811914e8, 5.1028492993504745e8
1.7369342485410798e8, 8.777896266435889e8
1.9424742318916446e8, 4.152811868591926e8
1.3540245050003725e8, 2.5093269393295354e8
3.0979800424071664e8, 3.813284767591013e8
3.057108050150331e8, 4.412276311572988e8
1.5086808605486205e8, 2.4007458307017237e8
1.6207178805120033e8, 3.060175837703649e8
1.5029714842132187e8, 2.47692418550946e8
1.7156378937908274e8, 2.5018378617577457e8
2.3133959559164208e8, 3.111430127002414e8
1.471414846391206e8, 2.3031346837235895e8
2.4129784253906453e8, 3.999033781772239e8
1.944472125647645e8, 2.897421779541262e8
2.2352860034724754e8, 4.5415952704151314e8
1.8433647788957095e8, 2.4920474557244876e8
1.902680243089529e8, 3.4639789864916664e8
3.707945784668069e8, 5.075923842877823e8
6.756396653760962e8, 7.842465425875598e8
1.661356565036558e8, 3.292978968573905e8
1.8318420892767555e8, 3.4592950973961824e8
1.5837295023667255e8, 2.3467569498636743e8
1.6660899308906788e8, 2.5526963502405983e8
4.183787285796994e8, 7.083436444833268e8
1.4098662761000764e8, 2.2944248688303003e8
1.4843613695248413e8, 2.0916137419005325e8
2.4543826476171055e8, 3.2615570953653085e8
1.6188259532772118e8, 2.1239506631097376e8
5.786427127202116e8, 6.533630715360024e8
2.3898724348587573e8, 4.126203638408441e8
1.4510423532295212e8, 2.758263426453004e8
2.1063838634185016e8, 4.39064944804991e8
3.593267400113839e8, 4.346384695406647e8
1.9044608524884155e8, 3.592209604669979e8
1.9947616114079523e8, 2.641545800847856e8
1.1337294960048723e8, 2.230492931146823e8
1.3960578863353705e8, 1.8014621986455587e8
2.140059794898875e8, 3.16779722119666e8
2.805410707347385e8, 5.228338318508565e8
1.4147588878945574e8, 2.927800439159479e8
2.200153362968193e8, 3.634684132378081e8
6.342505896790167e8, 7.002020089870943e8
2.202889131937328e8, 3.1972999521313506e8
1.5008400576185533e8, 2.339119875732478e8
2.7915873188399523e8, 3.720578488091736e8
2.996183857917727e8, 3.985139427871829e8
1.5640514973569196e8, 2.6209096076173633e8
1.380198647253817e8, 2.1194257279609525e8
1.3866642726603365e8, 2.439184331087914e8
1.4927525239065975e8, 2.6897983436805296e8
1.238278345415414e8, 2.124241628658484e8
1.2626980819231763e8, 1.8463589407165423e8
2.3837214907300654e8, 2.941449349575652e8
2.6507258680188733e8, 3.649109294868847e8
1.5853762868981636e8, 2.2405786320355707e8
1.4337331009346896e8, 2.5223258324200344e8
1.8457931738117763e8, 2.756409750072466e8
5.61164503488493e8, 6.511115947604171e8
1.7494809094504043e8, 3.6669673984475225e8
1.6860012884494835e8, 2.2822276191707975e8
1.9405094242921284e8, 4.230068019598604e8
2.0052692831433666e8, 3.102505237138321e8
1.6981729902406004e8, 2.694739562823879e8
9.615606560850935e7, 1.7511235868338594e8
1.6553613684875777e8, 2.997706085848046e8
1.815446053783375e8, 3.3031531383099204e8
1.4006439296228886e8, 2.5096137836835426e8
6.511966284173092e8, 8.511571368857708e8
1.685393650287062e8, 2.871552242626918e8
1.670400860796556e8, 2.6195768162891755e8
4.383457549345231e8, 6.350910897189131e8
1.2800656011189206e8, 2.123445775621667e8
1.626609095515842e8, 2.809680261182338e8
2.890795593870997e8, 3.783560452166471e8
3.596867733780544e8, 4.6388289700453526e8
1.4907105504924616e8, 4.500102128383992e8
1.6548030882636958e8, 2.2852829761089924e8
1.2331548561898343e8, 1.7440899510831606e8
9.024254384687947e7, 1.6833423916306978e8
1.7412797051101163e8, 4.7277543429977053e8
3.01683124912366e8, 7.869759118078012e8
5.601375834771701e8, 7.197070641560962e8
1.0761990511032796e8, 3.762817197073985e8
1.106039893896903e8, 2.1133786566532344e8
1.1505464215929301e8, 2.701300359258864e8
4.294009668380605e8, 5.378873809900876e8
1.6734590561147612e8, 3.567810330981791e8
2.6199345947859937e8, 4.93930467109135e8
3.3156063931657606e8, 8.018404510556084e8
6.53991896562798e8, 8.053618388087419e8
3.3339050310685456e8, 3.7753654712105536e8
2.0151909298668066e8, 3.367769703117825e8
1.4415965840973055e8, 3.328075154863993e8
2.2673920800172284e8, 3.72031351717837e8
1.9629866332338566e8, 3.427520037979961e8
1.9493722988246378e8, 5.792562012007178e8
3.833260999927772e8, 5.3115773648927575e8
1.5539169332755998e8, 2.4434323776407263e8
2.2451701337958592e8, 3.0975449465106726e8
1.5728676907408443e8, 3.526884387142789e8
2.050461801881411e8, 3.75842762143561e8
1.3546979445949882e8, 3.4667196271762395e8
1.9511525175514382e8, 2.909436993215646e8
1.3678812984099078e8, 2.0387278209948802e8
1.87972070771728e8, 2.582530944396812e8
1.1976964098885494e8, 1.685647631560901e8
1.343685049816541e8, 3.879538008024598e8
2.0058702176783922e8, 4.492160533489063e8
3.575147203701121e8, 4.205240531894737e8
1.075129261285493e8, 1.776020610162116e8
1.830855516654627e8, 2.9397512713942516e8
4.112553595641792e8, 5.035588176865474e8
1.4741230183301294e8, 2.2824529768766135e8
2.061303299197574e8, 3.329027796907188e8
1.8110129854453018e8, 2.5306779971393082e8
5.481290525192766e8, 6.700093517646673e8
4.930469554392193e8, 8.887469012197874e8
2.1043581398371422e8, 3.72587871263974e8
4.9809526054384226e8, 7.019160649124876e8
2.130777293669729e8, 2.881199437632533e8
3.900176079841461e8, 6.837378514962672e8
5.01437125280236e8, 5.942544675400136e8
2.0695617712102276e8, 4.249302553613454e8
2.3826893298579022e8, 4.1140790779612315e8
1.3342794099075183e8, 2.5743374523935047e8
2.5787220330299285e8, 3.555433500961305e8
2.261629777413082e8, 5.2022460995623183e8
1.855887483998439e8, 2.978878177354422e8
3.182674177642654e8, 6.837723874004815e8
1.803538103662015e8, 3.1418023306290644e8
2.512474254886429e8, 3.73606886506489e8
1.2782563367641456e8, 2.3503093346310434e8
1.2866444357521436e8, 3.076361931723351e8
1.7645759991914898e8, 2.4003327901342484e8
1.2962415923704936e8, 2.0250267799037507e8
1.6537764992203677e8, 2.2961566470629594e8
5.867254214973255e8, 7.67082292169815e8
1.1717709055245286e8, 3.995923346038611e8
2.4363853187073067e8, 3.633996195367577e8
1.5990719355346602e8, 2.5724881542954004e8
1.45604213731456e8, 2.1744869895537272e8
1.192472216905002e8, 2.088523470379911e8
1.4704782878843725e8, 1.9642871403698903e8
2.218358095425028e8, 4.0371966814384586e8
1.6482213383779642e8, 4.805602769594206e8
1.9438771068720174e8, 2.786335146346378e8
3.106229977347777e8, 3.7086475120155025e8
1.7434195457081655e8, 3.188322873899401e8
3.144893496242485e8, 5.467874043720388e8
1.7298463094143775e8, 3.0156915759745765e8
2.3066672878904578e8, 4.9342516903813714e8
1.568442835189671e8, 2.2802345205016372e8
1.402401292543773e8, 3.350237804662999e8
1.3200433414091238e8, 2.2203250669706526e8
1.9213732619372252e8, 2.708169724480976e8
1.845162889619884e8, 3.722162251745777e8
2.5425948154514283e8, 3.5675646025416124e8
1.5748139383915552e8, 2.3991821673886454e8
2.414399353208421e8, 4.049956518351589e8
1.4338491780488044e8, 2.089193046214228e8
1.1363891392898507e8, 1.8047770790767342e8
2.3740963926938125e8, 3.310194731597864e8
1.5714119126678446e8, 2.3693887823470742e8
2.5282382747007218e8, 3.4175216907816344e8
1.8048719538675117e8, 2.7686145453807336e8
2.87499183422162e8, 3.7117144235060287e8
1.1868361871856432e8, 1.8654683333548832e8
2.836479261224526e8, 3.8035799419563895e8
1.6425312318417516e8, 2.8521553165726715e8
1.5426480058471316e8, 2.3307626335232863e8
1.8568390084494883e8, 4.420086627880163e8
1.900642147586659e8, 2.9892982613363963e8
5.2170916592757076e8, 6.296149899509416e8
1.2636934705508691e8, 1.8446987420148242e8
1.3038984577110383e8, 2.789192951384117e8
3.8695917718997854e8, 4.625484683076473e8
1.8629132470483288e8, 5.2439281655173737e8
1.62900813587764e8, 2.6239659840005016e8
5.050354742813004e8, 6.159553333012618e8
1.6103578376051715e8, 3.3246539355535704e8
1.5648793402999535e8, 3.128107122573553e8
2.1409352762181133e8, 2.809793443878041e8
3.0534962216534036e8, 6.995385692491311e8
2.3333060014567864e8, 4.068087930321936e8
2.940970004930526e8, 4.1305803017285174e8
1.2861081928830157e8, 2.031988739516702e8
5.446043447327433e8, 7.049757129205152e8
4.897293066848121e8, 6.541489055184175e8
1.4003956403018442e8, 3.048738259142901e8
1.5540052649886996e8, 2.094610746676995e8
3.368124954958594e8, 3.890583016118234e8
4.161280368945624e8, 6.131976392802329e8
3.374622576348034e8, 4.545486524089677e8
1.5952523702781814e8, 2.1544262600256e8
1.3480226433365148e8, 3.7177112996448886e8
3.769167421561431e8, 4.893781241784025e8
1.4661089953539947e8, 2.4619923828256428e8
1.5162518943205333e8, 2.661783619353682e8
1.830766598188498e8, 3.210958418719441e8
2.2166111024466544e8, 3.6082869680894315e8
4.650448892343965e8, 5.3084514104064184e8
2.1466775512278518e8, 2.718958346851518e8
1.2061150499134141e8, 1.903723623840224e8
9.787005102467583e7, 1.4520889743016464e8
1.2452719395416403e8, 1.8964511995426875e8
2.601399996729815e8, 5.0254734296877635e8
5.593213362420939e8, 6.598097784677185e8
3.5753449449046445e8, 6.49785892046975e8
1.5669855772146967e8, 4.37961245931505e8
1.7462027757105413e8, 4.4897652852387935e8
3.373208194688423e8, 4.347160174134206e8
1.6954588967455605e8, 2.7313672317232436e8
1.4895523291198483e8, 2.4107005629378828e8
1.5027321512885046e8, 2.438249777969745e8
1.56431773641345e8, 3.0448926716127944e8
2.0635780801976568e8, 5.0448978098301005e8
1.3056377204532593e8, 2.164868537755632e8
1.7425471206313652e8, 4.069006048299669e8
2.0712818386657023e8, 4.493723654616858e8
3.241608684841654e8, 3.918651306263119e8
3.206684069341718e8, 3.7715647610952955e8
3.8593443299043494e8, 5.1149710472463095e8
1.8145561685844997e8, 3.570933864680596e8
1.6894660327609354e8, 3.233393642280942e8
1.5361372719748607e8, 2.9028712422829455e8
1.2785747410439716e8, 2.3837561278722394e8
1.4359632559094843e8, 2.1224389625534362e8
2.8330146942715657e8, 4.7167981000451124e8
5.421423459981318e8, 6.741132584595891e8
1.473890983617944e8, 3.417883332722107e8
1.9627147442815793e8, 2.968721601047763e8
2.0934523234053972e8, 3.6432586346395e8
1.4620196188291633e8, 2.3829190339590043e8
2.3104797610143048e8, 4.030918881811227e8
1.339524870314804e8, 1.8900804191437694e8
9.50755796126525e7, 1.6778527839404652e8
3.1991100570947534e8, 6.467914595084043e8
1.9047687324605948e8, 2.620850999155056e8
1.869809571674277e8, 2.833717924259567e8
2.5610997662979323e8, 4.544902430362894e8
2.227860745036459e8, 3.0868487177148646e8
3.207588817070853e8, 3.875001663926459e8
4.656422994574542e8, 7.633373453584163e8
2.7906501765160877e8, 3.69488243602152e8
1.089000925164487e8, 2.736436241901252e8
2.5674819754372773e8, 3.636474328937854e8
1.5673792022307715e8, 3.209240611885809e8
2.687051974820037e8, 6.563106412795863e8
1.3561970207509023e8, 2.3389271514445627e8
1.671715518940612e8, 2.934474100187889e8
1.7816105891889474e8, 2.763000108535577e8
1.5962108551734954e8, 3.765409554777724e8
4.36680303671994e8, 5.1950914433347607e8
4.8080264398213714e8, 5.721992545501689e8
3.837862962026926e8, 5.032596099083534e8
2.6782369340266052e8, 3.4898139541486657e8
2.7593832777609736e8, 3.09456479953378e8
2.8232306560144955e8, 3.2200795774343354e8
1.1261265181052336e8, 2.1146440352427888e8
1.567936844352809e8, 2.554134887511534e8
2.4601031539968845e8, 3.590361896824094e8
1.490393835420883e8, 2.193900085777438e8
1.4505163063687816e8, 3.858232050843468e8
1.208547791556736e8, 2.4552523479400557e8
2.3175952119413602e8, 3.227631200824977e8
1.432752105655644e8, 2.1698766635204867e8
1.767052090562639e8, 2.5373705844798928e8
1.786520674570822e8, 2.5314790290770918e8
9.563924187455988e7, 3.435462521429248e8
9.526359306023882e7, 1.8667058810914716e8
2.894880626617596e8, 4.1654624375731397e8
1.7034578087785068e8, 2.445111812211531e8
4.7171494922234225e8, 7.022922377601116e8
1.0745919558547331e8, 1.895123672080355e8
1.1249551497058211e8, 2.502810604208516e8
1.377677402078202e8, 2.00884988727706e8
1.637538802894002e8, 2.789513256308499e8
1.9782381992764986e8, 4.141109225393778e8
1.9354619223732132e8, 2.607604892683065e8
1.522161574402059e8, 2.6488409777469012e8
1.7025949781039897e8, 4.722248984650435e8
1.6794902906731012e8, 2.3757859782574695e8
2.1373493107620105e8, 2.6323564771365204e8
1.3868825636189413e8, 2.0575652117540976e8
1.7376401477268404e8, 2.757490978093066e8
1.2103183109215958e8, 1.8571365834116518e8
1.5336277294493097e8, 4.4021063523986346e8
1.60367872545977e8, 2.1828405907647324e8
2.9058510748399216e8, 3.677428852020666e8
1.3840102591655618e8, 1.8043992095117587e8
1.5909194027982092e8, 3.67205689835525e8
1.938192245829289e8, 4.3805731813511854e8
1.3239180820137608e8, 1.7884730619752663e8
1.2340737347331077e8, 2.5409580085308272e8
2.0855105236825427e8, 4.5952440867451626e8
2.9102908332949805e8, 3.435954042460023e8
5.916955204083439e8, 6.779431016893581e8
1.540239848376459e8, 3.3020075010513306e8
2.0482615776668411e8, 5.3440631473248005e8
6.512523300797873e8, 8.183627818446782e8
1.380799815294703e8, 1.9169300445389968e8
1.2318552830348122e8, 2.602880405836759e8
1.7924504577453458e8, 2.849657758358461e8
2.4159081122554353e8, 4.154391102222576e8
2.318549673475068e8, 2.7241570397955674e8
3.503743525062778e8, 5.911924444932331e8
1.3276509296642455e8, 2.0780849136214912e8
1.4147873528645658e8, 3.204607967894673e8
5.2032057447273314e8, 6.049540716846133e8
1.5150337280411807e8, 2.082792340196092e8
2.050675281002162e8, 2.72655696357784e8
1.1381402735854478e8, 1.7540314307535207e8
2.1193337547765705e8, 4.220551832267695e8
1.7236994017903462e8, 3.98316980624574e8
1.6196433326030135e8, 2.1112559870999587e8
1.4954117481792778e8, 3.2469515833218575e8
1.8836378486157832e8, 2.499597365572282e8
5.637957267411658e8, 1.0233054896291018e9
1.4887081131924826e8, 1.9863506309751347e8
2.049226418176871e8, 2.7046954204840463e8
1.396225234938547e8, 2.1336778755619386e8
3.5714751455811834e8, 4.36386780262797e8
1.4353125479013243e8, 3.761069759072739e8
1.2464695284574033e8, 1.7578488964739692e8
1.9428338239086896e8, 4.213572201352401e8
1.8810329783610076e8, 4.348859497141026e8
3.6944971498790246e8, 4.9354097581851846e8
2.2498129493458596e8, 3.115747030910857e8
2.25113664942029e8, 3.062321993249659e8
2.2129739847208208e8, 3.459782302250104e8
2.2285378117754763e8, 3.276993976455609e8
5.2611007543058616e8, 6.464381218163227e8
1.570736140521688e8, 2.3957290739495754e8
5.500636514244666e8, 7.426210477247438e8
1.5176399751748905e8, 4.787088206501044e8
1.95093328444914e8, 4.8348617414667094e8
2.4932507975533232e8, 3.7243699739686865e8
3.7958892746194226e8, 7.67141571809756e8
1.2517761555935517e8, 1.9611265980036828e8
4.509954276468883e8, 6.871161711761345e8
3.292712912952629e8, 4.0194145738440955e8
1.412989539588652e8, 2.193508723158763e8
3.545814909807032e8, 4.493044771706482e8
1.2015927066995384e8, 1.8556088524405926e8
1.3607006736699554e8, 4.308720988893694e8
2.092416910053788e8, 2.945007749225269e8
1.9590496368129522e8, 2.6231624168934157e8
2.4772731162056705e8, 3.399189865373401e8
2.014870186491395e8, 3.083702201517779e8
3.5938368356638575e8, 4.100705915782033e8
1.9914240030485833e8, 2.738878822660528e8
1.4754308194792506e8, 3.5009313528342295e8
1.3611868147766283e8, 2.0173872727040768e8
1.9326498696118668e8, 2.757691260352317e8
2.1170964475004983e8, 3.7137040811495954e8
2.0300348718846744e8, 3.233853765447744e8
1.4826020044151086e8, 2.2456116829497364e8
6.14262112118437e8, 8.208213257296146e8
1.277745559881957e8, 2.3295853026946634e8
1.3435299782828057e8, 2.0063677253701147e8
1.7743441452405095e8, 2.38451555648071e8
1.719435043123045e8, 2.5230693550473854e8
1.5291066205351612e8, 2.4908435744437668e8
2.1260589693105653e8, 3.611545183649706e8
2.8951169327675194e8, 4.709763188290109e8
1.814446399153703e8, 2.353860088805796e8
3.355685589642127e8, 4.0570981368950903e8
1.2660354312093732e8, 1.787732631927835e8
1.9019169738895443e8, 5.136871357774682e8
1.7073330444112912e8, 2.576213725642072e8
2.5907356190194803e8, 4.241603146030634e8
1.9279608250602892e8, 2.7209427062076e8
1.3084010649919678e8, 3.314539604478208e8
1.6535931493659952e8, 3.025425307242922e8
1.4930448358764902e8, 2.543643647666137e8
1.4700019748704934e8, 2.8289372701985645e8
2.3140038527387425e8, 3.369081893238752e8
2.5916443769776377e8, 4.0106794048157865e8
1.3003416698732671e8, 2.1821778004492658e8
1.923572795869196e8, 3.1513641849064136e8
1.3087907437625813e8, 2.8817086306289047e8
1.626492404813526e8, 4.4498415703924644e8
1.267230949912358e8, 1.881399882561988e8
2.682208268703063e8, 3.669917839113429e8
1.3209355587122673e8, 2.2887674377268848e8
1.4682660998964596e8, 2.8659569701898026e8
3.9511946050195855e8, 6.004995339840399e8
1.6005556085137308e8, 2.494852704808838e8
1.4883250420270446e8, 2.390180776600123e8
1.0046749452729501e8, 1.7631735552489913e8
1.7393642075227487e8, 2.85372234105413e8
1.6713674933381233e8, 2.630136080916799e8
1.7060367346256548e8, 2.9532742862230504e8
1.5453783432208917e8, 2.039066668774503e8
1.4840142224182457e8, 2.980742724702208e8
9.529041005280733e7, 3.0221588409673655e8
1.3760472021795142e8, 1.9153321350916776e8
2.1458506608664888e8, 4.582656124724477e8
1.6303852836387286e8, 2.3676740673062614e8
2.2675533881160733e8, 3.661170969216074e8
1.2312287145771225e8, 1.8269858159037116e8
1.569180774625907e8, 3.626499275283402e8
2.8225212759442765e8, 3.8378282131067306e8
6.805122313814975e8, 7.849229283345596e8
2.0007597833160844e8, 4.65823958204563e8
2.4967778711725953e8, 4.693868132722529e8
1.6710408658809808e8, 2.392653051164519e8
1.4214569537506464e8, 3.401684756958773e8
1.6242544772508833e8, 2.4583766349057233e8
1.5775681872017354e8, 2.373199023635301e8
3.0442778151734596e8, 4.1787826485513896e8
3.292708462614081e8, 4.275725066068828e8
1.2107871965075178e8, 1.8936073069149956e8
1.5621146544054657e8, 2.5516245419553465e8
1.8946665194906747e8, 3.2257280289314455e8
3.804918736494869e8, 6.694091753070985e8
2.0958984453869537e8, 2.966376026567768e8
1.5553519217605022e8, 3.380143060846996e8
1.974946347293582e8, 6.71410873447354e8
2.3467156314707676e8, 5.2423276044354814e8
1.2816003020471685e8, 3.4480412072291535e8
1.3848765343068308e8, 2.3591636737948945e8
1.3281978356151891e8, 2.748224321195117e8
1.305377574334242e8, 1.7199022109212863e8
3.6162418355537385e8, 4.4394213916392267e8
1.58180282076824e8, 2.6207477913815022e8
1.802794989328475e8, 4.1030947871655756e8
6.831408705626632e8, 1.0095005904913825e9
1.4578438720333147e8, 2.1469765386908272e8
2.7836023719864625e8, 3.732534398777101e8
1.549236480165463e8, 1.9850011501251075e8
2.2661354429824382e8, 4.2356094017125857e8
4.2838398715168065e8, 6.15568741050603e8
1.5154474848881444e8, 2.663402086995023e8
2.0685887035142747e8, 2.4624317615643063e8
1.6982514115007168e8, 2.4481359935567045e8
1.5773203212672448e8, 2.3084062093514407e8
4.3055403261305594e8, 4.9773308755011094e8
4.2254520604938084e8, 5.565968946652172e8
1.8503715641982114e8, 2.513181500464295e8
1.667030256654082e8, 2.44755729236224e8
1.574173217307445e8, 2.627878909443309e8
2.449504739442169e8, 5.347063650196703e8
1.6951997549635014e8, 2.6743193997117445e8
3.321400295020372e8, 3.9894840841855663e8
2.5990679885095015e8, 3.5908874306203437e8
1.105257290403623e8, 1.7181787073668057e8
1.804848244292248e8, 2.9690231655119735e8
1.0880256343452244e8, 1.682742002393104e8
3.453170471796633e8, 4.499489356731826e8
1.086556821128091e8, 1.8555625775456515e8
1.9599592096986395e8, 3.770899918429343e8
3.2772103098559093e8, 4.5532152670552444e8
1.6921774969049543e8, 2.8004395311783063e8
1.5974482486542556e8, 2.2211684065794134e8
2.1513355977531174e8, 3.616522367972111e8
1.3512859737836516e8, 3.109219439704468e8
2.656805557185048e8, 3.33482889104231e8
1.3716159154691386e8, 4.380068010490101e8
1.7222544336458224e8, 2.2724838884529042e8
1.6880961702019128e8, 2.5642358442808342e8
2.2237684519008973e8, 2.928773261621597e8
1.461138955758748e8, 2.1271136279912052e8
2.60194912436688e8, 7.938527220076206e8
1.3594705205337304e8, 2.0360659670833638e8
1.5198408602692086e8, 2.51573892301067e8
1.3081857043590239e8, 1.9197110915712553e8
1.6942403604164574e8, 2.2102601183319083e8
4.8759882163543695e8, 8.322538697954646e8
1.4200547419628248e8, 2.2173634588130188e8
4.1727221805187714e8, 9.728332545386053e8
3.8883670203178376e8, 5.230681136319033e8
1.4991449253535986e8, 2.348654168132677e8
1.4105398780730566e8, 1.8487424431338847e8
1.3318830422368711e8, 7.383581068234023e8
2.1583605452860948e8, 3.01659024973366e8
3.563129187157606e8, 4.6361004803298426e8
1.65775282733202e8, 2.5798003463583848e8
1.335754280189723e8, 2.2172693626281855e8
2.3390082834159553e8, 5.150286324194005e8
1.4113374200770023e8, 2.743833621721405e8
2.894091093665179e8, 3.2848789776681376e8
4.3506059001735544e8, 8.008923589716837e8
1.0299726108952186e8, 1.700665911384123e8
2.0849352800507298e8, 6.275069753028948e8
1.3349284522433054e8, 2.1542539786856976e8
1.7894058427323845e8, 2.2666560254811427e8
1.9014341532553923e8, 2.809608489109869e8
3.0392855452420276e8, 3.978676732641039e8
1.7536451966699794e8, 4.777784165010199e8
1.3384667236515564e8, 2.3609138773267952e8
4.063594613044832e8, 4.7740307405283576e8
1.9123862565931538e8, 4.986097686120821e8
1.4894480173137924e8, 2.2128602223669106e8
1.5076765182933345e8, 2.199616321538769e8
1.5684980820230758e8, 2.2390990663611445e8
1.2232694253618643e8, 2.4471221620482084e8
2.792715214052987e8, 6.811931739861773e8
1.2816315541730414e8, 2.3323921051047796e8
1.6706579871326128e8, 2.435605434537621e8
1.8427316220534334e8, 3.2066149016165847e8
5.627179499929339e8, 8.583921106820403e8
2.3639322618655643e8, 7.056054646278493e8
3.0099891645914745e8, 3.816477181548354e8
6.044196187858267e8, 6.469100999297097e8
1.485252074115148e8, 2.4040503593216053e8
1.5279996336169755e8, 2.3126023661100382e8
1.1805547264896946e8, 3.482722171730919e8
1.729580825222159e8, 3.999706910248799e8
4.193492840784772e8, 6.95940302300532e8
3.914041186598731e8, 8.401876704656911e8
6.92264759225154e8, 9.622595744097551e8
1.9611664644780046e8, 2.6774083767195082e8
1.2770960997764035e8, 1.946054348876436e8
1.9444977845116398e8, 2.922579850965064e8
1.699059481337439e8, 2.28875705641408e8
1.3117398351852457e8, 1.7752345550991744e8
3.5059334787382615e8, 4.7241042583376175e8
1.0809621289186002e8, 1.6796203049377328e8
7.586342034348574e8, 1.03047137542646e9
1.2952151899996762e8, 3.0830663836965847e8
2.4159819823072395e8, 3.4837596038864124e8
1.1754289588005076e8, 1.684729412670648e8
2.426527096941858e8, 3.15047772844495e8
1.449892784343173e8, 2.837154639996728e8
1.2671257412336728e8, 2.3023700400611773e8
2.5298113197698084e8, 3.3699514725923944e8
1.39248737301119e8, 2.1423381768590522e8
2.3297197271967736e8, 3.1817662151077724e8
1.4324813695337012e8, 2.912159916991918e8
1.3775080832164282e8, 2.2848347070173278e8
1.3523800938579196e8, 2.2782785979558548e8
1.4187355628745252e8, 4.594901994339351e8
2.0612418054366934e8, 2.825531415704707e8
1.9439160173376882e8, 2.6623570167231014e8
1.4325626853419897e8, 2.326144640590618e8
1.4334708570770612e8, 4.17919470603787e8
1.1688553761384115e8, 1.8233603759975445e8
1.5720510204687846e8, 4.709890242499477e8
1.9438302748805034e8, 2.399229607511615e8
1.9803125067199683e8, 2.690871023145582e8
1.683430817060586e8, 2.8429166918860483e8
2.0240960959601992e8, 2.816035387569387e8
1.3119632995411444e8, 3.6465552892874134e8
1.620506769090249e8, 3.015483619087861e8
1.5416389362225437e8, 2.1309277282135376e8
2.1248835926146474e8, 3.9842952935759336e8
3.0068561037465256e8, 3.676119634186728e8
2.3041985978156316e8, 3.7865157450756156e8
2.3814192969197816e8, 3.1020822323658836e8
1.3859501757886586e8, 2.329853485515411e8
1.4137186970292333e8, 2.011562733528232e8
1.4558025297947985e8, 2.096513467697659e8
1.8793320268597686e8, 2.6334840919368446e8
6.512972503951348e8, 7.517440547623354e8
2.8611935485044754e8, 4.19196634249075e8
1.5335800939455387e8, 2.0412826969498456e8
1.3096775282139315e8, 2.2268112126632398e8
1.7704366037882826e8, 2.3095650002477166e8
1.305465126841174e8, 1.9374918695365238e8
2.1686490881092578e8, 3.3951514613613963e8
1.8415041718897787e8, 2.644150166711172e8
2.2642963345063117e8, 3.70524668978221e8
2.0583022317084086e8, 3.191482959472014e8
7.063512006797582e8, 7.715342722477508e8
2.5573692407815725e8, 3.6784516488810897e8
1.4628345459126508e8, 2.435996132819404e8
1.4343527574602142e8, 2.084740952223071e8
2.93684235956789e8, 4.427490607773417e8
1.4497314048754534e8, 2.235418438144167e8
1.4072766996304938e8, 2.6144907902480558e8
3.6974232877027905e8, 7.1641043204907e8
1.5969110563498613e8, 3.0065771452811646e8
1.7010613018528223e8, 2.948699179180436e8
2.2600492855505848e8, 3.031160018200783e8
2.1765239209766364e8, 3.151340101851023e8
1.3061689641368426e8, 2.4239211433301476e8
1.8386969970502222e8, 3.029962532886008e8
1.7639289540204582e8, 3.087860824831132e8
1.8614895856187224e8, 3.07284591614334e8
2.2035456421923915e8, 4.3254764273720187e8
1.93132984659163e8, 2.747425193382622e8
1.4645502399640793e8, 2.78274215578068e8
1.5059039581491408e8, 1.9630755559830415e8
3.441681688333705e8, 4.3676793727307355e8
1.8548948310374328e8, 2.7257129925602466e8
4.600334186667611e8, 5.364139904232433e8
2.0455993950960836e8, 5.457310430620499e8
1.916401116042104e8, 2.6573653463244045e8
1.2275710379175057e8, 1.9611995902928567e8
1.6222232841222194e8, 2.8587234277106917e8
2.534155153351391e8, 3.648231316177404e8
1.542580694686871e8, 2.820731250975381e8
3.618519922903191e8, 4.750177273051217e8
6.84805267740624e8, 8.217045756301084e8
1.6994485905461997e8, 4.076656134198701e8
2.1000857496803838e8, 4.668116097488403e8
1.2399639789834744e8, 1.9271277092708245e8
1.4186543647087514e8, 2.083758624800817e8
1.3943394128061414e8, 2.1762493617018345e8
1.5939039903384936e8, 2.834758718565003e8
1.7677144900792235e8, 2.5160210337171435e8
1.4774644454264596e8, 2.417549215667751e8
2.262002330532514e8, 3.050940990399489e8
1.685048293850156e8, 2.4977451867145514e8
3.4563466896944577e8, 4.374398998163546e8
1.7602311741791293e8, 3.5500608739386433e8
1.7528646911096317e8, 3.4129775548513705e8
8.171344053111044e8, 9.736685866853144e8
2.2938616169381702e8, 7.965704781508648e8
1.6440309764975858e8, 3.208748687536763e8
4.0189390890892816e8, 5.064173696780015e8
2.7568533462389475e8, 3.2494159306990445e8
1.7784965019682714e8, 2.3726404808602938e8
4.7399145823079646e8, 5.535173554243622e8
2.404095576079552e8, 3.81841924087588e8
2.7970371322310984e8, 3.7173856342380536e8
1.559642578020159e8, 1.9726118657611302e8
2.3665608323334053e8, 3.043007259653084e8
1.48169071713035e8, 5.81732071167884e8
2.78924644346726e8, 3.830945195508674e8
2.1675935993669903e8, 3.272500974341497e8
1.322541996562082e8, 1.7865934878709704e8
2.83975627708422e8, 3.4909976337202394e8
4.38114658099298e8, 9.704728894811517e8
1.7980659595027915e8, 3.7939251180668414e8
1.2702370241153541e8, 2.109385022611819e8
2.4664206684658045e8, 3.024282193029858e8
1.3477046018784896e8, 4.112931991642714e8
1.3618966713784942e8, 1.9461849012186947e8
1.6923429618593773e8, 2.2246574257619372e8
1.3925324982255486e8, 2.574929166874192e8
2.0032010783832353e8, 3.732257551319357e8
3.8331746509763604e8, 5.867963201715506e8
1.8626101089558247e8, 2.769214971648491e8
1.3496155452670103e8, 1.9680638157786742e8
2.5500100341841137e8, 3.3646146027355146e8
1.6069825055928737e8, 2.3589197550497496e8
2.4838098730080315e8, 3.5168744654652965e8
1.4762555212982538e8, 2.1545466659393778e8
1.7783160760357085e8, 3.3098509187637067e8
3.11685205284631e8, 4.0007094776727295e8
1.6937293763044843e8, 3.4352540616389734e8
2.3124625746036395e8, 3.370006690916261e8
4.144528073385221e8, 5.0865124561048067e8
4.6188989245209146e8, 5.329221843386498e8
3.483231694303692e8, 4.5977493764091223e8
1.5376737698000103e8, 2.203879000104646e8
2.700158861215895e8, 3.6227565450248533e8
1.7155563840572456e8, 5.1660070530583656e8
1.1532897321129e8, 2.1354249716118598e8
3.118049118282973e8, 3.820562546469051e8
1.3670948585531098e8, 2.062857464906274e8
1.3084730228493088e8, 3.332941604828388e8
1.8133329196667978e8, 5.555246122616813e8
2.257366853538359e8, 4.641193192436395e8
1.8494826059199402e8, 3.042410487563916e8
1.3018477924082659e8, 3.2687535709366137e8
1.5996775725665733e8, 1.9844192366178128e8
1.362209730579752e8, 1.9930726015925312e8
1.6342612684294996e8, 2.396952649784267e8
4.175399313969948e8, 5.156147744710401e8
1.6635026057613173e8, 4.5825050268713605e8
1.6003911875672737e8, 2.7580855226536727e8
2.801705056175071e8, 3.5704520549324346e8
1.3507048114929846e8, 1.7999818509814164e8
1.4355607311132857e8, 2.843668459076011e8
2.5134717315006498e8, 3.019764232386704e8
1.8451065685827821e8, 2.3943416504417247e8
1.369852628866016e8, 2.1507254689067268e8
4.11007584552605e8, 6.826635258701499e8
2.145982846089848e8, 3.97212765795622e8
1.8813119146114394e8, 5.109769472558151e8
1.3277036850818525e8, 2.3510506169923714e8
4.236267652609205e8, 6.499417821912178e8
2.5473204647662795e8, 5.144076408087791e8
1.8163435297812897e8, 3.5477506246267587e8
2.176260114430695e8, 7.462344695649208e8
1.416104033889078e8, 2.7573754690721965e8
1.5709129864410096e8, 4.4346138727040565e8
2.6130614729723948e8, 2.993023548969812e8
1.526039689221962e8, 2.1383931920096192e8
1.7484078401027018e8, 3.846570260353276e8
1.718823181677151e8, 3.259057786381437e8
3.6527759124873173e8, 4.346246011596196e8
1.2850798038642077e8, 3.1581409684994036e8
2.929826411795782e8, 4.510360188583276e8
1.3913756762958717e8, 3.837777761714535e8
2.059015122453538e8, 4.865202580030739e8
1.2429402107054025e8, 1.859655318453312e8
1.4394272065034804e8, 2.1557085238681003e8
2.4393311165917954e8, 3.204000472781282e8
1.457973697990762e8, 2.209618488665432e8
1.7781458765305954e8, 2.3642314095058694e8
1.3411303127122143e8, 1.817601475685276e8
2.1736731845983988e8, 6.584299585711659e8
2.5392022445884696e8, 4.1558118725764525e8
1.3913881000733843e8, 6.04664634255613e8
2.57444865339394e8, 3.8868976976707655e8
1.974849490867893e8, 5.645239257253159e8
1.2918915515553051e8, 2.5109117996568993e8
2.330999608685126e8, 6.371222296984074e8
1.4858587860972363e8, 2.2008047565698808e8
1.529167249854919e8, 3.249464669384416e8
3.910362331801293e8, 6.219469798433019e8
1.5578156904360172e8, 3.0873018595922774e8
1.7753244076846272e8, 3.192952854404134e8
2.1040348825519896e8, 2.835592864646004e8
1.7902746849736637e8, 2.3401197976346195e8
1.4507251272272956e8, 2.219632444031528e8
1.5267451848845926e8, 4.9027025523750716e8
1.642483735697868e8, 2.824070076876342e8
4.1909707080494225e8, 4.8483004807375675e8
1.3608375411243582e8, 2.1323408628810638e8
2.6720253806246182e8, 5.625972781723816e8
6.016220101173306e8, 7.879145133717871e8
1.4209974222258157e8, 2.751934715370856e8
1.728998244266729e8, 3.955859654944706e8
1.1980386475999272e8, 2.0527292938258737e8
1.929366244930832e8, 2.8911020816893643e8
2.3414187142501584e8, 3.218939934755933e8
1.3376118644548017e8, 2.3306755500364888e8
2.124316474450431e8, 2.8290987915468556e8
1.340969964054029e8, 2.98407694531023e8
2.7056965907351726e8, 5.825085070698106e8
1.1249125300662777e8, 1.5332758077451107e8
1.6563498270592457e8, 2.6650061267774808e8
2.6017573694219705e8, 3.9706645487901205e8
3.866179392937574e8, 5.0071444051736414e8
2.833315035537429e8, 3.1848501671033615e8
2.113643687698272e8, 3.913972211233786e8
2.367281965716491e8, 2.9581424498944634e8
1.7044878032145035e8, 2.4155143469886374e8
4.2079128164023757e8, 5.852493583928285e8
1.8446926555784118e8, 2.5708622723671722e8
2.6363162570225307e8, 4.885365858454438e8
1.838695527508472e8, 2.5605879095001605e8
2.2820444941906738e8, 5.47125558394148e8
1.3811768000564215e8, 2.5701620735484076e8
1.7210461554832217e8, 2.17552800615121e8
1.578578664788289e8, 2.5481298776411694e8
1.530281926373962e8, 2.269045375667336e8
2.0466147649386317e8, 3.095093250637673e8
1.359828506032103e8, 2.264269656818729e8
1.350802550107096e8, 3.1854220132136124e8
2.582248788818102e8, 3.800085814348679e8
1.7053300995922855e8, 3.7997713088316333e8
1.2727845385959893e8, 1.754409432245965e8
3.148756893314631e8, 6.367063636938292e8
1.8583954806711674e8, 3.2072882131211257e8
1.33661384763578e8, 2.789915954826556e8
1.4516312436535746e8, 2.3807821017588863e8
1.5155327071169376e8, 2.4649795222888312e8
1.3608525829583156e8, 2.1015910997564718e8
1.5320733706691614e8, 2.4348615354847935e8
1.9994079918839675e8, 3.137339294557896e8
2.8708283364692336e8, 3.64395099029721e8
2.895745088404312e8, 4.738693328703397e8
1.2668313041476591e8, 3.1571700275485027e8
1.731613543634867e8, 2.365056068613806e8
2.1745153925483295e8, 3.5077198580838233e8
4.0090411080898404e8, 4.337078576589577e8
4.421370972441414e8, 5.182215838662579e8
2.2641456701836434e8, 3.3136607903901005e8
1.5038449822619572e8, 2.2894028445944312e8
1.4020486321189305e8, 2.465605687810935e8
3.586422749456516e8, 4.344893498628186e8
1.544550288200529e8, 3.611396778082255e8
2.073647410658526e8, 4.126839456052953e8
2.808998395427452e8, 3.855279050966132e8
1.1775760187773706e8, 1.6281348788500437e8
2.750946926646876e8, 3.39002274226858e8
1.174754983889257e8, 2.572593902131516e8
1.458384426144393e8, 2.3315029985661685e8
1.589841747426772e8, 4.3170243869143397e8
1.2857820816753641e8, 1.986782308089317e8
1.520135488058731e8, 2.1654651084405902e8
3.621152125796176e8, 5.301501631065984e8
1.2764043121482944e8, 3.189873032144175e8
1.791483656568006e8, 3.2514143701180166e8
1.3099171051327921e8, 1.6501477825730717e8
1.6063608584410465e8, 2.7898334967139965e8
1.3623679241461167e8, 2.4907631630305055e8
1.4807545078255785e8, 3.250205233345765e8
1.4873550971557832e8, 2.0882868919113627e8
2.545332887401869e8, 3.291495200099336e8
3.838199163993827e8, 5.32309696408819e8
4.241463386096643e8, 6.480294697293109e8
2.181833201129728e8, 4.8892677337509555e8
1.710848264746087e8, 3.1857559558011514e8
1.3203667937855414e8, 1.922800534022043e8
1.4327880021679273e8, 2.130386376630339e8
2.0143606368184593e8, 2.6039126670547026e8
1.374193467415243e8, 2.0528396313723373e8
2.6676763657204205e8, 3.0086866109802735e8
1.7222164805211505e8, 3.603732088914761e8
2.3990161215523413e8, 4.6838921589683104e8
1.559700948887502e8, 3.709881526563117e8
2.4822711920888355e8, 3.9028763091034347e8
1.4725070224012467e8, 2.2892529852871054e8
2.308664412396119e8, 4.7003755422459376e8
1.2308986312848523e8, 1.7717032644978076e8
1.9842412177976727e8, 3.6299026021912384e8
1.501714391097786e8, 2.2902436896482036e8
1.551591895632889e8, 2.266568736781755e8
1.5968313964038244e8, 2.10088919412191e8
2.743524636419117e8, 4.0732245259365857e8
1.660736909893296e8, 2.8459714857447946e8
2.2658380450269082e8, 4.8111464493099004e8
1.7831283821307865e8, 4.03631334141089e8
1.656748294038321e8, 2.2750823883361933e8
2.584331695042904e8, 4.9137948850405407e8
1.4037280976652184e8, 2.582361413765424e8
2.1018772798571265e8, 3.0976219007554173e8
1.9264133486353263e8, 2.476848207302955e8
1.9398059894034153e8, 3.122706240012522e8
1.643358533228283e8, 2.6250237534622273e8
3.2835064834283197e8, 3.982994524766906e8
2.5034840326118872e8, 4.107655902980338e8
1.2863666943898992e8, 1.9813501068888423e8
2.0779298763653722e8, 3.705744795756884e8
1.9208528396460643e8, 4.179832863011115e8
2.4117921713897666e8, 3.8221840814168644e8
3.70752276315128e8, 4.444358869778841e8
1.791478184782599e8, 3.279477094625905e8
1.955491910934359e8, 6.06582481676598e8
2.7106357352697694e8, 3.83766950878366e8
1.956062269187135e8, 2.6285318296304953e8
1.9973813630023637e8, 2.6742065657156387e8
2.1364693633710518e8, 4.28685971718266e8
1.573040843120282e8, 2.2509642613875258e8
3.208038027245354e8, 4.1507116661892736e8
1.9931588428735417e8, 2.7041756217422634e8
8.597239731201615e8, 9.513681115416563e8
3.2033605104596436e8, 3.705395659568322e8
2.4277650939981836e8, 5.365399531951549e8
1.7700815878982162e8, 3.386399344830174e8
1.886025640961925e8, 2.931394031752949e8
1.8365210235937837e8, 5.136714061993378e8
2.5840847326418144e8, 3.1162386146275663e8
2.996582118699925e8, 3.65445572066705e8
1.9452359698988968e8, 3.731774066730869e8
2.6073225165838942e8, 5.337577237119225e8
1.6980738532380918e8, 3.09418786793867e8
1.5662147855822134e8, 2.419540661018233e8
1.898781030870705e8, 2.9498143956050605e8
1.6812712363823617e8, 3.636981536219633e8
1.441084952786629e8, 5.353277808429213e8
1.2341720423210356e8, 1.8432009795354682e8
1.318336460000844e8, 2.773116562907041e8
1.1970683554964706e8, 1.7680936043414864e8
1.5567160285757062e8, 2.2189167354158732e8
4.340410247754626e8, 6.402925849863095e8
2.3337462435780403e8, 4.0570346084729135e8
2.4706229512525272e8, 3.605867404606502e8
1.7184223154239208e8, 2.1870858858748704e8
1.232682568284183e8, 2.1442253098478007e8
3.3943007950019675e8, 4.479583809745466e8
1.2668392992928936e8, 1.744271466470537e8
1.0758127101515816e8, 2.1708103761242357e8
1.682349896666081e8, 2.939832775081086e8
1.5102525915320185e8, 1.9668378528587517e8
1.5066990141672024e8, 4.8218327034662557e8
1.8518475251027697e8, 2.765532919197782e8
1.0371640807930553e8, 2.146738336758105e8
1.3335924309313565e8, 2.162916819639092e8
2.0247834396300656e8, 2.772729126723309e8
1.8288926160761407e8, 3.027303919899995e8
1.1339616363964398e8, 1.7813074460861233e8
2.0255342910599428e8, 2.925409416309355e8
7.553508864647175e8, 8.203832262000415e8
2.811960951074386e8, 6.372811173646854e8
1.6258008661942512e8, 2.3527147951172534e8
4.587735684685542e8, 5.203744440024501e8
1.5141503812020233e8, 2.824312049516065e8
2.884831748332061e8, 4.490766760174336e8
4.7471546721355903e8, 5.818370690128653e8
1.9325577478713816e8, 2.610602165414913e8
1.2973012546753617e8, 2.4451991962761426e8
2.4922528401463127e8, 3.9714192765914524e8
2.4854889552726868e8, 4.0219455259159267e8
1.45034744130105e8, 4.654457080389777e8
1.3809276203593066e8, 3.645982342565984e8
1.6026108771092325e8, 4.1580744205776626e8
1.9718320414863887e8, 3.302725860605004e8
1.2848852099668886e8, 2.381901607855724e8
1.9536393698009166e8, 2.926820403825662e8
1.9281735101386052e8, 3.0033601467477465e8
3.5516886192906237e8, 4.23882246766487e8
3.6005270477080125e8, 5.831879970360355e8
1.3500520552263114e8, 2.2140091277384508e8
1.5265352001949784e8, 2.7307690101432526e8
1.9807190005122966e8, 3.301921066805026e8
1.9305945732686773e8, 4.278328023513179e8
2.2801675429881886e8, 2.954620389248201e8
1.785501536518427e8, 2.3105823658839443e8
2.5932987677066547e8, 3.8060515703264153e8
1.8604928875716904e8, 2.3617849767776418e8
2.779741370241247e8, 3.4468875967282915e8
1.8166223790939277e8, 4.102086998190469e8
1.6568000673336315e8, 2.3752723368498576e8
2.195518414229294e8, 2.821428109362822e8
1.6243954647621158e8, 2.3247147537673506e8
1.7483441947633752e8, 2.842810639668667e8
2.7491168285666466e8, 3.2419590205077267e8
2.727636725145102e8, 3.516258529047257e8
1.391503947992869e8, 2.7225899123404425e8
2.684166456067684e8, 3.354887425647041e8
3.824561989714746e8, 5.0417551253935194e8
1.6165729650736183e8, 2.1827098281337517e8
1.5117412604726595e8, 2.0658117982802454e8
1.188875729413475e8, 2.3960274280701914e8
1.819065493768967e8, 2.954555574803708e8
1.3201293176067083e8, 3.5530400561685026e8
2.933807059848463e8, 3.6803228400154513e8
1.4635798521200967e8, 2.416423294515382e8
1.4901884194555226e8, 5.146368996820044e8
1.1932753471267207e8, 6.079236054213643e8
1.4333103193281338e8, 2.3009067975213563e8
2.4877112163814384e8, 3.9683351185394806e8
1.2509126911259018e8, 2.0109515423563966e8
1.4305154400844502e8, 2.2626890083926737e8
2.3369586171729097e8, 3.010186627002781e8
2.090978797660534e8, 2.8988070132547355e8
1.5504500220678958e8, 2.1595069602770293e8
2.1261667278291124e8, 5.706743565000473e8
2.163512986480924e8, 3.4667942049718595e8
1.472329665713073e8, 4.4194137282341063e8
1.6380620441061848e8, 2.317739104025067e8
2.1860768854646552e8, 4.81539436980355e8
1.6203683134996215e8, 2.2292243724250317e8
1.9818454503924227e8, 2.6215933573516542e8
1.5030149282798705e8, 2.1917603455439776e8
1.5899829498127714e8, 2.6869214191048753e8
3.8403284645697856e8, 4.963094511059862e8
1.7777167994977283e8, 3.2156812065960556e8
1.2277786829706949e8, 1.7570313864718238e8
2.4930750393638098e8, 3.785018201096339e8
1.990759267202534e8, 4.074033115647874e8
1.4346708449553388e8, 3.055571109128944e8
1.5861723755804232e8, 3.173699308005651e8
1.6605933060955834e8, 3.425631732170722e8
3.7758901330842614e8, 4.5491982850889057e8
4.0360232998671085e8, 6.766569326599823e8
1.8177797302422002e8, 2.6028899755385217e8
2.4995876338290012e8, 4.4066879363890606e8
1.5235771213133085e8, 2.1834086757598358e8
1.4341682092945474e8, 3.696158412598529e8
1.3316035842174885e8, 3.2545567417345613e8
4.541332639166909e8, 5.768286063792605e8
1.4408010383926538e8, 2.1664990921390453e8
2.1753115426369473e8, 3.049672476384695e8
4.0749560890886366e8, 5.881845381951857e8
2.082751851022929e8, 4.791572881318501e8
1.9230527520981348e8, 2.4857020952932125e8
1.5450968422393483e8, 2.0056922518403894e8
2.4904109176963112e8, 6.76949584049435e8
2.9657999987960887e8, 4.575685942091833e8
2.2803259291616482e8, 4.7034006282161343e8
1.247381162308894e8, 2.014579472656078e8
6.454936052858868e8, 7.659481449458236e8
2.4954553877768055e8, 5.530701382037783e8
2.1468451057835e8, 2.968204356672129e8
2.7784679143769616e8, 3.510576669384996e8
1.5912799837719628e8, 2.6775999748891848e8
5.846655321389451e8, 6.523573413504126e8
1.3252644385200375e8, 3.5508200656778854e8
1.5235622274215057e8, 2.7770412202948034e8
4.5111410055321425e8, 5.509450794998584e8
1.9787351315394554e8, 4.1979472114165807e8
4.266526114490221e8, 6.136507088887835e8
1.7114673068736884e8, 3.28617742023277e8
1.1450493803646247e8, 2.1598685620474547e8
1.266710689625258e8, 2.5978309721681765e8
1.501530727741151e8, 3.398307182696208e8
1.7389504517403454e8, 2.912241163783233e8
3.3909230206094944e8, 5.970881470677793e8
5.150406253724325e8, 5.968638651317927e8
1.900688769036691e8, 4.2467887688985825e8
2.9620638081076515e8, 3.714775202045759e8
2.1632502900266346e8, 2.8530041966663575e8
1.3802058989385283e8, 3.905046539487366e8
2.846539011836554e8, 4.4408983244362e8
2.115162659224918e8, 2.7503866359191114e8
1.1026026590862608e8, 3.353709285585361e8
2.2324846561867213e8, 3.186986487883642e8
1.3445059533371127e8, 2.209872642991788e8
3.399540008158105e8, 4.692863401563003e8
2.0066407421756387e8, 3.1068699178796977e8
1.6097615607609147e8, 3.0410019879273397e8
1.394827418715609e8, 2.4264928459695432e8
1.0583343982696028e8, 1.9554610225231412e8
2.202291461435533e8, 3.358642117769651e8
1.711648421577809e8, 2.6891043997331214e8
5.002199541990142e8, 8.424516141108924e8
1.7385717442977065e8, 4.460184745672525e8
1.5398069281475458e8, 2.1761142917577994e8
1.7430500039062905e8, 4.754566394436137e8
2.6501154561657313e8, 3.611131200102068e8
6.154869025216585e8, 6.70225458462116e8
2.3329255617450717e8, 3.856749572033834e8
1.999469988957201e8, 3.401608030538988e8
1.655244612545936e8, 2.9200415273098236e8
1.3508252994535583e8, 3.5061990098865336e8
2.2147829941580003e8, 3.2321298900928247e8
1.9668575065487686e8, 2.4964616966872376e8
1.1030456155482407e8, 1.6529901288883838e8
1.542882041783291e8, 2.7136461728503406e8
1.5001605756976587e8, 2.5603581209463093e8
2.491341995090175e8, 4.515601778452996e8
1.7675016689654422e8, 2.2617088440421245e8
1.5749624782085186e8, 3.0692648491173786e8
1.654378383766721e8, 3.4727295140578306e8
1.7471603309237093e8, 2.8943891509675604e8
1.6559542138517725e8, 2.3857994851772588e8
1.5412244285405532e8, 4.506001974887858e8
2.3671573305805746e8, 3.2439937725663966e8
2.2399578400435954e8, 3.130769099302958e8
1.403229931681817e8, 5.497239118425262e8
1.6658915110840893e8, 3.775515589648134e8
2.733024091827646e8, 3.5298793848640114e8
1.2619916986868942e8, 2.254480229728054e8
1.0022891429692914e8, 2.4964482087469935e8
2.961338679546041e8, 6.810251858577534e8
5.768155587627435e8, 6.435582196259538e8
1.508787699923177e8, 3.86439371046752e8
1.5354873328408155e8, 2.2356424394543704e8
2.793825326503055e8, 4.42585506288786e8
2.224046455940644e8, 3.3336337329040194e8
1.5089995128486824e8, 2.693407652576146e8
2.313355155949145e8, 3.6710440184644955e8
1.9064824186720285e8, 5.215423741485373e8
1.688434904735188e8, 2.7578379131668085e8
1.4117676765875113e8, 2.9729989915957135e8
1.502559647802722e8, 2.4074934653475776e8
2.289761095905775e8, 4.069348336676525e8
2.003347637057505e8, 2.755889636376747e8
1.4744097256506276e8, 2.3256891488783592e8
1.305628871886577e8, 2.0254515036902106e8
1.211648536509991e8, 2.374221231114652e8
1.1585690899717335e8, 1.9950883162040982e8
1.855856169949945e8, 3.3326572172222906e8
1.5283222480069926e8, 2.2885146712952864e8
3.4304757942314136e8, 5.0981854792494756e8
1.5530208287694043e8, 3.41494186562049e8
2.5988142266832948e8, 4.075945293102995e8
1.2238709604122804e8, 1.9501694011888644e8
1.8927077004040098e8, 2.4073122367358184e8
3.199716385009003e8, 4.055091655328529e8
5.0808743921059495e8, 5.810880595779406e8
3.529541435732542e8, 4.575324404774569e8
1.5215891508566853e8, 2.9891090122965014e8
2.1039815599385563e8, 3.9019883093544674e8
1.650901284196314e8, 2.712324078697509e8
1.6247974020891008e8, 2.185663412098592e8
1.412191633053454e8, 3.0989631065317374e8
1.3066291865047137e8, 2.3816220357813418e8
1.6329157283989048e8, 2.1865831763533747e8
1.4347710406318083e8, 3.216566019682679e8
2.4790900447548717e8, 3.231219692931607e8
2.347351084764003e8, 5.225515527987739e8
1.8831687023396793e8, 5.42319500107692e8
1.4841513801710293e8, 3.570721922166534e8
1.6521130843627274e8, 2.732992927950438e8
1.6867104883479777e8, 2.95968168474056e8
1.361840591464072e8, 1.941368341855869e8
1.4033497737556815e8, 2.035319316477732e8
4.585271144653759e8, 5.1825654099264586e8
1.3206718263934143e8, 5.239637671900125e8
1.2872044937490907e8, 2.288840083520368e8
1.2896903038709433e8, 2.0831709558926377e8
1.8600686663180155e8, 2.670203968437474e8
1.4259837074089488e8, 1.9740965962396348e8
1.175471889949694e8, 1.962014869854312e8
4.239555849469711e8, 6.011919546919498e8
1.7175263014733824e8, 5.58691300741649e8
1.3305958617606784e8, 3.1191695571542895e8
1.7458992125389296e8, 4.031588894584135e8
1.829924363377839e8, 2.2833030980607957e8
1.2804054104346023e8, 3.4913189780784816e8
1.6297129565425676e8, 2.4859501720254168e8
1.817113715112478e8, 4.9430711719681156e8
1.666446918918636e8, 3.785182653628441e8
1.522636392411626e8, 2.3933924820580053e8
1.5809478222122818e8, 2.0465020351509973e8
4.629073971731036e8, 6.134910138726456e8
1.0849189900166705e8, 2.418628281626608e8
1.666063290941032e8, 2.272917390537292e8
1.9430968474450272e8, 2.9882598561639935e8
1.8293586327279094e8, 3.61344097398866e8
2.0615366310038665e8, 2.869099059144773e8
1.6104547293975598e8, 2.358381710609514e8
2.6176728725453433e8, 3.835794376385845e8
4.6807152070890164e8, 9.118250556757174e8
1.4445503343802506e8, 4.326315933543484e8
5.714936028156677e8, 6.670451657955292e8
1.851493037045085e8, 2.8803112102934074e8
1.5967625244976634e8, 2.576731202575758e8
8.571402892953977e7, 4.3485600105555546e8
1.37782233264748e8, 2.425207431914426e8
2.232415170525673e8, 3.677296912788156e8
2.1269971341605908e8, 2.984595983926905e8
2.2910513068300274e8, 2.8626408003856635e8
1.2634603250773953e8, 2.552480280546248e8
3.959413513337929e8, 6.171391459937398e8
3.0552110370611095e8, 4.010788010892011e8
1.843035565910662e8, 2.9988449049872285e8
1.4891038547532234e8, 2.4375271070254168e8
1.633790686837171e8, 2.088616143561004e8
1.955996212795011e8, 4.1742013065255225e8
3.6569848640748405e8, 4.23627926857259e8
3.599079795814263e8, 5.59493305998026e8
4.7259450509335256e8, 5.675232662289834e8
1.5960089172642615e8, 2.7516356835290194e8
1.6829963959885773e8, 2.6355153868915743e8
1.16495103623171e8, 1.6729842072358814e8
6.187404205684203e8, 7.130490909406388e8
1.4822538524818775e8, 2.888881058146217e8
1.3285521867626943e8, 3.303978372808509e8
1.68102936345673e8, 4.106307275178622e8
1.4257713897589585e8, 2.2410549878959277e8
4.4133236310721236e8, 5.455754581872578e8
2.241865579998142e8, 4.6580359412580824e8
2.4764618752858305e8, 2.992275754103396e8
1.4495240379128325e8, 2.6567217994911242e8
1.7235729254943612e8, 2.8271269131753486e8
1.6364621329581055e8, 3.146498673259392e8
1.874944539511114e8, 2.6560244885500243e8
1.8168913810918605e8, 3.96575916580583e8
1.2501002386497924e8, 1.737044973178981e8
2.3499799922443452e8, 3.241986460653447e8
4.6739061212914574e8, 6.570255941033397e8
1.7433513845041025e8, 3.396175158489317e8
1.2625751894804448e8, 3.161940759475982e8
2.821994895935622e8, 3.9219289884883887e8
1.4355254345662355e8, 2.349604594395664e8
2.7507240287009984e8, 3.194709789400451e8
1.6371916103041932e8, 3.311362038945426e8
2.0368425934503177e8, 2.8879799599302e8
2.949262177809011e8, 3.7648722059946465e8
2.80090756673501e8, 4.3828588097302586e8
2.1133353676729754e8, 3.284309669201067e8
1.8685774190109307e8, 2.6079953339789134e8
1.5297553912822023e8, 2.2479320262127486e8
1.3713485110077828e8, 2.7525040404198956e8
1.540400848488415e8, 1.858804663144053e8
2.3078209381989226e8, 3.8257830723714316e8
1.7067738098336172e8, 2.7616922424031645e8
1.55024897642715e8, 2.4224160316554457e8
1.291557472252905e8, 2.030206031912553e8
4.9773860304442924e8, 5.799988243138323e8
1.604882276549726e8, 2.4138761706059894e8
2.531359931782976e8, 5.366536342921343e8
1.1620091086408767e8, 1.7570981488263872e8
1.5147675941415343e8, 1.9671089653504148e8
1.52883141077725e8, 2.632194570071148e8
1.9673753539272073e8, 3.611744173753858e8
1.3468293744777575e8, 3.422729363267691e8
2.0299180019775146e8, 3.564069291571516e8
5.445091152817013e8, 6.531675143391832e8
1.847389898637332e8, 2.3312336834979954e8
1.3148069931380479e8, 1.975156852652467e8
1.5502033582404327e8, 2.112435658643356e8
1.623644855203961e8, 2.5024086955611208e8
1.7917985203935772e8, 5.0810062530410856e8
2.5559143958295295e8, 3.1155034932532084e8
1.395979395728065e8, 1.9071900097695774e8
4.922015072907912e8, 5.81878579081029e8
1.8275424502000782e8, 2.9255435443020844e8
2.368113726490055e8, 3.545571316180712e8
1.198435849170484e8, 2.1032157943811584e8
2.5722272448844013e8, 3.586925589719661e8
4.738035035081689e8, 7.3710422968026e8
2.7473996069295466e8, 3.6028834103886116e8
2.207515809261342e8, 7.052304971123762e8
1.742919126261448e8, 2.901402131466629e8
1.319417519596978e8, 1.6934999588792703e8
1.5339579445822442e8, 2.5254767362819585e8
1.4341785669176564e8, 2.1764526948822483e8
1.5410960606613258e8, 3.838125261810415e8
9.028540546355408e8, 1.0856182362584298e9
5.104193947121659e8, 7.705978782012455e8
