(1,21113.17)
(2,30054.95)
(3,38001.33)
(4,39804.28)
(5,37963.29)
(6,34060.62)
(7,29005.64)
(8,23582.42)
(9,18091.88)
(10,13239.09)
(11,11025.47)
(12,13014.82)
(13,19459.83)
(14,26485.77)
(15,32296.39)
(16,35440.26)
(17,34499.55)
(18,31334.11)
(19,27390.41)
(20,23351.36)
(21,19735.22)
(22,16143.62)
(23,14655.86)
(24,16922.74)
(25,23002.08)
(26,29384.13)
(27,35281.11)
(28,38389.79)
(29,37751.29)
(30,34406.14)
(31,29858.34)
(32,24923.2)
(33,20001.73)
(34,15618.86)
(35,13997.5)
(36,16601.21)
(37,22524.01)
(38,28427.96)
(39,33833.87)
(40,36628.58)
(41,35872.71)
(42,33330.03)
(43,29455.54)
(44,24744.52)
(45,19605.91)
(46,15285.85)
(47,13274.53)
(48,15074.83)
(49,20045.06)
(50,25890.04)
(51,30745.98)
(52,33604.55)
(53,32982.07)
(54,30028.45)
(55,26229.71)
(56,22323.93)
(57,17972.65)
(58,13871.5)
(59,12031.51)
(60,14484.64)
(61,20891.63)
(62,27929.47)
(63,33112.21)
(64,35437.06)
(65,34386.22)
(66,31281.42)
(67,27568.25)
(68,23310.12)
(69,18947.37)
(70,14960.53)
(71,13277.65)
(72,15975.66)
(73,22368.36)
(74,29004.93)
(75,33985.52)
(76,36420.96)
(77,35842.25)
(78,33201.4)
(79,29690.2)
(80,25795.06)
(81,21052.16)
(82,16451.45)
(83,14345.28)
(84,16401.84)
(85,21700.34)
(86,26900.89)
(87,31992.84)
(88,34704.64)
(89,33894.14)
(90,30805.44)
(91,26739.48)
(92,22352.22)
(93,17699.3)
(94,13254.83)
(95,11051.19)
(96,13101.2)
(97,19128.48)
(98,25148.85)
(99,30512.74)
(100,33089.14)
(101,32038.82)
(102,28687.61)
(103,24284.84)
(104,19734.93)
(105,14966.57)
(106,10586.38)
(107,8410.2)
(108,9792.22)
(109,15269.75)
(110,21808.09)
(111,27582.11)
(112,30570.21)
(113,29937.09)
(114,26831.44)
(115,22747.83)
(116,18102.7)
(117,13020.75)
(118,8183.17)
(119,4358.92)
(120,5392.81)
###################
(1,21113.17)
(2,22103.77)
(3,22134.51)
(4,21521.36)
(5,17455.31)
(6,13213.34)
(7,7009.61)
(8,1307.83)
(9,0.0)
(10,0.0)
(11,0.0)
(12,0.0)
(13,845.83)
(14,3486.61)
(15,4701.56)
(16,7543.69)
(17,6169.34)
(18,2651.85)
(19,271.32)
(20,0.0)
(21,0.0)
(22,0.0)
(23,0.0)
(24,0.0)
(25,1839.99)
(26,5101.71)
(27,9067.95)
(28,11512.2)
(29,10707.69)
(30,7913.85)
(31,3513.02)
(32,0.0)
(33,0.0)
(34,0.0)
(35,0.0)
(36,0.0)
(37,1350.67)
(38,4154.41)
(39,7391.87)
(40,9232.8)
(41,8469.29)
(42,5802.66)
(43,2829.73)
(44,321.31)
(45,0.0)
(46,0.0)
(47,0.0)
(48,0.0)
(49,135.59)
(50,1336.7)
(51,1730.94)
(52,3189.25)
(53,2098.44)
(54,0.0)
(55,0.0)
(56,0.0)
(57,0.0)
(58,0.0)
(59,0.0)
(60,0.0)
(61,815.96)
(62,2994.89)
(63,3904.1)
(64,4283.74)
(65,3219.19)
(66,768.21)
(67,159.79)
(68,0.0)
(69,0.0)
(70,0.0)
(71,0.0)
(72,0.0)
(73,987.91)
(74,3569.0)
(75,5979.36)
(76,7230.96)
(77,6393.07)
(78,3259.26)
(79,1591.96)
(80,321.68)
(81,0.0)
(82,0.0)
(83,0.0)
(84,0.0)
(85,489.79)
(86,2211.5)
(87,4841.04)
(88,7198.3)
(89,6186.01)
(90,3606.26)
(91,1819.39)
(92,1117.14)
(93,0.0)
(94,0.0)
(95,0.0)
(96,0.0)
(97,793.55)
(98,2499.88)
(99,4020.81)
(100,5518.56)
(101,5774.43)
(102,4334.44)
(103,2408.11)
(104,1111.65)
(105,0.0)
(106,0.0)
(107,0.0)
(108,0.0)
(109,1460.12)
(110,3841.08)
(111,6574.87)
(112,8888.27)
(113,8880.43)
(114,7643.09)
(115,5787.55)
(116,3296.65)
(117,659.55)
(118,0.0)
(119,0.0)
(120,0.0)
###################
(1,21113.17)
(2,38888.49)
(3,51806.1)
(4,51806.1)
(5,51806.1)
(6,50533.47)
(7,47072.54)
(8,42893.23)
(9,37958.2)
(10,33238.57)
(11,32424.38)
(12,38071.6)
(13,47262.9)
(14,51806.1)
(15,51806.1)
(16,51806.1)
(17,51806.1)
(18,51806.1)
(19,49973.5)
(20,47005.2)
(21,44372.87)
(22,40960.33)
(23,40234.77)
(24,46285.2)
(25,51806.1)
(26,51806.1)
(27,51806.1)
(28,51806.1)
(29,51806.1)
(30,51806.1)
(31,48853.86)
(32,45759.64)
(33,41916.3)
(34,37720.83)
(35,37446.57)
(36,43474.31)
(37,51806.1)
(38,51806.1)
(39,51806.1)
(40,51806.1)
(41,51806.1)
(42,51806.1)
(43,49269.57)
(44,45683.28)
(45,41351.41)
(46,37394.57)
(47,37825.26)
(48,42946.39)
(49,51806.1)
(50,51806.1)
(51,51806.1)
(52,51806.1)
(53,51806.1)
(54,51806.1)
(55,48736.38)
(56,45014.54)
(57,40301.27)
(58,36030.31)
(59,35956.05)
(60,42088.92)
(61,51806.1)
(62,51806.1)
(63,51806.1)
(64,51806.1)
(65,51806.1)
(66,51806.1)
(67,49666.34)
(68,45982.55)
(69,41705.31)
(70,37662.66)
(71,37571.74)
(72,44372.96)
(73,51806.1)
(74,51806.1)
(75,51806.1)
(76,51806.1)
(77,51806.1)
(78,51806.1)
(79,48766.74)
(80,45107.29)
(81,40161.29)
(82,35504.74)
(83,34994.28)
(84,40579.18)
(85,49837.18)
(86,51806.1)
(87,51806.1)
(88,51806.1)
(89,51806.1)
(90,51806.1)
(91,48197.5)
(92,43981.26)
(93,39032.33)
(94,34348.5)
(95,33925.0)
(96,39374.61)
(97,50267.86)
(98,51806.1)
(99,51806.1)
(100,51806.1)
(101,51806.1)
(102,50732.77)
(103,46943.55)
(104,42061.54)
(105,36655.93)
(106,31415.15)
(107,29983.93)
(108,33992.43)
(109,42169.5)
(110,51806.1)
(111,51806.1)
(112,51806.1)
(113,51806.1)
(114,49832.03)
(115,45706.97)
(116,40816.78)
(117,35326.37)
(118,30153.84)
(119,25667.25)
(120,28866.32)
###################
