1.2620707947177564e8, 2.1325547553774902e8
1.4319305229129884e8, 2.2748472171865973e8
1.2395546275749438e8, 1.8165039097432533e8
1.2189877268859735e8, 2.2269446673304024e8
1.7647471307395327e8, 2.103623404903309e8
2.1418054065887672e8, 3.1474316184469426e8
1.1952524426355565e8, 2.079253057694589e8
1.1792536243471485e8, 1.5865566147508752e8
1.178468305375945e8, 4.279579108403012e8
1.1644058717648694e8, 2.40503571664479e8
5.491576389461278e8, 6.38347957888182e8
1.234645462410768e8, 1.6452201993782738e8
1.2667473817032057e8, 2.160382154518745e8
3.9799742390897113e8, 4.975842872244057e8
1.8261837256097126e8, 2.8432210491327167e8
1.5753494713982818e8, 2.2893114738798222e8
1.2687015522314383e8, 1.6638496207531482e8
2.0054023490726584e8, 3.310381975568591e8
1.2749700547507405e8, 1.8474966983905736e8
1.2800777968872185e8, 3.508461510260888e8
1.871941642846532e8, 2.7742956918255186e8
2.649882656858429e8, 3.222795337398019e8
1.1730839532728016e8, 2.3433985854697102e8
1.3252372801599859e8, 2.3685997753290144e8
1.36662965501514e8, 2.0957387096696362e8
1.3243848267489204e8, 1.849013804294327e8
5.187822272631162e8, 5.797642661560688e8
1.818318233605904e8, 2.5778062614831313e8
1.5740144900739503e8, 3.8911150615599346e8
1.6448286343901244e8, 2.2990194095514208e8
1.3018501090248415e8, 2.325620452890874e8
1.4887129560839614e8, 2.4250041999914813e8
1.6193700902116606e8, 4.182447711231595e8
1.6092444262223107e8, 2.1327320034734517e8
1.7514903742382592e8, 2.464326294803602e8
1.6031836391989088e8, 2.742143768948256e8
2.1358382254643723e8, 3.254907133587391e8
2.115263871929182e8, 2.720504619532505e8
1.5789645787377208e8, 2.7052301212600803e8
1.2759578098773591e8, 2.0650390194438982e8
1.403931861165976e8, 2.3864500877936694e8
1.2626008952394564e8, 1.7072545574688682e8
1.8951761585029227e8, 2.4719130750653368e8
1.435306175077434e8, 2.014448926614323e8
2.0498981750617534e8, 2.638729284925457e8
9.397281123558117e7, 1.751449937966986e8
4.256466683607303e8, 5.945680042097828e8
1.4199274443157476e8, 2.031702610059407e8
1.4857738864975062e8, 2.946843127543347e8
1.5949490956231678e8, 2.2243744044362715e8
1.322764592629777e8, 1.6295343400752413e8
1.582926424233992e8, 2.1472301874451792e8
1.6714567613354528e8, 2.2218249188939598e8
2.766429792939938e8, 3.827904503122734e8
7.967931450482923e8, 8.991233600386025e8
1.2450634294673021e8, 1.559129148500337e8
1.5552910239128083e8, 2.840181416374507e8
1.1579897453078698e8, 1.6110280326833144e8
1.6321350813074738e8, 2.1710690286671117e8
1.7057889834801492e8, 2.769221788594433e8
9.766438423471344e7, 1.679316823615475e8
1.3953414286558366e8, 2.467761556790591e8
1.6555487766566306e8, 2.1738448270576096e8
1.9473505230922836e8, 2.261550752590974e8
1.1111455513545078e8, 1.674819777822165e8
4.500203180113652e8, 5.028046305242211e8
1.2927385152711055e8, 1.8369281486550215e8
1.715467058694659e8, 2.5538414330595458e8
1.2534577086794093e8, 2.5118626461857036e8
2.3612773928828326e8, 3.047825013170789e8
4.503758465045368e8, 6.966010537257642e8
1.1768502815919124e8, 2.2682623038526422e8
6.3887073503974386e7, 9.312729553591226e7
1.9705458462740508e8, 2.753329951693526e8
2.2247809128438932e8, 4.916016743070133e8
3.241543996899337e8, 3.9512699210773385e8
2.286485174954182e8, 2.9524753916582894e8
1.5819793134725353e8, 2.2399282218653855e8
2.0746911909375387e8, 2.896481448030084e8
1.5232235642884505e8, 2.523167418288727e8
2.2621640252237797e8, 3.8749406095272785e8
2.8802074497034174e8, 4.7237046369401634e8
1.154247177824593e8, 1.8564356831994376e8
1.3313632250552249e8, 2.370096804928477e8
1.2529576576332687e8, 2.6149341585542288e8
1.4290080118352646e8, 2.4653660138993403e8
1.4124226253907394e8, 3.046670982525045e8
1.941435802909001e8, 2.4538697446824434e8
1.615371758278793e8, 2.768257641175113e8
1.9013635756682307e8, 2.5907846982902294e8
1.3335142124005172e8, 1.9561606217405355e8
1.4746321248807716e8, 2.601232465237604e8
1.071375766557795e8, 2.3307048818004197e8
1.5123513469425082e8, 2.1770594393281403e8
1.9760054264002347e8, 2.74478254994839e8
1.270749638106446e8, 2.140031617403508e8
1.7168115198690957e8, 2.5978769455080664e8
1.2383413573048414e8, 1.6238533430096528e8
2.4041109648994058e8, 4.600942750463656e8
1.0119252722813252e8, 2.3048477068097943e8
2.1412311926609042e8, 2.9327538263927203e8
1.0406824450692484e8, 1.5514982411791772e8
1.633545484010015e8, 2.5289654042532367e8
1.5203792202745e8, 2.0255951963252017e8
1.5400908593114856e8, 2.0837603818140963e8
1.386646309722211e8, 1.9544188456365463e8
1.4212388516070428e8, 3.369118756424325e8
1.3033821168214577e8, 1.9179657028138074e8
1.8948754700390372e8, 2.388605484229205e8
2.5374168720758837e8, 3.583627201698489e8
1.2796186949782138e8, 2.109764353159653e8
3.240883730430786e8, 4.5168137789114255e8
1.4547013005996323e8, 1.9673806790589973e8
1.1222363210858564e8, 1.8139373751507312e8
2.130301757559046e8, 2.775369777152965e8
1.614759383278509e8, 2.3366941394073254e8
3.2575182399989545e8, 4.055949305751185e8
2.7760477932997805e8, 4.469501483995987e8
1.2486960101907325e8, 2.19227169484397e8
1.510858280115184e8, 2.062400223764475e8
2.745815152972035e8, 3.663984887639192e8
2.758575319324266e8, 3.421593019967128e8
3.5965655823599255e8, 4.3011040946638614e8
1.5451550616478726e8, 2.795750964667285e8
1.5793658834666607e8, 1.9808785876104346e8
1.9951498788174298e8, 3.1853571948402166e8
1.6120811211653423e8, 2.5538347813909408e8
1.0041964649070548e8, 1.7143193935422644e8
1.9317995568505797e8, 2.323808083529614e8
1.6722484334714392e8, 2.291103848331479e8
1.8379122453471658e8, 2.3603745741306788e8
1.4064840343765768e8, 1.9206935553431162e8
1.1537742515757175e8, 1.651626222608101e8
1.2610057486295976e8, 1.7151605398528555e8
1.8309627847805294e8, 2.7288796885842025e8
1.797772599788544e8, 2.1989928029054275e8
1.9443314420159575e8, 4.96725275366914e8
1.7603873309888133e8, 2.5007975008420223e8
6.430087537066466e8, 7.138867603363396e8
1.5245183507910106e8, 2.4723558070154423e8
1.4420818855850846e8, 1.9404289813827068e8
3.492319149266085e8, 4.340306043435277e8
1.2219655740456973e8, 2.1535183883684206e8
1.2925184212209821e8, 1.815811356369708e8
1.4914067242844757e8, 3.2867199936078846e8
1.1705435615551168e8, 1.7491098074316394e8
1.9811523607410738e8, 3.479673841024159e8
1.1460709319026925e8, 2.2495509670839858e8
1.7238683681048074e8, 1.9920762037080964e8
1.592963156237513e8, 2.0853859425725362e8
1.1448575023000415e8, 1.8513419214431244e8
3.4096000598434836e8, 3.9306748813534695e8
1.7843028572427076e8, 2.7537668084738034e8
1.3287542318878937e8, 1.9111659444629896e8
1.8409098467947274e8, 2.6010820767161182e8
1.4916934031796762e8, 2.3996401457693493e8
1.576300926808045e8, 2.082919503817616e8
1.271112888644446e8, 1.6857273557202592e8
3.948259230176458e8, 5.019179813395615e8
1.5969364256738156e8, 2.2566875745542386e8
3.7008863019532734e8, 4.5216598644205165e8
1.5692585038634384e8, 2.823410491774038e8
1.4703621205860478e8, 2.0508441510066488e8
1.4881310720426968e8, 2.2293799508616933e8
2.4472089401375204e8, 3.198638307088308e8
1.72965954515533e8, 4.4574558634193385e8
1.181382790258505e8, 1.9289437672982472e8
1.5369085743439475e8, 2.3335187755973336e8
3.636552449677975e8, 4.489243217206188e8
1.2880748742786656e8, 1.9369373709242886e8
1.3404699262145416e8, 3.776281963221277e8
1.4639683159844476e8, 2.069208404903801e8
1.803748642773005e8, 2.1318761725327796e8
1.4916694377002147e8, 2.6146895736997944e8
1.499156068760693e8, 2.468404465245745e8
2.235640864675142e8, 2.78455046902523e8
1.9541525355648494e8, 2.7622148360058546e8
1.3508377641768998e8, 5.208207028706651e8
7.645779406091607e8, 8.228078316148539e8
3.5331792534861344e8, 4.0105883807965565e8
1.4477278405932215e8, 1.9127283055041888e8
3.0845751220774716e8, 3.6442361605051064e8
3.3881223851682824e8, 4.2950753289757216e8
1.379471324422016e8, 2.6362018536785102e8
1.6139435278480762e8, 2.2098918182560748e8
2.0542848369097987e8, 2.841096125837933e8
1.766108090811144e8, 3.0549516021842986e8
2.904005286267933e8, 4.155680300180785e8
1.0800776076229101e8, 1.5324677968463323e8
1.3826930285725167e8, 1.725014115124943e8
1.5002913504709405e8, 2.1437296994867128e8
1.4394866650464478e8, 1.9599681262187883e8
1.3108827982629171e8, 1.8195461295381856e8
2.0052683763455397e8, 3.3864030740752393e8
1.3542605914750597e8, 1.8197153983058912e8
2.830621944260706e8, 3.453755447843036e8
1.7416806896501198e8, 2.256954442215251e8
2.0315911627833018e8, 2.951843646798337e8
3.522318865465273e8, 4.500109442834349e8
2.2893826678022468e8, 3.094266211995619e8
2.9482654215380734e8, 4.01061887498961e8
1.504193322223219e8, 2.330230997787229e8
1.822915534611863e8, 2.3274151306795633e8
1.2822891691172218e8, 1.706308931899917e8
1.4248836227038404e8, 1.7886510438102412e8
1.0289396217776394e8, 1.632540055384221e8
9.088722532039104e7, 2.3256041540623403e8
1.9761881900557002e8, 3.0873362114576364e8
1.2414129902568649e8, 2.786935658553335e8
1.1332000617245424e8, 1.7769831259480533e8
1.3513529306013831e8, 1.743288090464968e8
1.50894701487623e8, 2.378387350856248e8
3.8118572895587355e8, 4.3890897537977725e8
1.5195275247356996e8, 2.9300374491112e8
2.4055889534942806e8, 2.80253021891477e8
1.5448636784170815e8, 2.6134126931127876e8
1.4605612595289463e8, 2.2570658441820192e8
4.9369155100527656e8, 6.005286336790732e8
1.8558476797402713e8, 2.84577340346813e8
1.642434958552072e8, 2.2588972930610257e8
1.8259028973652822e8, 2.6914457288861924e8
1.2368144748933728e8, 1.8714127895031294e8
9.124630181803888e7, 1.7746719175729215e8
2.1840390683120447e8, 2.7772776729060894e8
1.6682470655345076e8, 2.0462145814838424e8
1.1737414815527648e8, 1.709953043892545e8
1.3145696959511393e8, 1.791273092243388e8
1.2879083045336115e8, 2.023553595795193e8
9.956205993096787e7, 1.5531399700454742e8
2.0402390113803077e8, 2.703430625847268e8
7.04113803347829e8, 7.697791781676043e8
1.351389142477045e8, 2.4296679871504036e8
3.5006252895598334e8, 6.78296560556731e8
1.9909798773971596e8, 2.2904719146249372e8
1.591522617024964e8, 3.6584340457818276e8
1.0992043290610325e8, 1.6951846284462e8
2.208774837446727e8, 2.6817549644602963e8
1.756285006653563e8, 2.6412870061166513e8
1.1905895440998745e8, 1.801840015372567e8
2.6633032082671663e8, 3.1736369162130994e8
2.5760506101246846e8, 3.0744669067968696e8
2.0524622976767197e8, 2.988592933844164e8
2.0253557131730467e8, 2.932762814345377e8
2.1075795804831398e8, 2.773910278189072e8
2.6170880934343272e8, 4.171093266764545e8
1.7096859811836803e8, 2.3665712097895014e8
1.5169417943598616e8, 2.1976989714463115e8
1.4924005024333936e8, 2.75692158691935e8
7.382661687415857e8, 7.943545588607888e8
4.949739156728641e8, 5.648337895712947e8
1.2534397228324226e8, 1.786336471339389e8
1.7648967393120226e8, 2.343839524945333e8
1.5970304906278154e8, 2.1985886942462963e8
1.8572389794689718e8, 2.5562468274117765e8
1.666265746606247e8, 2.3681555725503176e8
1.7495420749539104e8, 2.3577831618490326e8
1.5219576306913573e8, 2.18602800804655e8
2.2739588044096026e8, 2.58244021747761e8
1.1228823748778328e8, 1.7909321080210042e8
1.1420723974016854e8, 1.6022176470431396e8
1.576984515156321e8, 2.3626114015504295e8
9.55938873617234e7, 1.387750124707286e8
9.453017662123096e7, 1.535244037862316e8
1.3931563201583052e8, 2.805966638040784e8
1.6055733826538402e8, 1.9966964562999302e8
1.2928027950054422e8, 1.583443597039089e8
1.136081500961228e8, 1.9113036302459812e8
1.5437845306413174e8, 2.3882743079874405e8
1.0266009837011904e8, 1.9177118995011854e8
1.5702507261299402e8, 2.2098935737372184e8
1.5580003430176207e8, 2.3338791874048793e8
9.735298976666638e7, 1.503702521970109e8
1.6151046753158003e8, 2.17687392652496e8
1.8928879931287727e8, 3.284217615959387e8
1.1944542945934562e8, 1.635306855328344e8
1.0417391958779922e8, 1.4969362598732457e8
1.1302802517447974e8, 1.750579008765596e8
1.7481951973000795e8, 2.9273058369090915e8
2.5917258744484088e8, 3.8849598986736184e8
1.7399932708738887e8, 2.2177872197248882e8
9.419295159305441e7, 1.4921368706935763e8
3.4699495091638845e8, 4.465732745075181e8
1.886540143566913e8, 3.764424577652753e8
1.886223283908616e8, 2.6025795213688186e8
1.00076579083044e8, 1.568806779663601e8
2.1375053741299406e8, 3.525395723196334e8
1.6379107357259282e8, 2.6386219068507698e8
8.838934137010862e7, 1.2987478503762752e8
2.5106780342849442e8, 2.991932796644572e8
1.0814279663773896e8, 1.8041099204691795e8
2.003770756324639e8, 2.915635819402385e8
1.6197979364336184e8, 2.048459035838223e8
1.0769590135533097e8, 2.4556092638883984e8
1.5231233432184446e8, 2.2022365299621835e8
3.043679650507118e8, 3.52511391870241e8
2.4174997874631646e8, 3.6919127237881625e8
1.9573291472319332e8, 3.30986186628582e8
1.0729598207227412e8, 1.9113351138104042e8
1.8224629654734486e8, 3.7636364803505427e8
2.6367003843156502e8, 3.22275524319169e8
4.468099682681206e8, 5.446163639314173e8
2.003093821948923e8, 2.7232255595993376e8
1.0960860022586276e8, 2.9263594328608155e8
1.6956640932642007e8, 4.04716311036497e8
1.9043421351374045e8, 2.720780366901449e8
1.4483456250861147e8, 2.2427134755768913e8
1.1163637234623456e8, 2.3942299738260886e8
1.176431632173673e8, 1.893866238922577e8
8.815702389641966e7, 2.5805808639318183e8
3.330271639879069e8, 5.196845969037317e8
1.0862285766832173e8, 2.68644569845723e8
1.3430325854898262e8, 1.815010812231326e8
1.1904783742824265e8, 1.9868749427515683e8
4.385641132583437e8, 5.072967006807073e8
1.4308271063153484e8, 2.4237289810808548e8
1.5249456763578638e8, 3.5249567919129515e8
1.4706655275403515e8, 2.01652122325233e8
1.0295919584871201e8, 1.2852710893425708e8
1.3212131961000627e8, 2.232069096205921e8
1.3028772444309634e8, 2.1695948946496597e8
3.1476352796464074e8, 3.5962701042762816e8
1.824543466537446e8, 2.856126479340737e8
1.430038741263631e8, 2.0780230353398982e8
9.645271317655477e7, 1.6566795598981676e8
1.700387272311933e8, 4.328003319219858e8
1.8617224370429018e8, 2.406809875978613e8
9.278484990583086e7, 2.4678980264420658e8
1.553259412915354e8, 2.097370253492196e8
1.1209458231662676e8, 1.4988084720950034e8
1.5515680016622213e8, 3.0341780932901007e8
1.289412542939953e8, 1.9194835419171387e8
5.1711344632257384e8, 8.906189820750587e8
4.464715135682158e8, 4.901791498246389e8
2.038184281705154e8, 3.1403993874741155e8
1.4343593569874862e8, 2.224811768433505e8
9.665524233382219e7, 1.628411586992671e8
1.7114492090911603e8, 6.603060803546442e8
1.4316816532596213e8, 1.7273775117867604e8
1.6986126163911924e8, 2.4191680954721928e8
1.8560208941051385e8, 5.610069065527829e8
1.3951403764421228e8, 3.179006722763566e8
2.079238583213012e8, 3.0767269862573516e8
2.4008370766817352e8, 7.037744391547648e8
1.3539764636259025e8, 2.456322626575922e8
2.5622289058289596e8, 3.8614153912973356e8
1.3481756596883503e8, 2.399546158622529e8
1.3664852561829993e8, 1.861172860955855e8
2.7249053137008893e8, 3.1905399428593963e8
1.216626238715316e8, 3.463114732851256e8
1.0932296457379504e8, 1.5849199305623457e8
6.108566207807485e8, 6.912065280340564e8
1.3027363831874879e8, 2.0299549018314087e8
1.5370922746812052e8, 1.9030447829990447e8
1.2126441168411686e8, 1.5953210147185358e8
5.710205053833756e8, 6.737769854598484e8
9.779895419473897e7, 1.9867905827060655e8
2.2142621849559402e8, 5.422278896596624e8
2.0375773561340144e8, 5.351113100319497e8
1.185044661115134e8, 1.8562914961333486e8
2.0191457061632013e8, 2.4361432833832654e8
1.051367597965302e8, 1.5996831653883368e8
1.1697849045019105e8, 2.2588254071406555e8
1.5881255679821452e8, 2.4954612412762013e8
1.0916348114641827e8, 1.877709335327344e8
1.2556953570760891e8, 1.973867346692108e8
1.028031829521395e8, 2.1618799087014914e8
3.0901649774885786e8, 3.9679194935483706e8
1.963863779629428e8, 3.342163602351905e8
2.3751950060532546e8, 2.860078294986913e8
1.0250723772473364e8, 2.0397829557000437e8
6.340392112355828e8, 7.129146110538439e8
3.0340381765496784e8, 4.1578007411144966e8
2.1968033680320546e8, 3.241036804438545e8
1.373977583827247e8, 2.75153190795287e8
1.5074966096602553e8, 2.205534097839971e8
1.2886725535520019e8, 1.958459352057406e8
1.3503929542450806e8, 2.3024306727393427e8
1.2044690549863307e8, 2.1604898032284045e8
2.798037868154346e8, 5.475758896108884e8
5.1072495494353145e8, 5.910646446924927e8
1.5421052694452724e8, 2.1435578071799898e8
1.382115580857815e8, 3.0714717050829554e8
1.500574671131744e8, 1.9781092972804126e8
1.4194500883466774e8, 2.1204842362771866e8
3.3913153776357394e8, 5.780899905323831e8
1.9500284247603905e8, 3.471400419601326e8
1.2939428843746924e8, 4.8231531589926165e8
1.6529214078554067e8, 2.146325920716365e8
1.1067443658284594e8, 2.230018366748029e8
1.6211276224714127e8, 2.224935218114295e8
1.5428095566060996e8, 2.5720612415198573e8
1.9149785633350286e8, 2.5820335175185022e8
1.5562290120091608e8, 2.5811574168842223e8
1.8974273138954192e8, 3.766186162610838e8
1.472372389308784e8, 2.010955207530085e8
1.3096203038341674e8, 1.7898926678868052e8
1.5717297385042107e8, 2.0034015786086696e8
1.3267112681218196e8, 2.5319230293323553e8
1.2399947831979692e8, 2.3630423859445918e8
1.5586016611879092e8, 2.3370592887545007e8
1.2406842322655225e8, 2.5352308980842853e8
1.0456642751401642e8, 1.9191252689266685e8
1.4465404928663343e8, 2.0123737788743052e8
1.437969943887259e8, 1.939454954731078e8
1.959964478942895e8, 2.958562103125096e8
1.5662328250570023e8, 2.9003759908658415e8
1.283270748330075e8, 4.319278319021546e8
3.568480235213438e8, 4.593209402073804e8
4.323992657643556e8, 6.473168540840305e8
1.5613607476500306e8, 3.362986794458502e8
2.0680542851622987e8, 2.938216489053127e8
1.3179334533665018e8, 2.9299399768848336e8
1.1619358617179604e8, 1.8648085630682656e8
9.719006476105009e7, 1.8701306995059848e8
1.6608412467076597e8, 2.6106078044032302e8
2.4021683667145365e8, 3.6429310384990525e8
5.489519247978024e8, 8.569571066828697e8
3.4993813357451564e8, 5.0211768423552513e8
1.4121673778354794e8, 1.8402238198005804e8
3.206444341110458e8, 3.9202952540963674e8
2.1498057398057526e8, 2.824390864487702e8
1.1024366422513717e8, 1.7120965955787697e8
1.1578320555431995e8, 1.8686564011177325e8
2.190497624756325e8, 2.992056395183744e8
1.7676313456663653e8, 2.7078249671091485e8
2.797783125160549e8, 3.877376899480632e8
1.5018476201371595e8, 2.2913967771915364e8
1.1730106474243002e8, 1.7214298892432466e8
1.0678709228435057e8, 1.9522420510702708e8
1.1804173471983323e8, 2.075467728391752e8
2.0848649355241746e8, 4.4547876770312977e8
1.675036692456025e8, 2.1592629937929308e8
1.711954256261915e8, 2.5468212606014553e8
1.7720332090254548e8, 2.538286732395267e8
6.354916806586772e8, 7.321418050032884e8
9.208106240178436e7, 1.505173526369029e8
1.251333017871923e8, 1.5778965582201028e8
2.074119428624128e8, 2.8618174086042565e8
1.5878657052802742e8, 2.554766052751525e8
1.4866926080344513e8, 2.3172076933461827e8
2.1802798083599088e8, 2.724282596812546e8
1.3381312114626424e8, 1.8565607423517418e8
1.9794443473895815e8, 2.499525506540985e8
1.4953481870767668e8, 2.260250025792196e8
1.9534941958417395e8, 2.3806025135997725e8
1.1885739463621458e8, 1.6394375443924564e8
1.5040494405051395e8, 3.6052976238907415e8
1.0353997605063204e8, 1.75983268938575e8
1.9545284277229288e8, 2.4841333830860347e8
9.01200594187107e7, 1.4884850879941508e8
1.6119234114199293e8, 2.1446672082172436e8
1.0500828928922874e8, 1.7689868135544038e8
1.4590902822506335e8, 1.997302152816202e8
1.3723043013561964e8, 2.1285421102507326e8
1.3048592481701815e8, 3.326907642380532e8
1.5357824727863517e8, 1.8809810727840877e8
1.2103311783317526e8, 4.058054354846144e8
1.368854068235973e8, 1.845928173598916e8
1.2070914638104597e8, 1.8930630535715258e8
1.2723707558371557e8, 2.1781997686115783e8
2.13644663068159e8, 3.0297004367248434e8
2.751568117482553e8, 4.146789538906217e8
1.769395087582784e8, 5.073586432591217e8
1.4912782296235526e8, 2.2979490831270924e8
1.5473759231056762e8, 2.6449725182964528e8
1.471659288696395e8, 1.8616789306265518e8
1.4550904843570685e8, 2.3209999989243314e8
1.2564615815172286e8, 1.951904055143838e8
1.1904167206795736e8, 1.541566925702186e8
1.3123358420189808e8, 2.1585920756322247e8
2.680012324055773e8, 3.032881395161288e8
1.4445401204240185e8, 2.1479586034203687e8
1.2815606146867585e8, 1.9910572212776965e8
9.999470968381219e7, 2.045141445137474e8
2.7086204997469896e8, 3.163214529692061e8
2.3534801201566947e8, 3.3363132693206406e8
3.9613534378120744e8, 4.664007674165723e8
1.0490949854679982e8, 2.185473995970579e8
2.6596773729040936e8, 5.2128155938918245e8
6.231867660319065e8, 6.814082267307023e8
1.033013303517152e8, 1.9482850504223695e8
1.3078483476233642e8, 3.6199526259765357e8
2.4979345944028962e8, 4.1533869643504846e8
1.5379642668639937e8, 1.9009324653179e8
1.1527903549132022e8, 1.908826418386013e8
1.3570992746752915e8, 1.8491772900132838e8
1.2347437793781032e8, 2.5247906266282225e8
3.133227447793335e8, 4.2253404379037017e8
1.958384873370788e8, 2.7122852855201405e8
9.888424488181612e7, 1.409433059650461e8
1.0961410363949767e8, 2.1975423426638567e8
8.193753367196044e7, 1.389249670270964e8
2.1993760056817126e8, 4.0893438179067e8
1.2935117242168307e8, 1.8042636207544816e8
1.585637660078479e8, 2.3901358593874186e8
1.410692926547257e8, 1.9495255545920193e8
1.4517910949587443e8, 2.482745223709004e8
1.741412811811879e8, 2.4234736320787805e8
1.1727334457974462e8, 1.7146772556234986e8
2.809029383075138e8, 3.544414514774107e8
1.5075387806927893e8, 2.793599401603819e8
2.0307813879897133e8, 3.5139399754717225e8
2.214803692776927e8, 2.808398342370968e8
1.6527056395247528e8, 2.2465027283681053e8
1.0116570821682033e8, 1.7735848752318716e8
1.5135496996327898e8, 1.9898926545719525e8
1.398873606042883e8, 2.275215842174551e8
1.706923661439873e8, 2.2773388948997003e8
1.0393182329121993e8, 1.354217197854515e8
1.1678294713427454e8, 1.8688184901839373e8
2.4920971565800926e8, 3.1166444277518344e8
1.1852089108418126e8, 2.2396728977252778e8
1.2025757607849704e8, 1.5367771288130686e8
1.270027871548965e8, 2.086960148764242e8
1.5575001230439755e8, 2.639759732020411e8
1.074103900107435e8, 3.331379048504888e8
1.930261584105519e8, 2.5966079759114692e8
1.55972718811296e8, 2.048137042960262e8
2.0310175035538626e8, 3.257516083142029e8
1.240061874511709e8, 1.8722506223346266e8
1.750143636033561e8, 2.5579248361570588e8
1.5911075252009284e8, 2.345853953173121e8
1.2074767268199696e8, 1.6889588621681753e8
1.7616412115065223e8, 2.5026386792033905e8
2.0171116246059427e8, 3.135177470189937e8
1.9589819356740022e8, 2.5884060068450707e8
1.7239185582251364e8, 2.147445518053025e8
1.160214147766171e8, 1.9043103684724137e8
1.1649655838171178e8, 1.9494188392883554e8
1.3309192057492997e8, 1.828598342161439e8
1.807728128458059e8, 2.7087698968980706e8
1.3831157376600754e8, 2.2194778803387865e8
1.410864497095839e8, 1.8749141099252233e8
1.1353141833594485e8, 2.3102273477086553e8
1.5281056662271282e8, 2.1819153422829154e8
1.5203598376686868e8, 2.1968799854328424e8
2.229785582619549e8, 2.7096982984916085e8
1.1462946290639019e8, 1.6842785349092957e8
9.783474176393957e7, 2.581851510859258e8
1.5383402743432984e8, 2.701307723039074e8
1.1643506985202643e8, 2.2191954676494983e8
1.2612450342220218e8, 2.2598693412376338e8
2.354227086957591e8, 4.744986185922896e8
1.340311728063245e8, 2.4217508852232406e8
4.3131768664823127e8, 5.640679905914158e8
2.0983841499427986e8, 3.4104427287068135e8
2.789755317402595e8, 3.9872060555387557e8
1.0905209949650908e8, 1.7739114507862565e8
6.970223284476005e8, 7.849860390490826e8
1.5438866020001107e8, 2.1716118605079132e8
1.7147459202352682e8, 4.051645688869288e8
1.4430616915010455e8, 1.9351379775922662e8
1.178596859778634e8, 1.860248249388609e8
2.1141575826976636e8, 3.651394271544313e8
1.2931974808977625e8, 2.33677300835406e8
1.329931621352286e8, 1.9621122863630354e8
1.5523183517914072e8, 3.051894995734864e8
1.3081650394478549e8, 2.0124778350501037e8
1.8549005604824468e8, 2.755754197770683e8
2.3997887688441524e8, 3.7905770344876647e8
2.155682454011823e8, 3.381149236903409e8
9.589133544484842e7, 1.4590586650546503e8
3.5525557585135984e8, 4.1476572829379857e8
2.5231054595826423e8, 3.347704658609808e8
1.2660437784259328e8, 2.627270877081049e8
1.1171259284030107e8, 2.3378742264032486e8
4.0379783909925836e8, 5.3035561727596813e8
9.364154081833822e7, 1.5041844698221523e8
1.9715163583608437e8, 2.607707165018457e8
1.2581174328212392e8, 4.1518896391847694e8
1.331534270316073e8, 1.8605159928457552e8
1.0213985337949121e8, 1.768345954780825e8
1.9142501356194335e8, 2.3754858084252635e8
1.996530882016529e8, 3.1399179857904726e8
1.2550506599894573e8, 1.8970194722768357e8
1.6505045157379627e8, 2.3534969400966492e8
1.6233682974666178e8, 2.3490126806896782e8
1.570612216909993e8, 4.067893219052824e8
2.1242236396279338e8, 3.000867582174537e8
2.1919481924040395e8, 2.7631100419118613e8
1.8653985267462033e8, 2.4399647171079788e8
9.613573197886015e7, 1.5099648761014375e8
2.3935472705341747e8, 3.052022947427427e8
9.751931709271409e7, 1.5299988271725476e8
1.2247022771629621e8, 2.5759851389334524e8
1.2924975728134848e8, 2.2218350715064892e8
2.673826536465273e8, 3.4103195484159154e8
1.4661720152654317e8, 1.7801276079168388e8
9.652863641337682e7, 1.446367342295488e8
1.5715072003773904e8, 2.1512357743774056e8
3.393979780852138e8, 4.0988625468684584e8
1.7509095973281544e8, 2.273391599189565e8
1.5003542245157292e8, 2.145604485812346e8
1.3431317908477148e8, 1.7219127983000535e8
1.4252650525339648e8, 2.2767457361400145e8
2.255253975204001e8, 3.209581126761845e8
2.3734650351905832e8, 4.027314594599714e8
1.2530769129328139e8, 2.2228049847158048e8
1.506728148556567e8, 2.0125392740533218e8
1.581281763573013e8, 2.441709944356749e8
1.649212616068647e8, 2.0240152547214267e8
1.0668456637457089e8, 1.9897732514408383e8
2.003626283417546e8, 2.5276180466906494e8
1.4527009487067991e8, 1.8630798233794847e8
2.6391700625197467e8, 3.0088472806292814e8
1.6055046060488138e8, 3.958386861993462e8
1.9471019333467805e8, 3.452162065008233e8
1.4477131275575167e8, 3.305796996487455e8
1.8104963515016317e8, 3.234954368048831e8
8.88097361459516e7, 1.3889376627072838e8
1.2672427184563546e8, 1.8727824366230857e8
2.6414965998819628e8, 3.518983307400339e8
1.7062013780325443e8, 2.5457526595171446e8
1.4963212111722612e8, 1.9892910786732838e8
4.6911931018374336e8, 5.355371066980066e8
2.2107062856067958e8, 2.63592591472621e8
1.0053524338476653e8, 1.8940723762220758e8
2.712417486513992e8, 3.555112727822326e8
2.741177147531318e8, 4.601216591060359e8
1.4152574288213924e8, 2.2600465333477458e8
2.1823201269501054e8, 2.724109560513842e8
1.402234183534755e8, 2.3674483813211694e8
1.742346040050907e8, 2.4915256842163113e8
1.0549282813991053e8, 1.8089836415114507e8
1.338056679621846e8, 1.9502534597352898e8
1.0606173327612916e8, 1.7482921537700456e8
1.2750252167922977e8, 1.91907910987433e8
3.4912495103997636e8, 4.6686573183746105e8
1.2025095487836926e8, 1.807998627358502e8
1.0913252653993715e8, 1.8515597912643972e8
2.2269616814157054e8, 4.0958943314686406e8
3.6671628892348284e8, 5.953921324190829e8
1.6963779099495324e8, 2.203596452661747e8
2.3518091770476416e8, 2.7282215149036354e8
9.295808247509722e7, 1.6426544469055e8
1.6024084615770346e8, 2.820193275093587e8
1.1442006014628334e8, 1.6696060964735195e8
1.0800854498294227e8, 1.8314864399786866e8
1.4164512252164987e8, 2.0359635699205694e8
1.6965059948658824e8, 2.5048710487084496e8
4.059181144876608e8, 5.181410461262301e8
1.0386791585713637e8, 1.7692966484384966e8
3.9824315078970146e8, 4.549489544263732e8
1.9847822199473163e8, 2.5447405110419518e8
2.4010959063511282e8, 3.052498404779525e8
1.0089462298134099e8, 1.592350840395731e8
2.213598403597167e8, 2.72726113371578e8
9.586857919959508e7, 1.767849081669829e8
1.4878990532878512e8, 1.957948592359874e8
1.2847890872653714e8, 2.1758669882175413e8
9.76163096965276e7, 1.5977756763980982e8
1.671595894578146e8, 2.5884676161490402e8
1.840622781136228e8, 2.65868617154688e8
1.9576020658746496e8, 2.786936471999365e8
1.0382865355945659e8, 1.7075446387422547e8
2.1261247772909498e8, 2.700816462175746e8
1.3899049608004734e8, 2.772345725767094e8
2.003086229603798e8, 2.6456539875813952e8
1.0864962555834872e8, 1.8389114636678255e8
1.3309374429855463e8, 2.277215461118416e8
1.3370514573840512e8, 2.0623200162971762e8
1.7944818528092945e8, 2.910413073672233e8
1.1461110205960661e8, 1.989977699140584e8
3.3439655813602924e8, 4.0722310715668195e8
2.6808084726134616e8, 3.373003674895613e8
1.2702606311167592e8, 1.96940417490729e8
1.5945419241563147e8, 4.218173402185116e8
1.3133383903116867e8, 2.3230322239516157e8
2.1268027148933324e8, 2.921148546413969e8
1.6534149434761027e8, 2.3167759364701602e8
1.4396883033688125e8, 2.4853680010051587e8
1.1602552830064447e8, 2.4195907547293702e8
1.4652314980682445e8, 2.2242076095203725e8
4.535780428916139e8, 6.398293349144874e8
1.5576761484159645e8, 2.9238644465159047e8
8.64748305312274e7, 2.617723461649764e8
6.816782547272897e7, 1.525985511596121e8
1.5121342914106804e8, 2.2135965101331523e8
1.4906738736278826e8, 2.0306039331527737e8
1.0563360446586972e8, 1.780137789281618e8
1.6870254995921984e8, 2.1400244184269464e8
1.3183884707610783e8, 2.6487738029778153e8
1.3878641496079937e8, 2.7149041908353853e8
1.264956351010627e8, 2.5223493350472102e8
1.306206284878616e8, 1.9636664450317997e8
1.2557110312521395e8, 1.8384371230243683e8
4.9929572247139364e8, 6.618053718410566e8
1.2910425971466462e8, 3.999265692692449e8
1.2180113973500828e8, 2.0570704576758248e8
2.2756954827715537e8, 2.8875260395462996e8
1.7918464544947517e8, 2.586358524389149e8
2.945256721212332e8, 3.515304941503538e8
1.5729731514172426e8, 2.298413644364788e8
1.8471193588290274e8, 2.2981594969304052e8
1.4525164962729645e8, 2.310367931599149e8
1.5534366077421382e8, 2.4484882817919797e8
1.7933785649722072e8, 2.3143161054394358e8
1.6373229855428013e8, 2.128441486842968e8
1.5408952486091605e8, 2.0978625002478328e8
1.3156037754565297e8, 2.3139126145511758e8
1.276724427247268e8, 2.1775003433860344e8
1.2854089762128294e8, 1.9582186676007906e8
1.9171078973659575e8, 2.5554996220077306e8
1.2267958262867843e8, 2.4919976442105335e8
1.2604530587716019e8, 2.72776548939053e8
1.58762530780925e8, 2.030580988130907e8
8.579017752106793e7, 1.616065920418837e8
1.7270126481905857e8, 2.5652610887758124e8
1.5231414609963617e8, 4.662089683227339e8
2.0187945325466532e8, 2.886702848310918e8
1.215508579632624e8, 1.8199192903162664e8
1.4460654505279842e8, 3.145819180921954e8
3.065296261194649e8, 4.4976264923905e8
2.288257111292613e8, 2.8402566674970955e8
1.2284733016241787e8, 2.213708603273478e8
1.5351179645102346e8, 2.2866057438391158e8
8.518588660998239e7, 1.734243578502177e8
3.2518398455335975e8, 4.61666407684435e8
1.392381473524195e8, 3.1615025681096745e8
1.70059981940856e8, 2.4078231516829282e8
1.3940285257932723e8, 2.0308586963009396e8
9.691581759239103e7, 1.5459257274627802e8
2.1662626149212205e8, 2.890980492446e8
1.8645499608541077e8, 2.401577982054116e8
1.823987577593799e8, 2.1721490661348197e8
1.586103857289891e8, 2.2335078796403396e8
2.2041916285111538e8, 3.366550465405777e8
1.0319216577456872e8, 1.544648641306921e8
1.441379899142616e8, 1.975185670241919e8
2.2874270622966844e8, 3.0167577015296704e8
1.084429837280089e8, 2.186410879091841e8
1.1656544174806961e8, 1.95780749366471e8
3.9278797352014685e8, 5.413860202717044e8
1.1230413358851795e8, 2.559591809455021e8
2.260600750362904e8, 2.8998026036605126e8
2.7408917278768265e8, 3.445375112842545e8
1.770889688487747e8, 2.476141179477833e8
1.568831820292949e8, 2.6982747899271697e8
2.4054765760218862e8, 3.1577436891753805e8
9.36649780403723e7, 1.3803797900140813e8
1.3765996124360642e8, 2.310427782786567e8
1.1600868951075594e8, 1.8011735923549712e8
3.920997138558453e8, 4.392089003742487e8
1.208070207172026e8, 1.826905494326628e8
1.1704100793568179e8, 1.9703598421772754e8
1.4597113855960006e8, 2.616083976717787e8
1.4921694014858943e8, 2.1624043693729284e8
1.6010713198289958e8, 2.732962191146166e8
1.2403715866931327e8, 1.7487431332665023e8
1.1917420518423413e8, 2.1485265546472245e8
1.6723657963479546e8, 2.787354366009762e8
1.087972958735631e8, 1.6698892432054374e8
1.5871623118611598e8, 2.3664137042539397e8
2.743101797476675e8, 3.498732631704398e8
1.2426405506234553e8, 1.946431043977124e8
3.021275128305327e8, 3.746433439781853e8
8.2061382976478e7, 1.5890649748760277e8
1.4918650349416867e8, 1.8880282924244347e8
3.736792391407061e8, 4.415385313503592e8
1.0553049097374994e8, 1.5364812382299486e8
1.5487909079576844e8, 2.5597486901249978e8
1.4264308088331735e8, 1.9650481271845078e8
1.2648072294537765e8, 2.0121440163424605e8
1.9421171236794117e8, 3.2678679702843094e8
1.1594830713663988e8, 2.801894519297733e8
1.2697888492734525e8, 2.215760522113071e8
1.6273902332356408e8, 2.2122848293780738e8
2.688844839021449e8, 3.686243148737844e8
1.144342737218113e8, 1.6504702510680377e8
1.3860772061138505e8, 2.5451268433455938e8
1.4727344050562763e8, 2.6259344635284552e8
1.1212835753525081e8, 1.9229868949480477e8
1.5644614842628753e8, 2.0197480162655815e8
1.1740940154250489e8, 1.704618405460059e8
4.1689649740306926e8, 4.9731356243298525e8
1.0931742979658838e8, 3.410910708163376e8
1.5105773340862975e8, 2.5726899842410335e8
2.5600127018997276e8, 3.413910774696458e8
1.6566586685289794e8, 1.9564059661940864e8
9.903647469342035e7, 1.8917962693279952e8
3.628896104255026e8, 4.1384709559364474e8
1.4295595057726565e8, 2.463412146835784e8
1.5054649449230573e8, 2.947360812589726e8
3.259911728974502e8, 3.9531258858441526e8
1.1397397220774047e8, 3.897537189938435e8
1.1082723482038577e8, 1.4720514633012152e8
5.49963316279114e8, 7.519044985988585e8
1.2368814112241329e8, 1.842820891620768e8
1.0261683339370088e8, 2.0117596620722818e8
1.2556456024749051e8, 2.3144693942153275e8
2.4730228079003158e8, 3.145712542770093e8
3.058587044912694e8, 5.461400320497767e8
2.1164291398336375e8, 2.879865827014822e8
2.3075756855557442e8, 3.082584336415806e8
1.623442430144657e8, 2.233913794039873e8
1.8053177381454483e8, 2.301166864044834e8
1.933347757871011e8, 3.4179636298870105e8
1.2314516368724498e8, 1.8656400362409842e8
1.0008562975615664e8, 1.6201735165251508e8
1.6692256761728197e8, 2.703728457772017e8
1.5048277068809286e8, 2.6826504920783132e8
1.378568053749362e8, 1.742110850789534e8
1.3483391881810477e8, 1.831782303338571e8
8.745851212963872e7, 1.588017627272299e8
1.0578048957579948e8, 1.9662030969959947e8
2.0751572185533378e8, 4.474291050021518e8
1.3737347902004695e8, 1.86888152876156e8
3.108434828941294e8, 3.905098022468465e8
1.8892639028965986e8, 2.5368420603129888e8
9.853078917780878e7, 1.6029762804035628e8
1.6807601057126382e8, 3.025236148722605e8
1.8133373074254996e8, 3.407202112073233e8
3.0379974079648304e8, 5.229508135485055e8
1.6686382732062998e8, 4.216212827606098e8
5.2259097024057305e8, 5.740356788120171e8
1.5055881185214618e8, 2.15448685288702e8
1.5972388488795486e8, 2.1179214216360128e8
1.5795999298851943e8, 2.2623039999040714e8
2.623003932794175e8, 3.262365816696841e8
1.2040884592177746e8, 5.419119774199806e8
1.498974598374541e8, 2.5642995868634287e8
1.4444048673188362e8, 2.3478382974441794e8
1.7527601011235195e8, 2.3046329313899738e8
2.5861004755507052e8, 3.718791317754517e8
1.5009561546514302e8, 2.2382581139729735e8
1.1850645089735109e8, 2.3015674486500642e8
1.3034169117438643e8, 2.0626387832827437e8
1.530152726404493e8, 2.1600593519020432e8
1.6934009410132965e8, 2.355252357552888e8
1.2288596118817574e8, 1.8544119169857433e8
2.159692440689868e8, 3.206027480535435e8
1.5953317530415246e8, 2.414202504300141e8
1.3747096741172174e8, 3.0260522615422046e8
1.395823041629741e8, 1.9973163457272387e8
1.6827299718395817e8, 3.0144355489202887e8
2.2346848047891867e8, 3.0618539386753917e8
4.0222866450621593e8, 4.8760100232321465e8
1.759654760697112e8, 2.6105427090417552e8
1.392038286727007e8, 2.4087802219659072e8
1.488489574039253e8, 2.0090007938047716e8
1.4809943781403622e8, 2.1488263621518868e8
2.4169647342146397e8, 4.5859042259046155e8
1.1538742692236978e8, 1.755141066406332e8
1.3086383611954078e8, 1.7345020460044518e8
1.5818786765797243e8, 2.1427076391388652e8
1.3017199596695499e8, 1.7264294738868138e8
4.147130060396353e8, 4.7550717096733654e8
1.4968549467962137e8, 2.5968690210854584e8
1.1877974796227033e8, 2.3343781591385818e8
1.5417270936110145e8, 2.7813571092495656e8
1.9539435358502027e8, 2.4911674884701666e8
1.7418918795407102e8, 2.776712536078684e8
1.6916229751997286e8, 2.1688577122092503e8
9.061352570677772e7, 1.7355845782606494e8
1.3702866260699615e8, 1.638919472502607e8
1.6560531717196992e8, 2.2896798168847576e8
1.9588171997285768e8, 3.2953235063844395e8
1.449179680343653e8, 2.3076830549607947e8
1.5497425743734723e8, 2.5674467233302638e8
4.343402490190612e8, 4.8248016529703546e8
1.8036110808040184e8, 2.6580924589184594e8
1.5599249252990952e8, 2.157502686800683e8
2.126970808256287e8, 2.930075643871191e8
2.7012185234971017e8, 3.374419977213903e8
1.4344511678027225e8, 2.2493979716593906e8
1.1894587125295801e8, 1.654980443839891e8
9.015570442282137e7, 1.5342978235144344e8
1.2505994391352731e8, 2.1723799271971545e8
1.2192554030630317e8, 1.7873957851510194e8
1.1101229283408982e8, 1.5368055048806426e8
1.6290071519695547e8, 2.0969314904820603e8
1.924309447539831e8, 2.922051278331158e8
1.3442511189294666e8, 1.8872701122842744e8
1.1256141067606743e8, 1.6496846726958305e8
1.4441519514915988e8, 2.1606518082427725e8
3.970613245338712e8, 4.696802457288893e8
1.4277364141346028e8, 2.3908572257579052e8
1.3457150246243832e8, 1.7829017170390636e8
1.461187747629195e8, 2.915293851354131e8
1.4483295185316014e8, 2.0807245228741825e8
1.5150091191064006e8, 2.1525052378835145e8
8.956318872079037e7, 1.3942124988129982e8
1.401327905018274e8, 2.333846021560833e8
1.3339534734000963e8, 1.991055625569804e8
1.3567764493489942e8, 2.0778749492206323e8
4.7771223517370576e8, 6.169834048234512e8
1.6667707708165306e8, 2.4337226244817346e8
1.6380353439722508e8, 2.373706447366884e8
3.1182143821528035e8, 4.2054419691673297e8
1.1146721684583607e8, 1.8157490481144086e8
1.484648981079457e8, 2.3398930781718603e8
2.5617497628106564e8, 3.437223320938889e8
2.0671932658798012e8, 2.714088910941427e8
1.3408130273450604e8, 2.576492117340472e8
1.5448579952033025e8, 2.0383896110047445e8
9.754380438959678e7, 1.4163293494343352e8
6.17361075030693e7, 1.1490368478187335e8
1.1720640149949168e8, 3.2252052465419656e8
1.8818061772832432e8, 4.5509306635044557e8
3.6664029347884727e8, 5.1050209877381617e8
7.457235280544537e7, 2.145932053677962e8
8.316117279375704e7, 1.5401677996217465e8
1.0845218274137749e8, 2.0896480889844048e8
2.733193623229879e8, 3.525441665054174e8
1.2536925420448436e8, 1.990360399988667e8
2.0853242951554936e8, 3.523297019003828e8
2.5974630889359528e8, 5.584304046649771e8
2.8826010444751066e8, 3.548582003474943e8
2.2262673177968886e8, 2.542630423963571e8
1.8767326652674216e8, 2.7227741837956506e8
1.2475909397495195e8, 2.5289715166624603e8
1.6226348891297376e8, 2.3112400558985305e8
1.6499676308777755e8, 2.566613413799955e8
1.640974933494815e8, 4.3152637154531014e8
3.8379862089197147e8, 4.898661968597693e8
1.4355423595174316e8, 2.0953302038834247e8
1.886100660259953e8, 2.5742266166765332e8
1.4759304433045462e8, 2.822453390004912e8
1.5570284266159546e8, 2.4467891375685796e8
1.1456315677526641e8, 2.684374369196913e8
1.8999751422613516e8, 2.638566019720568e8
1.1721551054013662e8, 1.6925673880139855e8
1.6821196882302243e8, 2.159241455523434e8
1.1210971534303333e8, 1.5094471471892864e8
1.167995804667522e8, 2.4625171002916336e8
1.8104719409120673e8, 2.992968631976137e8
2.366295358178442e8, 2.9255308738160753e8
9.253983412074628e7, 1.435886369844571e8
1.7824574949227652e8, 2.603480004281152e8
2.8603938702511007e8, 3.491131677415112e8
1.3280289434401922e8, 1.9422185306832138e8
1.4802123016609773e8, 2.36586331408177e8
1.773786392414789e8, 2.2967127431213087e8
3.676674786321118e8, 4.524572232445123e8
2.6674264576251405e8, 4.840929884962526e8
1.792000846893317e8, 2.995222107633075e8
3.2934497460199505e8, 4.6688144369413e8
1.8769772506174937e8, 2.3759520376331782e8
3.068710461201829e8, 4.3783890234442e8
3.479545790680613e8, 4.16539256164815e8
1.8157011025143883e8, 2.727883972347661e8
1.6812545366517836e8, 2.8781296273541975e8
1.1743118258232136e8, 1.959375807796006e8
1.6922130729493025e8, 2.3499517969510266e8
2.0879969668615833e8, 4.71984783937935e8
1.4498459901084417e8, 2.4075110943180043e8
2.15780698917223e8, 4.020799049477122e8
1.4909305618652096e8, 2.2604646742363486e8
1.881820931272526e8, 2.6573700865271744e8
1.008228349644637e8, 1.8771587823772138e8
1.1541076812074085e8, 2.3971773616102955e8
1.48768347136691e8, 1.961841862583672e8
1.0769925599131246e8, 1.485866037711198e8
1.6042295959990874e8, 2.2001394579507378e8
4.156130397337841e8, 5.509856954037104e8
9.998373454377702e7, 2.610682187116296e8
1.9350574938448116e8, 2.730813895924473e8
1.3508367793597487e8, 1.917807400571362e8
1.321363064192763e8, 1.7958491195389828e8
1.0792715771084388e8, 1.7747927758722967e8
1.2043673120938477e8, 1.5197485389480555e8
2.1178028291964644e8, 2.824973031754034e8
1.5912159251180294e8, 3.383478099169273e8
1.5807348699098188e8, 2.3493079075354907e8
2.300536235392654e8, 2.7839099360228944e8
1.5347024819119808e8, 2.4544996470988265e8
2.351716185965454e8, 3.724088714932666e8
1.4911299379443172e8, 2.1709755805114198e8
1.8191786814494914e8, 3.186087007880025e8
1.0517048434614874e8, 1.5369958714157906e8
1.373689412914975e8, 2.388649987817024e8
1.0332366982858653e8, 1.629898863661287e8
1.5785430598199648e8, 2.1336217124614036e8
1.2689672569267265e8, 2.5023291083851868e8
2.0738989041994306e8, 2.802662500034155e8
1.1050325953982426e8, 1.820701895413614e8
1.5877472070466638e8, 2.6422994510987806e8
1.2821767981977336e8, 1.7934166063878173e8
8.90404626460545e7, 1.380285648839285e8
1.803903389322791e8, 2.4404204660636285e8
1.2869992981180121e8, 2.023439529174743e8
1.8829385826091832e8, 2.5129468262160203e8
1.35474253098891e8, 1.9967938686958733e8
1.507923467852233e8, 2.027715026825565e8
1.0429138459930307e8, 1.6670053169491494e8
2.2298776684704474e8, 2.83740090045585e8
1.659629270421837e8, 2.595581325452192e8
1.2357401934542005e8, 1.798436969450219e8
1.7168645486514637e8, 3.110641793146813e8
1.579365706250254e8, 2.1937739609538555e8
4.5692356457847565e8, 5.319482629030988e8
1.0916032994096468e8, 1.510316636831283e8
1.2153222379494454e8, 2.0253318481228727e8
2.4384451295981556e8, 2.9292143840320253e8
1.784468649428808e8, 3.9034922816382194e8
1.3446634943553528e8, 2.0168307645514476e8
4.326081751573e8, 4.9254485708390766e8
1.2882499715113474e8, 2.2681378297392341e8
1.4751235399813476e8, 2.5099999446375427e8
2.2616585572217816e8, 2.8093097968662226e8
2.6553463794498765e8, 4.497386632824474e8
1.7189490554488915e8, 2.726982434851667e8
2.3834110784630054e8, 3.267365333844807e8
1.339364028347275e8, 1.9969481766418153e8
3.7623676528795743e8, 4.865252476755015e8
2.706647761316608e8, 3.7179709899515694e8
1.3180683513554475e8, 2.487575446285324e8
1.4012742919055417e8, 1.9105972436365905e8
2.1238338656339893e8, 2.491769534942472e8
2.895348028724538e8, 3.6290279006141716e8
2.594552091112714e8, 3.527609625887247e8
1.6649457943395805e8, 2.064134782253939e8
1.1664169872021875e8, 2.4639335834125143e8
2.6505489010217518e8, 3.284010057074752e8
1.2291241230172233e8, 1.8971682624645746e8
1.0712080431654714e8, 1.8527469144138557e8
1.2722777942602386e8, 2.159267324471519e8
2.0054372506943014e8, 2.776298343316055e8
4.5188258043270993e8, 5.0398940014755553e8
1.691950535106506e8, 2.1085694730352685e8
9.973679638634403e7, 1.4012878826894698e8
8.147475640600945e7, 1.1925542797027941e8
9.83403590494339e7, 1.325474654106314e8
1.8604372955930308e8, 2.8942311930413246e8
4.5476687903903645e8, 5.2189859120761e8
2.8887552307773125e8, 4.13404848424177e8
1.2836973972726327e8, 3.440123272079449e8
1.675565456589822e8, 3.14840577223719e8
2.1623257947512597e8, 2.8960549256157786e8
1.5319711199114022e8, 2.348662820613327e8
1.352056534315842e8, 2.1262589822355574e8
1.086323567439761e8, 1.7772660453819185e8
1.3538526751669154e8, 2.1937738635664147e8
1.8430266012543482e8, 3.1861113302075803e8
1.2288303834939048e8, 1.900956756656095e8
1.83593977496205e8, 3.294915424901769e8
1.585818361091481e8, 2.669286886538428e8
2.4278937192832434e8, 2.947026797390614e8
2.4300322509100395e8, 2.844317495569572e8
3.109698758841242e8, 3.9601457027651834e8
1.3862952814337936e8, 2.3161230735761872e8
1.4438955808158973e8, 2.4055031720101112e8
1.3328127692600985e8, 2.1067351818629715e8
9.008667765925124e7, 1.7060613673798922e8
1.3210163934121308e8, 1.8140663710214332e8
2.2386798907586882e8, 3.2199931929837626e8
2.879381620395946e8, 3.774181790246168e8
1.2865205561781782e8, 2.287385640436107e8
1.74283431573022e8, 2.5114355783128512e8
1.4325067901213413e8, 2.1438152734210533e8
1.18309259601155e8, 2.0002587882453558e8
1.4453615443198064e8, 2.4229189188978803e8
1.0886287251031634e8, 1.5118379285818315e8
6.858714940247571e7, 1.290515579347504e8
2.305219167058387e8, 3.772087018243576e8
1.4859959786251178e8, 1.9205007017651397e8
1.4332201547549352e8, 2.105566552401558e8
1.8634039683161718e8, 3.011264670446151e8
1.7448620494176212e8, 2.374902842117008e8
2.1486295756809747e8, 2.685947858434331e8
3.548166810300365e8, 6.151242113785288e8
1.5813074635380682e8, 2.27585327143257e8
8.130588664231601e7, 1.8961405862817597e8
2.079736701924575e8, 2.887205839063244e8
1.3896823948538074e8, 2.2034622057353768e8
1.8383049775561062e8, 4.946699337897692e8
1.0716298726521042e8, 1.8221625050731504e8
1.2756672585599244e8, 2.2313393091007182e8
1.4737895870177805e8, 2.2795314142013767e8
1.730706442634694e8, 2.736594541360843e8
2.7415997866965175e8, 3.326280667206505e8
2.481454815234856e8, 3.161679979329552e8
3.266145215022953e8, 4.0994467392322063e8
2.110537503033954e8, 2.6989196561950266e8
2.2015368168788362e8, 2.4454735186204958e8
2.3365924421268046e8, 2.6679889326634195e8
9.975074680697173e7, 1.5430680976013628e8
1.3614720085162547e8, 2.1655814664530194e8
1.64313152814376e8, 2.3416861447811848e8
1.1486408628951015e8, 1.6332061188612562e8
1.3964825139844728e8, 3.185978142926722e8
1.1488289236567545e8, 2.1194946630855003e8
2.0664703639255628e8, 2.866570701992483e8
1.29591167052123e8, 1.8162694970972607e8
1.497419982536186e8, 2.0352785638610297e8
1.5899614096888378e8, 2.2228043523761117e8
8.656096117722318e7, 2.4100040905693787e8
7.514183068807782e7, 1.444465042251327e8
2.179524663139158e8, 3.3034986281399405e8
1.4073725063453594e8, 1.9211870933307514e8
3.3511926035614824e8, 5.004147156972731e8
9.046903905315484e7, 1.592854523959386e8
9.658973120705312e7, 2.1112018927569973e8
1.304254724271784e8, 1.7531257768129775e8
1.3210622488213664e8, 2.0242586242618847e8
1.3776532842630264e8, 2.6205735235559073e8
1.894073828414427e8, 2.3814598687046954e8
1.5838258529199117e8, 2.3461872483180028e8
1.50447160159323e8, 3.190860580500732e8
1.5483103162148005e8, 2.204404262721601e8
1.5981515696535423e8, 1.9787074391352296e8
1.289613169667993e8, 1.792705218058284e8
1.2919164923976327e8, 2.1160413130922478e8
1.0738380528142455e8, 1.614207972748776e8
1.4553256262827966e8, 3.608864508958119e8
1.5331169461107275e8, 2.0637681575771168e8
2.100979947328902e8, 2.734050800445871e8
1.1838432728686467e8, 1.5370874688860294e8
1.1544704954528408e8, 2.906521523359673e8
1.7453965225676906e8, 3.13224039916126e8
1.1811699587135638e8, 1.538569029377557e8
1.1093953846062286e8, 1.8123122735827753e8
1.6551951825824252e8, 3.479446682736535e8
2.5093198569641295e8, 2.831347574034301e8
4.647718410041713e8, 5.217762426466644e8
1.2323873509246577e8, 2.6228409556700197e8
1.511363159585651e8, 2.8612379412616414e8
4.989271372313817e8, 6.184381975339152e8
1.3181091036642203e8, 1.786586813563821e8
8.862093517695534e7, 1.550582338724492e8
1.7629606856431797e8, 2.4174704383488578e8
1.653018845067956e8, 2.895583466401779e8
2.1491337855188617e8, 2.4272614883203048e8
1.8663451306166518e8, 3.6129669355487674e8
1.0540781444654249e8, 1.4639165221001047e8
1.1936279882372046e8, 2.3365722248405644e8
4.383664608900053e8, 4.9556018752325135e8
1.1992602123028399e8, 1.6457199512285012e8
1.456928214095863e8, 1.9141728709875673e8
8.648559680363843e7, 1.377739094667174e8
1.5586766363912973e8, 2.837830456773509e8
1.2660905022058892e8, 2.5948433815695214e8
1.343042884120799e8, 1.6983502880866107e8
1.1512237378097157e8, 2.139904088797582e8
1.491747666568583e8, 1.9800214778351334e8
3.063788062025804e8, 5.123152806896672e8
1.1860758417817198e8, 1.615861252541782e8
1.1601228335445619e8, 1.624328591067752e8
1.391045617280841e8, 1.9166602701603925e8
2.9423798314759326e8, 3.592560503260314e8
1.2155722675105636e8, 2.886784044823169e8
1.1009527043719006e8, 1.611846022604516e8
1.3892875952582896e8, 2.809439169274333e8
1.2017360979531454e8, 2.453053339086011e8
2.3478392993882376e8, 3.1952197222292805e8
2.4257846537701285e8, 3.034144876568187e8
2.1725662168243027e8, 2.8093773802868766e8
1.9594665658331844e8, 2.7766025452958363e8
2.2290975779722708e8, 3.020455205786712e8
3.196090318876264e8, 3.9880273538429385e8
1.5199935173211607e8, 2.0760172370332423e8
3.7509859076564324e8, 5.032426202569792e8
1.453467491152786e8, 3.3500634343074864e8
1.9215093307172593e8, 3.644611786955909e8
1.866533356129814e8, 2.4693847156111434e8
2.7253458939944506e8, 4.8691700375332457e8
9.989118105797596e7, 1.4948082979343227e8
3.6392302746694714e8, 5.3023910796632415e8
2.243373913691907e8, 2.572333673249146e8
1.3176238803840697e8, 1.9685981135431305e8
2.650663667352076e8, 3.308863790187937e8
1.0150675274385352e8, 1.6004128162075254e8
1.0613873039867891e8, 2.694350222726191e8
1.555868829430348e8, 2.28309809415411e8
1.658308052185967e8, 2.1958775376786035e8
1.8266866684470305e8, 2.577028892897876e8
1.5454733028635657e8, 2.2672413943733382e8
2.6411994980842596e8, 3.0169077951815796e8
1.629271905344802e8, 2.1255056540685374e8
1.208213454928642e8, 2.5371399109074184e8
1.2057400069062436e8, 1.610732862677264e8
1.7610462367329815e8, 2.393459148279738e8
1.6883025756829894e8, 2.5252780342482042e8
1.6507512167276943e8, 2.4656829473566335e8
1.2902484513845322e8, 1.7747242784930405e8
4.158003873620649e8, 5.710161712499529e8
1.1837093992921662e8, 1.786634733581535e8
1.2047358410545927e8, 1.897473766080624e8
1.2922445643691382e8, 1.7230235805628386e8
1.3634463851562217e8, 1.9373135632988846e8
1.1819751298583977e8, 1.875396933580024e8
1.8446879947905463e8, 2.8644334104578316e8
2.2563489264791405e8, 3.248697364696897e8
1.2206307209627008e8, 1.6030563026004955e8
1.8248979119757882e8, 2.4261151403427604e8
8.992011252719162e7, 1.2586992393598996e8
1.642664113410563e8, 3.526217682266136e8
1.2429193534392706e8, 1.9223124588784763e8
1.6200627191122675e8, 2.6350098381682938e8
1.747748713848023e8, 2.2138578528745002e8
1.1500147289630516e8, 2.1839604319562027e8
1.5128048285044122e8, 2.4840325028368363e8
1.3319789473562363e8, 2.045324870544781e8
1.5013806394055045e8, 2.6437540038631994e8
1.9499091531878492e8, 2.793368959951414e8
1.8374484256286696e8, 3.046845158731667e8
1.2776056644202296e8, 1.9639497684924275e8
1.3794072836597994e8, 2.179282906426136e8
1.0450454222632097e8, 2.2052660158589044e8
1.113862839477624e8, 3.056488145944779e8
1.1436929248305887e8, 1.7093146978693408e8
1.9390838606954232e8, 2.867143551388192e8
1.1483144183524469e8, 2.1120527836797845e8
1.2555090596637285e8, 2.1968452488280013e8
2.9735231371720546e8, 4.67707263931691e8
1.4932255819638243e8, 2.269516022306114e8
1.3412117484238963e8, 1.9781890428331628e8
8.462586127486612e7, 1.3664958775901714e8
1.6170124606127572e8, 2.4732657570214117e8
1.383857376491987e8, 2.037151654627024e8
1.9872322701729968e8, 2.950792576074516e8
1.5865279115778545e8, 1.9307211813769338e8
9.636713411523212e7, 1.869143435875056e8
8.238629955010477e7, 2.1959505504172224e8
1.3305789079636581e8, 1.7259213319271353e8
1.1963443553074515e8, 2.7449532932680243e8
1.3112453603661653e8, 1.9192909480583793e8
1.9311332372849005e8, 3.0032687598755866e8
8.937187605410768e7, 1.2707160964350465e8
1.5294698958820117e8, 2.862905971596818e8
2.2598903625700396e8, 2.976782827026795e8
5.762284942068133e8, 6.386173224179972e8
1.7555201819246024e8, 3.205284139681851e8
1.926266156664529e8, 3.324966805733738e8
1.48930317938663e8, 2.0133676318135363e8
1.2373076556715655e8, 2.401071782372741e8
1.510436625556242e8, 2.200484686766934e8
1.5324329213038778e8, 2.2217315644839004e8
1.8940177942351124e8, 2.5995671711730573e8
1.9291815928497243e8, 2.7557210358644783e8
1.114146614778817e8, 1.563393198809153e8
1.3284679339775632e8, 2.020658284392051e8
1.8223049135299036e8, 2.846626160761382e8
2.0102283559208733e8, 3.504951120705895e8
1.7218626113019007e8, 2.4796315221361002e8
1.260018714306488e8, 2.2797118751467034e8
1.2958872781481326e8, 4.6160800970051044e8
2.2858864141849723e8, 4.2260375447914946e8
8.544156979005806e7, 2.0165711386976904e8
1.0177159321484919e8, 1.739054891475118e8
1.1236647265252356e8, 1.9465889742898604e8
1.1822041759392396e8, 1.4943726512627968e8
2.1098089891074762e8, 2.7875710046982193e8
1.2569397468247159e8, 2.1105141795182997e8
1.5125161383539268e8, 2.8035532575063616e8
4.065448647007092e8, 6.385679484880056e8
1.2422219987338097e8, 1.63841353417372e8
2.2934375081884396e8, 3.001684586364959e8
1.369969174816035e8, 1.724036234242784e8
2.200884625778015e8, 3.4926532582916915e8
2.6469753108685598e8, 3.9597288915363336e8
1.3750091219229513e8, 1.9947883871400538e8
1.8091351183486408e8, 2.0933964915579876e8
1.451549441852431e8, 2.0235045096414682e8
1.5369951771424428e8, 2.1328597971587598e8
3.250944546293804e8, 3.786363437822097e8
2.844483172777017e8, 3.9209792679623765e8
1.592228188721686e8, 2.0836323101604742e8
1.470602011362048e8, 1.9818305580327135e8
1.422471661702788e8, 2.19266655692951e8
1.7378723509574732e8, 3.668956176837338e8
1.3713275063869926e8, 2.242208789705695e8
1.9031087797765386e8, 2.457289008104553e8
2.042995935303295e8, 2.6248067645925474e8
1.0190594707216217e8, 1.475135199946553e8
1.3824320765396273e8, 2.1377500273834017e8
8.584502526449502e7, 1.2977866702361831e8
3.1519708947572494e8, 3.934792079403176e8
9.52086281580324e7, 1.4840360158448574e8
1.4281709388545397e8, 2.480790876567882e8
2.697340375884734e8, 3.611757659856582e8
1.4403436516305748e8, 2.2737176482275915e8
1.5420887141643924e8, 1.9960232957109684e8
2.076611787175347e8, 2.907987612929327e8
1.1299909275015931e8, 2.3071565115943804e8
1.8963727128870133e8, 2.371259050651546e8
1.2824767715448998e8, 3.154019101999495e8
1.4965950576979733e8, 1.8453280732892546e8
1.2866380662220109e8, 1.9929462702444857e8
2.120208698738517e8, 2.638472515662305e8
1.4977789120205507e8, 1.9951369481524578e8
1.6536572715662846e8, 5.678852584604616e8
1.3148946024619655e8, 1.8450523885400918e8
1.3465771258513036e8, 2.2064170438835564e8
1.0427891094325835e8, 1.5753636844616935e8
1.4557883175433457e8, 1.9059845307536048e8
3.076489361347989e8, 6.071463006011059e8
1.243677790423406e8, 1.8562729424862403e8
3.019717590345331e8, 6.298935729197358e8
2.7234983628938246e8, 3.9546859233521914e8
1.322040196607644e8, 1.9676245551163945e8
1.1131105253850134e8, 1.4060677244110295e8
1.1995077833886492e8, 4.287428401563021e8
1.4319458925517341e8, 2.0087808563576198e8
2.52436400922724e8, 3.5268062356837183e8
1.2572995728898685e8, 2.203279410572435e8
1.0968039138435891e8, 1.916480139159516e8
1.8800817876942748e8, 3.3994913532643586e8
1.1501532749783807e8, 2.100266265508299e8
2.2930176435935488e8, 2.5801499598168826e8
2.194755134440704e8, 4.7166203308730084e8
8.95976842578566e7, 1.4653557021943992e8
1.3583155416624126e8, 3.560379070689858e8
1.1644573929400319e8, 1.872146416538827e8
1.732778344371776e8, 1.967931913292998e8
1.6414838421594074e8, 2.2939237296413404e8
2.6652936608388937e8, 3.360095609539653e8
1.3422557206974316e8, 3.398024849285502e8
1.1823172899407144e8, 1.91864420814196e8
2.574691449181711e8, 3.128625513537384e8
1.621889865629327e8, 3.943109182433845e8
1.3646956517725503e8, 1.9741384160162312e8
1.398676633971845e8, 1.998191724463328e8
1.5077499471038762e8, 2.0716607791287583e8
1.0512932096732181e8, 1.994081188533115e8
1.8714799460249782e8, 4.857125513095633e8
1.019125871818049e8, 1.746603192858689e8
1.7257000899641347e8, 2.239861953374823e8
1.501504049680967e8, 2.2958954051441237e8
4.233314379664053e8, 5.902431392231175e8
2.225906152789e8, 5.643070845265017e8
2.0949463204710034e8, 2.6100582085664144e8
4.231582469931071e8, 4.5683113293514526e8
1.1731142148761886e8, 1.6764744966971868e8
1.3248192286557639e8, 1.9214041006496024e8
1.0314153827268958e8, 2.7414356958315593e8
1.3794741705162212e8, 2.6105698237314093e8
3.200146488934787e8, 4.961428241241475e8
2.770459774109729e8, 5.2330058732879984e8
5.612061201107074e8, 6.800958364390945e8
1.320988266420307e8, 1.9278382151656836e8
1.1051575381241535e8, 1.5392027134679464e8
1.5036558372832277e8, 2.30191462324712e8
1.3928591158319983e8, 1.835338970814352e8
9.45671867902979e7, 1.290035243841571e8
2.903524974466302e8, 3.757217628775374e8
1.0833953789967026e8, 1.5426381058259633e8
5.467543309560716e8, 7.833489123790653e8
1.1622358463900322e8, 2.3879569648023498e8
1.926212924526141e8, 2.6623888368009368e8
8.744815048329231e7, 1.2806800117793016e8
1.9833734104780143e8, 2.523687281362816e8
1.3010720597330901e8, 2.2839926773550448e8
1.0442911698397973e8, 1.7989535043974838e8
2.1952979098963532e8, 2.7112091036980015e8
1.1336244405329762e8, 1.7113885391572925e8
2.1658495709659594e8, 2.8587500510071266e8
1.2957655392631768e8, 2.3805600547398227e8
1.2891911798262076e8, 2.120857822152408e8
1.1459117307119429e8, 1.8331721822707346e8
9.719564667879699e7, 2.5425385753485906e8
2.0897927374936485e8, 2.750534621429282e8
1.8509200722934124e8, 2.3941448628966853e8
1.441966917131127e8, 2.0936904175070986e8
1.2968156151259983e8, 2.7521685117404586e8
1.0956664312967436e8, 1.4881900568070853e8
1.3112224689741732e8, 3.134611185606417e8
1.5641499862060514e8, 1.896914073456956e8
1.5812857587188646e8, 2.048066439327136e8
1.2953093290436998e8, 2.183541750577242e8
1.843665581790717e8, 2.4301560716735235e8
1.1705875179240072e8, 2.3424442200751153e8
1.4487711021655238e8, 2.3130595147249353e8
1.2441083524797995e8, 1.6434497715732098e8
1.7445365723474753e8, 2.976566519759465e8
2.5604411361217648e8, 3.141734616096224e8
1.720228537861967e8, 2.320190464292411e8
1.9782326372801498e8, 2.5965606375655922e8
1.2644406553518245e8, 1.826847549250332e8
1.2539918991466178e8, 1.761040461169232e8
1.3000472690729676e8, 1.8511537208538383e8
1.2973595514946947e8, 1.7871050088347757e8
5.496216478865353e8, 6.212206596589631e8
3.099862428871438e8, 3.9754761480364615e8
1.585001408767932e8, 1.9710672437426493e8
1.1545748266252835e8, 1.9169299583978334e8
1.4198297586956626e8, 1.8453323610102296e8
8.504377223996422e7, 1.2969060979117991e8
1.9473989177373928e8, 2.73102523726597e8
1.577556704014788e8, 2.1984696960382283e8
1.4573724093748313e8, 2.2877711962322217e8
1.4608634051783872e8, 2.1599632769940814e8
6.670384190676603e8, 7.27041385815251e8
1.870170776823194e8, 2.772570224444459e8
1.3200894283042175e8, 2.019703276225629e8
1.4050033278540403e8, 1.9185621737935907e8
2.3470138615888914e8, 3.386639635247212e8
1.0434092716691802e8, 1.5796262929502177e8
1.1650142569948696e8, 2.0721728508801928e8
2.7206846707646596e8, 4.4803931929442394e8
1.4267673617456582e8, 2.4305363061158288e8
1.5270017602132082e8, 2.3500004172763178e8
2.1429501743876454e8, 2.761625739622236e8
2.1056135304889712e8, 2.772583116658069e8
1.2389928527202316e8, 2.2542938263052967e8
1.584279939145601e8, 2.6024307304716644e8
1.335144416544778e8, 1.99979667387745e8
1.4575691800252697e8, 2.2687742553598475e8
1.5529678296770412e8, 2.805015030320874e8
1.626689474181536e8, 2.2704810542914084e8
1.439984485749029e8, 2.3254079178062856e8
1.3278852150097662e8, 1.632427967840305e8
2.166039936228289e8, 2.875622669191912e8
1.5657859062769753e8, 2.1485535181149074e8
3.1582884257482916e8, 3.7362309309148276e8
1.7676396467827597e8, 4.114730660148728e8
1.743683610968326e8, 2.3715401717003247e8
9.665005818302111e7, 1.5568698625550774e8
1.2459035999731791e8, 2.331323287203786e8
1.8448962766045234e8, 2.6600347684086853e8
1.3293688939323094e8, 2.1946743280498698e8
2.1651339068834522e8, 2.906343823826339e8
5.073126593808084e8, 6.086845849813131e8
1.4066791520999327e8, 2.3039928900006935e8
1.6261741670536953e8, 2.767276213354735e8
1.0795621336612539e8, 1.7301615979323643e8
9.875276847151577e7, 1.4568556064829713e8
1.0225411527514577e8, 1.48465669860112e8
1.5927798179463163e8, 2.3492389161500165e8
1.5099266202472997e8, 2.0686893444615164e8
1.0632044659781086e8, 1.80756146745878e8
1.957364706643317e8, 2.563639466910535e8
1.6496283064773032e8, 2.311559827734558e8
2.2734912393716255e8, 3.0283272912394094e8
1.6513762823464066e8, 2.6120712313053402e8
1.357179297156347e8, 2.2973889017562976e8
6.07719704947284e8, 7.21002685936392e8
1.719332108373799e8, 5.3244109363679254e8
1.4260296567663187e8, 2.6911566126873183e8
3.03615216695222e8, 3.8804532500849867e8
2.399457972617071e8, 2.7635335801344734e8
1.3358483739123374e8, 1.725586618303745e8
4.346428868980082e8, 4.9203673048661023e8
2.3508198195417672e8, 3.199605036344415e8
2.003269523955076e8, 2.5452989047589394e8
1.512045190323206e8, 1.845867644105042e8
2.5332964199589032e8, 3.001646420614222e8
1.4538498196180782e8, 4.1041304616856694e8
1.8837062986862978e8, 2.6594924118187234e8
2.2689227679062364e8, 3.0053109344320804e8
1.2249948580614594e8, 1.5984126581853154e8
2.3581508237861696e8, 2.8530410427619016e8
2.6395581587429067e8, 5.778003920332778e8
1.536808463734603e8, 2.5015098023279116e8
1.1408482893916978e8, 1.8269772327878198e8
2.0718998796815953e8, 2.400835866535696e8
9.275646011092973e7, 2.7052879793946004e8
9.827233650326532e7, 1.471627040791719e8
1.2669509847735485e8, 1.6999336804903406e8
1.1476050170368509e8, 1.9509926961444396e8
1.5751172109376332e8, 2.3889991671643883e8
2.0348452182392463e8, 3.177214542342051e8
1.6931694614350572e8, 2.4775246553615963e8
1.1369533094939443e8, 1.6731572396108866e8
1.6854734036359227e8, 2.336923341740786e8
1.543048427171547e8, 2.0415818939215115e8
1.782682546790953e8, 2.3689101290828744e8
1.1687376803234336e8, 1.7179439618238246e8
1.520055295906576e8, 2.1968665264323756e8
2.009243902827322e8, 2.6230395459470484e8
1.0920769571597743e8, 2.007350822975438e8
2.5107533846119353e8, 3.1876408243455976e8
3.212305161412564e8, 3.990095103409074e8
3.8619488007534623e8, 4.3187039770773226e8
2.2386513519760552e8, 2.997002719708127e8
1.4752641057039025e8, 1.9258348381096634e8
1.8849523082359925e8, 2.4935003463406116e8
1.2730136464552653e8, 3.113769420241835e8
9.657556216068962e7, 1.882065593365705e8
2.4254554599221206e8, 2.8663644550012696e8
9.238001166153276e7, 1.4296421880695432e8
1.2044486759885617e8, 2.2245148281559968e8
1.40084295457726e8, 3.631611904816244e8
1.528308996023349e8, 2.763412930173846e8
1.5559915545283133e8, 2.464866385301319e8
1.0891822457517563e8, 2.400613215156245e8
1.5412882643895337e8, 1.8429482116109428e8
1.370385103324476e8, 1.8999090002478197e8
1.3294874476473528e8, 1.932201592277376e8
3.713565801524741e8, 4.4758163695438737e8
1.3639818695916736e8, 3.16367566416439e8
1.2999108513117155e8, 2.0842389104704544e8
2.120010691714135e8, 2.6483409092224336e8
1.2327801062010372e8, 1.5552820902537432e8
1.2857576084266149e8, 2.195450320565668e8
2.1992779159872323e8, 2.5635719879552972e8
1.7764506912139767e8, 2.2393127756967974e8
1.0737027922426254e8, 1.6225485741211697e8
2.723072837493168e8, 4.0261600414624983e8
1.9236264699127778e8, 3.5131034984526527e8
1.9652843859731144e8, 4.515411677895217e8
1.053237486208506e8, 1.844298577571753e8
2.5652540221917823e8, 4.128118401672074e8
1.7494257610309258e8, 3.68344733744854e8
1.4488092348821098e8, 2.5310512421513152e8
2.1470129062726882e8, 5.530951350083724e8
1.3282123748589782e8, 2.3106511021566427e8
1.1165071839442629e8, 2.9153535791876346e8
1.6876560047024757e8, 1.9814445573695925e8
1.2170144746912757e8, 1.6879678955919677e8
1.5909103719289204e8, 2.823940193563482e8
1.5637511995516443e8, 2.1585878078249288e8
2.331875020856093e8, 2.969957737997975e8
1.2328258956614906e8, 2.1946747779230112e8
2.2565074293476403e8, 3.43973660858642e8
1.276996864813598e8, 2.6259027023901215e8
1.2169256107999675e8, 2.8323821971705306e8
1.1246067294902314e8, 1.5895629779763836e8
1.1943074200197008e8, 1.6903671753532723e8
1.7809532370417783e8, 2.379259525652753e8
1.2773532108950719e8, 1.8832981654094577e8
1.6816124917138207e8, 2.164265120267944e8
1.3199846458741353e8, 1.514446940912153e8
1.8744193246103728e8, 5.369201815034121e8
2.315942850405447e8, 3.096923839886021e8
1.3129888789927918e8, 3.869178161854032e8
2.363475791645728e8, 3.3639657224150217e8
1.9165328763601136e8, 3.700454216739376e8
1.1301510843804058e8, 1.9659960199610958e8
1.5714364892334712e8, 4.2320500124709636e8
1.5096006179175764e8, 2.0903946051906604e8
1.7047832427443305e8, 2.814515574168023e8
2.52129360475124e8, 4.280306731813186e8
1.6105146111772782e8, 2.5132993272686332e8
1.5123634227621892e8, 2.4033365763264772e8
1.658655018354207e8, 2.2500305571495444e8
1.4264421989900696e8, 1.944844019980018e8
1.5246575816194695e8, 2.188043579605158e8
1.706047852385119e8, 3.463596934053972e8
1.0092070035019678e8, 1.800715903018973e8
2.942852786412296e8, 3.662618059791218e8
1.353233854757987e8, 2.0283376628015733e8
1.9106344604243922e8, 3.6489908147359294e8
4.3911331279553956e8, 5.98004040008336e8
1.2330487463244218e8, 2.0316384044357458e8
1.3859394683915302e8, 2.6749286465995443e8
1.0823994471451099e8, 1.6951568676322225e8
1.6955925520373696e8, 2.48628272803424e8
1.5290803757576323e8, 2.0998207935799444e8
1.1025577298863399e8, 1.8074903868803346e8
1.7104792598105547e8, 2.208166828786753e8
1.2032238478841677e8, 2.28590665168064e8
2.033388507996639e8, 4.215762395929801e8
9.559707623818207e7, 1.2992876402495413e8
1.4584149966365272e8, 2.071466439939631e8
1.8611297026514822e8, 2.8213303591905475e8
2.3641116271829808e8, 3.2307961946122444e8
1.9456514668858433e8, 2.2186261669652236e8
1.900681557765991e8, 2.8338684833485556e8
1.8274357848420087e8, 2.2894468673962972e8
1.540746757037436e8, 2.1143301583236796e8
3.187019984749771e8, 4.192110842641301e8
1.3158602003126177e8, 1.8306692618361503e8
1.858216074563716e8, 3.338232913653009e8
1.684021476561507e8, 2.1856028202588397e8
2.3986581665291452e8, 4.6880304803770685e8
1.1059791803382851e8, 2.000688625099016e8
1.239811978616476e8, 1.634371808251458e8
1.605474561562489e8, 2.4368898674917865e8
1.38519595132837e8, 1.892549926513989e8
1.5541476852094314e8, 2.466353219602915e8
1.162495780450927e8, 1.7635549560637715e8
1.0269221216586775e8, 2.393524622598953e8
1.797118120094477e8, 2.7362191743687207e8
1.1598206508164088e8, 1.9509769143235454e8
1.0403899138796847e8, 1.4000534896861997e8
2.0745082533912098e8, 4.206201434923747e8
1.4259606745104784e8, 2.3738129060690156e8
1.1048408552154095e8, 2.1316592344571516e8
1.3233945660806885e8, 2.1233354527969304e8
1.2686916806058727e8, 1.9762202594539875e8
1.431618749288781e8, 1.9921722402908462e8
1.2874796923934254e8, 1.9781918595653382e8
1.6747534614682323e8, 2.530700439537364e8
2.186403538280907e8, 2.7972242611658204e8
1.9850336292171204e8, 3.047387438491563e8
1.1546053946302885e8, 2.164326328866825e8
2.141995668910241e8, 2.595621467654405e8
2.0064342825757235e8, 2.813345622522832e8
1.7147043605311817e8, 1.9672258875801268e8
2.464751880074633e8, 3.0590352437451243e8
1.7368842330887297e8, 2.4564459078636536e8
1.4970774121847644e8, 2.2582390536561674e8
1.0950288776726395e8, 1.7429036841323522e8
2.157187442716759e8, 2.7515862257366824e8
1.4335634077117142e8, 2.6621254728426433e8
1.92598741264543e8, 3.309481902765399e8
2.0684357064242163e8, 3.0623403186775553e8
9.477196042019214e7, 1.3499538852592784e8
2.080047451094937e8, 2.5745587353602102e8
1.0394295256574623e8, 1.8876106968610954e8
1.5088586831299487e8, 2.1622614737250137e8
1.302263160644745e8, 2.5192858240930787e8
1.1850794528683634e8, 1.7384223228495857e8
1.3825289884282196e8, 1.887424394940437e8
3.191143962937374e8, 4.309814451634643e8
1.081644136636661e8, 2.2675766322860307e8
1.8713067295138016e8, 2.7785110747566813e8
1.1349860556925689e8, 1.3745850830091524e8
1.5672509634945366e8, 2.3379994196707317e8
1.1693407624719262e8, 1.8103325630556405e8
1.3401219688542393e8, 2.5948584906897968e8
1.4841262790843388e8, 1.9229332061137322e8
2.0003790454384673e8, 2.5972584449030718e8
1.9082194519521284e8, 3.1185162430278826e8
2.376713704126386e8, 3.8748570297276825e8
1.741213281184208e8, 3.6477636683802444e8
1.5302237355361408e8, 2.259636157028665e8
1.1613626348423952e8, 1.6204417311529762e8
1.1785585696338667e8, 1.762911796011683e8
1.5605907156662107e8, 1.9756312432912537e8
1.378774070940305e8, 1.8961195639762163e8
2.040158384249347e8, 2.360589014883167e8
1.361066723342131e8, 2.531351385764807e8
2.0130952710637844e8, 3.0782578101165843e8
1.37065709572224e8, 2.6507079241006297e8
2.0409918495035648e8, 3.079975332325479e8
1.4407294253545955e8, 1.990391211247732e8
2.048852113759038e8, 3.3899619780162656e8
9.427634828663407e7, 1.3754644838189238e8
1.601528095800423e8, 2.6236130318335083e8
1.445686923269003e8, 2.1123717423725078e8
1.4265457782714975e8, 2.0210773084854507e8
1.134298953266761e8, 1.509638196988862e8
1.6863325374544495e8, 2.3797718744750395e8
1.2393799705787262e8, 2.0981814708964968e8
1.7948785866323525e8, 3.3586091030446833e8
1.5235701634509853e8, 3.006075714476717e8
1.638261572880261e8, 2.208322926395294e8
2.324913957748296e8, 3.3384994465199006e8
1.4256174943452755e8, 2.345220879915226e8
1.54302938004642e8, 2.259418775902907e8
1.2118311478848895e8, 1.6325480863854724e8
1.59621891595022e8, 2.4240534907732907e8
1.4491734260103408e8, 2.0906364277818763e8
2.4441067640234137e8, 2.854573955597396e8
1.4687842082041073e8, 2.4644360068595386e8
1.0875451367877918e8, 1.608202465788962e8
2.1182301801347715e8, 3.2747558624206525e8
1.5875729671247852e8, 2.861786250777946e8
1.756530090058129e8, 2.6862726763162005e8
1.7599855409511995e8, 2.3129144180288303e8
1.3386019136965837e8, 2.0926293506118518e8
1.4705207175845942e8, 4.880765095818117e8
2.0603487100237677e8, 3.022035757379307e8
1.730371428307434e8, 2.137438490037322e8
1.74010247148721e8, 2.2839066928113943e8
1.662197093760201e8, 3.1491831767553407e8
1.5095766800643015e8, 1.9827099170520434e8
3.2188975222497636e8, 3.8806500477087605e8
1.4745292871538317e8, 1.920824742718886e8
4.985371689278066e8, 5.531411289706601e8
2.4618644620616972e8, 2.784738675259835e8
1.378859890434886e8, 3.1715861959112775e8
1.6054280106111756e8, 2.636567826032289e8
1.536216125450433e8, 2.2758155523772335e8
1.5754987688135043e8, 3.414934461851704e8
1.6272338132942253e8, 1.9995324458312446e8
1.822682355209441e8, 2.3380345354897633e8
1.6287874044663137e8, 2.699854589729604e8
2.1400928775197765e8, 3.6741135819146395e8
1.307538628936764e8, 2.2190264693053913e8
1.3036204470985413e8, 1.856935027045152e8
1.5933868991773883e8, 2.3751831607489786e8
1.6552577515998054e8, 2.9717733227127945e8
1.4113794077347037e8, 4.5131884701552016e8
1.077032338377839e8, 1.521807235424505e8
1.0648600854056518e8, 1.9955758894801086e8
1.0349530722820781e8, 1.4173903885476807e8
1.2696212791880456e8, 1.6728128574891144e8
2.754091849860445e8, 3.9263148799944293e8
1.4857023147014678e8, 2.3774487382619923e8
1.881424712157439e8, 2.788719534573192e8
1.4287841363071552e8, 1.9204613569055563e8
9.701131598640096e7, 1.6290470547876176e8
2.4149159515164462e8, 3.320483353295616e8
1.1604941754547182e8, 1.4631741097411433e8
8.97200773688617e7, 1.9385718152045497e8
1.145530926413089e8, 1.9602901828239924e8
1.295340878868973e8, 1.6687679353217047e8
1.0816556117277184e8, 3.164388847103357e8
1.3505259648460767e8, 1.9739514823680496e8
9.402247381902495e7, 2.074342882031785e8
1.2117093322956394e8, 1.8022024883609077e8
1.6086398812742653e8, 2.0788118485199016e8
1.555036253369213e8, 2.3733765557709807e8
9.14873158935526e7, 1.4285243596584722e8
1.6394202799196333e8, 2.2739275753205693e8
6.131252562423022e8, 6.66144968890256e8
1.9071829759229538e8, 4.8622879889644533e8
1.408122242857225e8, 2.0186539673496586e8
3.21545249676177e8, 3.678654553026946e8
1.3023025847997688e8, 2.46784438053348e8
2.4895567942055708e8, 3.417246425283519e8
3.9447823234227306e8, 4.714070647382896e8
1.3226283339721723e8, 1.8326182756307364e8
1.1795097238008265e8, 1.997316439354717e8
1.7447236130350888e8, 2.8006194422969097e8
2.088134839449726e8, 3.204962180151175e8
1.2994379521240605e8, 3.4097574925929946e8
1.1578150977007201e8, 2.0674176145410135e8
1.3483726739170742e8, 2.6680875506657836e8
1.4220884255772927e8, 2.3492206951684955e8
1.0402992311486872e8, 1.9359067224083257e8
1.4137746493423164e8, 2.128682335789564e8
1.7856170429712373e8, 2.563464121527687e8
2.623762595160617e8, 3.174397089598498e8
2.3999844037003773e8, 3.41009838776638e8
1.0770083256456675e8, 1.7046038351911262e8
1.3312087112641616e8, 1.9941601321872663e8
1.7033398754329297e8, 2.602401233981376e8
1.5870130576276323e8, 3.1080572007133865e8
1.8858389026859847e8, 2.3593758473915792e8
1.511871183377542e8, 1.9230263630475304e8
1.827013034894964e8, 2.6159469504116628e8
1.6764739573140627e8, 2.0552528263536587e8
2.1999995837710017e8, 2.723615469974725e8
1.6494615509507927e8, 2.835999462873146e8
1.4599152941248298e8, 2.0323613459934664e8
1.967857948440422e8, 2.5474448636200058e8
1.5013356176392955e8, 2.0301022389949536e8
1.5508660904730937e8, 2.3532614380479145e8
1.7924353265550324e8, 2.200776468493426e8
2.719804724426005e8, 3.3105318568861e8
1.0926225432878721e8, 1.9317888673366964e8
1.8526768344042075e8, 2.319959985717801e8
2.535948001712425e8, 3.4344149885982966e8
1.2822544570013055e8, 1.773557575907173e8
1.4426368724847367e8, 1.8474431508893135e8
1.0919414944543555e8, 1.8369229975102162e8
1.335702914484132e8, 2.2735332345125782e8
1.2459572730815451e8, 2.4525953226935765e8
2.2699306396931055e8, 3.042064640349986e8
9.842395402926591e7, 1.593344769373796e8
1.3095444636976717e8, 3.1942220151748747e8
1.1322140828743249e8, 5.1656933126254934e8
1.2501988023005822e8, 1.7904382905935365e8
1.7489838732994097e8, 2.6718779002395293e8
1.202462605510679e8, 1.8580120394921896e8
1.1798970296237445e8, 1.7247199034123376e8
1.8618186019757286e8, 2.3455500943775e8
1.7980394869259712e8, 2.320275946245755e8
1.2647483824575244e8, 1.7531653170243433e8
1.4692273841156256e8, 3.06276302126084e8
1.6325563608696368e8, 2.3373119422624746e8
1.5073675210634893e8, 3.1162966130119795e8
1.496560328615725e8, 1.979149349180243e8
2.3086918877590188e8, 4.091589349704141e8
1.3544313927030346e8, 1.8839644300620475e8
1.3567780444145855e8, 1.9243554359870943e8
1.2806177402289015e8, 1.847164825895092e8
1.4927095484638533e8, 2.1838588869279554e8
3.169999379858948e8, 4.0387679027353406e8
1.5263825478717807e8, 2.3891168392234886e8
1.0876522141218798e8, 1.4739172227087474e8
2.072308710355858e8, 2.749902743390401e8
1.67949788547295e8, 2.818081223135526e8
1.3771392712457526e8, 2.4978211142140955e8
1.582381672321821e8, 2.590626198645426e8
1.4688139750596878e8, 2.521043379563203e8
2.6714496536941686e8, 3.2413140698907804e8
3.022507428334999e8, 4.4884836708143854e8
1.4701114547975534e8, 2.1330687646863627e8
2.059068070115811e8, 3.2198946541233563e8
1.1789533812842783e8, 1.6984430493482155e8
1.3182167547410195e8, 2.914107973673127e8
1.2266402029090913e8, 2.1025338100198987e8
3.2975501737970084e8, 4.437877405402479e8
1.5399807219017103e8, 2.1630581420306236e8
1.672369592657472e8, 2.217399767500743e8
2.7703975877694094e8, 3.980203797227192e8
1.5176346173984355e8, 3.1133702179167485e8
1.4955025068369097e8, 1.983499571525827e8
1.2566444018606028e8, 1.5851208793259102e8
1.878484583964569e8, 4.7860802580810577e8
1.928606952979723e8, 3.3894638443776214e8
1.8181964465370637e8, 3.020465085644397e8
1.0304932897563314e8, 1.7034199148232517e8
3.610047926387328e8, 4.403716560576945e8
1.5473960479866442e8, 2.746704131749789e8
1.4293513881704792e8, 2.0567416595325637e8
2.171241644064977e8, 2.747608917986697e8
1.245206756645905e8, 1.8298871633505896e8
4.6815219688528913e8, 5.156454783155051e8
1.1647915256779854e8, 2.038334177989799e8
1.419983540204276e8, 2.269094018453465e8
4.091150296035015e8, 4.7920682541010624e8
1.4496806581921518e8, 2.7075650206674725e8
2.793935435427411e8, 3.6372744089473027e8
1.3705946074309096e8, 2.530352155981948e8
9.550737914725235e7, 1.9084627660828254e8
1.1390053876458848e8, 2.2226979265334922e8
1.3861473695417926e8, 3.1694117637609285e8
1.4145864688372916e8, 2.3080310167525718e8
2.2214304561352548e8, 3.634964512543968e8
3.3698005050713253e8, 4.077497660879036e8
1.4278049132812816e8, 2.810123310837662e8
1.7996895670249432e8, 2.3375939716081077e8
1.8338907240261662e8, 2.386048666296915e8
1.3402827160464326e8, 2.984916613719745e8
1.8652602925108075e8, 3.051588099212474e8
1.6076507623027715e8, 2.1484046134370697e8
9.978514449689487e7, 2.6452310217371786e8
2.110086820858039e8, 3.051396314290568e8
1.2245113942253754e8, 2.026193676378281e8
2.4990702570619914e8, 3.584366384023724e8
1.948412884184848e8, 2.6715584149220935e8
1.0904669219023469e8, 2.2260237821101692e8
1.1641103901657516e8, 1.8896872916256002e8
9.53861121740052e7, 1.7036016983681673e8
1.9154416353990218e8, 2.707277638672591e8
1.4483494269840357e8, 2.2352412735109496e8
3.601170178738188e8, 5.689994026662889e8
1.4423058121249008e8, 3.194441984573779e8
1.2420573144999808e8, 1.7079911127107432e8
1.589561357755877e8, 3.327137413267517e8
1.9558841843209863e8, 2.801171066485113e8
4.774999256363838e8, 5.313322438820439e8
1.632756453524008e8, 2.3131808978235024e8
1.513349966684278e8, 2.411321394221944e8
1.2032208744766992e8, 2.0525235526617008e8
1.2297035313367349e8, 2.860957881209049e8
1.4496959990221545e8, 2.0540328165075088e8
1.6314177093659797e8, 2.0714898084826878e8
9.210736635951787e7, 1.3801470161319944e8
1.2660730122142492e8, 2.2556543605434597e8
1.5184283761227515e8, 2.2919969591316843e8
1.9801548931280175e8, 3.3887473650141716e8
1.858952997310991e8, 2.2265867347628894e8
1.59432285534915e8, 2.5155856069683748e8
1.411064506214666e8, 2.5704700017567402e8
1.3459490907406002e8, 2.1595138400368556e8
1.4858044238470718e8, 2.1616683123369968e8
1.407840002952202e8, 2.8729772805876076e8
1.6983355600513026e8, 2.4100189601703563e8
1.8747084305050802e8, 2.5721671247955325e8
1.0805291643915287e8, 4.0107750000959796e8
1.3741689060365865e8, 2.382846527131585e8
1.9120492395320824e8, 2.5286481207858035e8
1.1044110324516322e8, 1.9133617719766384e8
7.647038035709703e7, 1.6341709295707762e8
2.2172288761457562e8, 4.752095505983874e8
5.0209861007353216e8, 5.37008171513202e8
1.369663596911809e8, 2.9453881620915824e8
1.3133637151196593e8, 1.8691862895230386e8
1.7968808412631673e8, 2.8494266176406235e8
2.0454344858414832e8, 2.772455862082178e8
1.405200879951059e8, 2.2132098860540432e8
1.7396379919473645e8, 2.6103669288254115e8
1.5010106463932425e8, 3.6393487052358603e8
1.6074280454508513e8, 2.3234508064944777e8
9.892770006748913e7, 2.2238560333234328e8
1.2390168109887673e8, 2.0832786739714324e8
2.253715009415576e8, 3.092271853435312e8
1.5799743811897293e8, 2.0469866858093366e8
1.288209550267429e8, 1.9821557893356076e8
1.0613418121673872e8, 1.511482850523042e8
9.53515733234917e7, 1.749612584103768e8
1.0013315601240303e8, 1.6163849185418674e8
1.9195920970532382e8, 2.689580383542564e8
1.1660477632986405e8, 1.72754070447775e8
2.2448479524348122e8, 3.249605568525401e8
1.3243189825933863e8, 2.0215004544794402e8
2.0330199931717038e8, 2.8889026006017476e8
1.0162953038839276e8, 1.4799825364278102e8
1.5354135883500165e8, 1.9437132113686094e8
2.0285947280122456e8, 2.571263512648625e8
4.6143748441273427e8, 5.301382760593934e8
2.4779742786238736e8, 3.141273972877795e8
1.3629195862533557e8, 2.3534103042220408e8
1.8171495672527516e8, 2.68640415365044e8
1.6138073644817045e8, 2.341695037534489e8
1.3486063902072948e8, 1.7301393947934377e8
1.3202173477167594e8, 2.1345538511114782e8
1.028637343726145e8, 1.8776997843079185e8
1.3153168495233624e8, 1.7057644836403e8
1.2358782891374187e8, 2.2277458868387097e8
2.0766346263117817e8, 2.5479135748598984e8
2.0896746338963145e8, 3.6968031449494725e8
1.5475554833889195e8, 3.4967304782286245e8
9.404558500979128e7, 2.263858321910631e8
1.491776611477667e8, 2.1867039544280234e8
1.3572012120947048e8, 2.2923848115131512e8
1.4005746774172908e8, 1.8856688351289758e8
1.0997011263984466e8, 1.5637069966805208e8
2.798761175240176e8, 3.314126638898639e8
1.0156429183849502e8, 3.722371264090046e8
1.207990398230952e8, 2.0155903743309698e8
1.1640228891291569e8, 1.7590265391208324e8
1.7133301718363398e8, 2.1250096149445623e8
1.328224085409214e8, 1.7318824893636167e8
1.0557335411099707e8, 1.6939433456473917e8
3.5536582990036607e8, 4.8072164268752193e8
1.2802573439626e8, 3.367690184121557e8
1.181098431570327e8, 2.2077586926634997e8
1.5484743950505775e8, 3.343398175252365e8
1.360576782610479e8, 1.687605528981581e8
1.1631937979511948e8, 2.721282538882799e8
1.389059848596575e8, 2.0124757907720736e8
1.7459746504851535e8, 3.8959092973562557e8
1.3811453370383036e8, 2.5104535583263895e8
1.3189284467926383e8, 1.9714336796653497e8
9.8127239664189e7, 1.3340253245619802e8
4.0212314904381984e8, 4.797797487854975e8
8.13936923239482e7, 1.815813070987296e8
1.3766729651322383e8, 1.8196338472677508e8
1.5885564011629885e8, 2.5513763518333262e8
1.693151569294562e8, 2.823032301988477e8
1.6229687782602933e8, 2.243180656322592e8
1.3771484808839363e8, 2.0579294723623276e8
2.0656547493476665e8, 3.200470769778713e8
3.687596165559335e8, 6.412019372020441e8
1.1383294177532104e8, 2.4606249966832572e8
3.683439210672476e8, 4.316905581541234e8
1.5833589389699137e8, 2.4256065101800862e8
1.622002841301727e8, 2.2615996191082484e8
6.842519690652598e7, 3.018065288082621e8
1.11088680014485e8, 1.847520375955285e8
1.5841384442893028e8, 2.624243995209585e8
1.6986954883972746e8, 2.3621031084420556e8
1.5948346831823766e8, 2.098479625126208e8
1.0221432063248819e8, 1.7830073182130533e8
3.4701300198133695e8, 5.1383104937635463e8
2.571247734096632e8, 3.437936319770844e8
1.5356060779289693e8, 2.2430127229943687e8
1.3607596798608574e8, 2.01221771986265e8
1.398747254034621e8, 1.7386631358165586e8
1.8277745401249328e8, 3.153042498793564e8
2.6678214475625718e8, 3.165118417301751e8
2.601464789757505e8, 4.3403907560889995e8
2.9998558044755924e8, 3.767504773982735e8
1.7752244337391472e8, 2.4115197099051234e8
1.2733118245099474e8, 1.9564917730239344e8
1.1878011832181929e8, 1.546548100813627e8
5.955185777357123e8, 6.727755818333814e8
1.4361956613538542e8, 2.5858386785697728e8
1.0402599768481466e8, 1.9717304863239765e8
1.5874740606539297e8, 2.9741163509442925e8
1.2748274510597256e8, 1.7952750724882612e8
2.646864607487757e8, 3.687291932144288e8
1.660749276071331e8, 3.212624589767474e8
2.084405741265388e8, 2.4165000276268682e8
1.1161496540880212e8, 1.9933449465093377e8
1.3577573418419543e8, 2.1526064449191037e8
1.470269378506241e8, 2.414170768274116e8
1.507999460387125e8, 2.0478972522137237e8
1.869152367512473e8, 3.6311550271990365e8
1.034217107401302e8, 1.406195289266573e8
2.0091376674404207e8, 2.934298737828061e8
3.749595117681364e8, 5.0714094260315853e8
1.4896826378153616e8, 2.4673021638100263e8
9.850172839188758e7, 2.2121261946582726e8
2.2640034429534364e8, 2.8419464612471634e8
1.3789476132612124e8, 2.1542004622095582e8
2.0872707773338896e8, 2.4354368903009775e8
1.6285945276429328e8, 2.2656490641721237e8
1.489494597790404e8, 2.365688396929861e8
2.673013821765149e8, 3.390840790918243e8
2.2656052591234714e8, 3.21453181378018e8
1.901102829704596e8, 2.8606568916813344e8
1.868972726262544e8, 2.5072785732199067e8
1.4687951163372758e8, 2.0675844429037747e8
1.3435141432906735e8, 2.3892777320200074e8
1.5282248111059615e8, 1.799826016530289e8
2.0279872853660527e8, 2.9673674129202e8
1.3721894049521106e8, 2.116332816930669e8
1.3248828321392833e8, 2.0072244286967513e8
1.1455235343606228e8, 1.7157033763469955e8
3.86058386660909e8, 4.425191183797015e8
1.6086469474839988e8, 2.2854486198891973e8
1.7847619013803953e8, 3.5150076721896946e8
9.025976868101904e7, 1.3837749394898248e8
1.225506079844593e8, 1.5553139157566234e8
1.2907131856374533e8, 2.2576982991841695e8
1.7198541178392354e8, 2.660310079356284e8
1.1683347218388134e8, 2.277629727710506e8
1.752635205161232e8, 2.625872165608235e8
3.010393637008118e8, 3.893384990059928e8
1.5376308752987406e8, 1.856837589216318e8
1.2185636754999816e8, 1.8137532950176755e8
1.1953120010276145e8, 1.6444070129291412e8
1.2660011671097122e8, 2.012748869461012e8
1.535350659835524e8, 2.692565406277363e8
2.0551457514541388e8, 2.5981228116850388e8
1.452283956131267e8, 1.7973647028762785e8
3.126320595174477e8, 3.752899117247916e8
1.6559334596646702e8, 2.6820612603485054e8
1.9250256441544288e8, 2.5402018877840713e8
8.424462183168107e7, 1.3207598582450174e8
2.2779001626423728e8, 3.0239859041579914e8
2.5601007281532434e8, 4.6603754448187923e8
1.7338839496639082e8, 2.358834519951554e8
1.8347984419104972e8, 4.157461137930471e8
1.0301830298417509e8, 1.8750409573715374e8
1.277048745556744e8, 1.5310552111401606e8
1.467956693157554e8, 2.405633650574018e8
1.3355539431951603e8, 1.9333278290578485e8
1.562542646330562e8, 2.527616606963717e8
7.208621421690757e8, 8.413250993583729e8
3.2207894837550116e8, 4.8345624355293334e8
