1.4579819485446504e8, 2.2214335844460225e8
1.7399670439125255e8, 2.474530557872076e8
1.1962853908554536e8, 2.285209035173913e8
1.7638006364666766e8, 2.3492854424294963e8
4.089448394715693e8, 5.117798576467242e8
1.3353476735601135e8, 2.0140671714422485e8
9.030336715424983e7, 2.1178486310013956e8
2.851393968846597e8, 3.451834611330507e8
3.893141657145804e8, 4.3441023211525005e8
1.2396730038050647e8, 1.7853823870497876e8
3.364047567836465e8, 4.1482365819054246e8
1.3008331293910387e8, 1.778341204822432e8
1.2258951623220944e8, 1.873082747039393e8
2.928371784012828e8, 4.1481198733056206e8
1.527627232275548e8, 2.781359016212512e8
9.930202837777288e7, 1.6434726893243974e8
1.7586438318088484e8, 2.833756540363452e8
1.140550757449851e8, 1.721875138431839e8
1.442620079613833e8, 2.2321951031858116e8
1.9754828487416402e8, 6.218835506552444e8
1.6439826786436063e8, 2.2365314492358407e8
1.1387587971252584e8, 1.7265281314126244e8
1.8677272748340052e8, 4.1449396193376845e8
9.178117854647793e7, 1.9144550946467224e8
2.038617292430737e8, 2.4357525407797518e8
4.026728664787397e8, 4.449808883563908e8
1.1042520293967436e8, 3.475392822267288e8
1.568220825024804e8, 2.145277723654688e8
1.7142349042297947e8, 2.6204456552122265e8
1.339524692313827e8, 3.3758509989897585e8
3.0201014709396255e8, 3.7888501859596276e8
1.8941163347692576e8, 3.1076692640297806e8
1.1274081178748296e8, 1.82971036870154e8
1.2095867321166718e8, 1.846414707222678e8
2.568213622179018e8, 7.472452703220373e8
1.1939277792711729e8, 1.749171002346705e8
1.159082722042606e8, 1.6068782113689053e8
1.4672068760109448e8, 1.9687781642291126e8
9.225957900100423e7, 1.6298975470903772e8
8.385486560684395e7, 1.6356357774661836e8
1.763081765574982e8, 2.780272533011165e8
1.676845145566182e8, 2.4048609711989564e8
7.130144290738313e8, 7.683113021923378e8
3.1490583526170754e8, 6.582722629185914e8
8.031813893627073e7, 1.8899316824338788e8
1.2678007411980557e8, 2.1498483429464507e8
1.5430842418190932e8, 2.1827033659428835e8
1.1881696044370608e8, 2.0158787122841758e8
1.0789736311460318e8, 3.930701481448478e8
2.563139472754846e8, 2.996220798707631e8
3.486402847686678e8, 4.3239835676332176e8
1.9573101065113845e8, 2.616744679355532e8
1.4718224940050784e8, 1.9127856731639737e8
1.9224774247285572e8, 2.687697771391058e8
8.85435290879174e7, 1.4028827634479052e8
1.4620466076991466e8, 2.3232516868251082e8
1.1577706951438287e8, 1.4993545477613285e8
1.171237977229682e8, 3.14153036951639e8
1.9660155282985398e8, 5.089708381572291e8
2.58981167152373e8, 2.9454998292098415e8
9.99463157208629e7, 1.6139289387672368e8
9.069373000722247e7, 1.663624384426342e8
9.933824311274227e7, 1.3883261849901128e8
1.3014501473924977e8, 2.4525425534991068e8
2.0136284621238184e8, 3.0174478396576446e8
1.0639827725407287e8, 1.729843114058926e8
1.9980884862582615e8, 2.741369265814798e8
1.459481379182603e8, 2.0285201896188483e8
1.4591125031378245e8, 2.5272086333136088e8
1.3756309183568284e8, 1.797242271108449e8
1.5234329124441218e8, 2.184252389326067e8
3.477016063987337e8, 4.2109071019838184e8
1.7923980058808222e8, 2.572384710766755e8
1.2296181461516853e8, 1.8093087517357373e8
1.9471570937558934e8, 2.8065320747145045e8
1.2266646978183396e8, 1.6482333812029943e8
3.137196687315622e8, 4.2708125912402636e8
1.0865363162652366e8, 1.654250155465478e8
1.7621790715528882e8, 3.2476252783050454e8
9.87347709126119e7, 1.3974736399320266e8
6.938911890849661e8, 7.711513754326303e8
1.4038745286588463e8, 2.2130809886563018e8
1.7359388437055445e8, 3.232194233419889e8
2.2137332236541766e8, 3.0689668959328425e8
2.1464434585598785e8, 2.582314886585617e8
2.034153441422475e8, 2.6104000426675573e8
3.31116102500033e8, 3.911662198602082e8
8.537655472059728e7, 2.6620755301478615e8
1.8052233724717057e8, 5.398848031777494e8
1.641357572470156e8, 2.2081018880535054e8
1.162724774452418e8, 1.91178433110718e8
4.3873763983237267e8, 5.385762578498307e8
1.176543634856013e8, 2.229077806990275e8
9.713453807032159e7, 2.5488925330366108e8
1.702585938792271e8, 2.1658362109399647e8
1.7953929318313587e8, 3.3489086384770286e8
1.614547863471516e8, 2.4911825196847877e8
1.2895543289274646e8, 1.8597227436957154e8
1.8625396003075913e8, 2.4825812608584145e8
3.695368663684987e8, 4.472827252634521e8
1.356399448536026e8, 2.5009253977313408e8
1.7154591262261412e8, 2.781440119167136e8
2.2215438929392645e8, 2.972439000988713e8
1.5419227099958348e8, 2.6305595325116023e8
2.2803850708021608e8, 3.1806625689124656e8
1.3930612204697993e8, 2.25532282433204e8
9.53575696360144e7, 1.4228726445879593e8
2.4991505972160965e8, 4.6080658769052e8
7.659965000408201e7, 2.991752844013693e8
1.3899495928901675e8, 4.8282072776068395e8
1.9317594982128677e8, 2.829713942807141e8
9.468728443277122e7, 1.479144731084631e8
1.0719879918395925e8, 1.9078155463323498e8
2.5336526224728853e8, 3.1534359282415354e8
1.4686152954383895e8, 2.2761264023429102e8
1.3142219026474224e8, 1.841683545357413e8
1.1711090144122085e8, 1.93067395677346e8
1.1943520708074127e8, 1.7902432449284077e8
1.088038685712078e8, 1.502344005397841e8
1.79407420593349e8, 2.6561755380315456e8
1.4513461071964395e8, 2.315998406116293e8
2.8203159126442665e8, 6.668805837372512e8
3.738344373898726e8, 4.883280895493156e8
9.321917770924406e7, 1.6399030462524945e8
1.6831484073838243e8, 2.6498381452428782e8
2.2479650512515494e8, 3.243326808657478e8
1.8925899272049862e8, 3.380001639954371e8
2.1743244348312712e8, 3.134173725209806e8
1.4334425119718587e8, 2.1454960022380513e8
3.140349036812439e8, 3.638799643827139e8
1.1665524837287235e8, 1.4896981521861356e8
2.4633178493077967e8, 3.725703483893344e8
1.818393602708239e8, 2.533889974788895e8
2.25427901993456e8, 3.06594487170965e8
1.5900679850339147e8, 2.1260310604582e8
1.1843282853384311e8, 1.8729488985327208e8
1.845212069196501e8, 4.149134960942251e8
2.4538037367338872e8, 5.793211226627065e8
1.2996522690386915e8, 1.8046261548853803e8
1.5790862814423567e8, 1.8688770225036967e8
2.4100641288887218e8, 3.6587398843316835e8
3.114612534116918e8, 4.160650661081201e8
2.168186513036375e8, 3.387340102218011e8
2.9097352627003926e8, 3.361482119348983e8
9.67139409621636e7, 1.5258220575460052e8
1.9774745861021167e8, 2.59046013480491e8
1.2892944041642125e8, 2.239448343316071e8
1.0944921022399609e8, 1.727150528698319e8
1.1374721193995336e8, 1.7976767563603383e8
1.539777350757355e8, 2.1444792369078895e8
1.6768625891293457e8, 2.3472545515218094e8
1.1588602789673227e8, 1.9337838165145227e8
1.297191879274928e8, 1.8852284697732943e8
1.437726565918256e8, 2.1898129585221106e8
1.5426962623316574e8, 2.5050228663897163e8
5.803915667759409e8, 6.538961082410909e8
1.8710868299489468e8, 2.6376016901599026e8
9.959402316512218e7, 1.3486288769794288e8
1.1353493880324388e8, 1.8502158670237926e8
7.660012853501062e7, 1.6679215750457698e8
9.187728746058908e7, 1.8538914459349188e8
1.4620632288023296e8, 1.9824352567465994e8
1.0902157272105989e8, 2.0729368029409438e8
2.2685794756569833e8, 2.875341910639005e8
1.762535183117841e8, 5.08775744484686e8
1.701936769979053e8, 2.3926255993937108e8
1.7400440940283892e8, 2.475945934101069e8
1.3583999431692138e8, 1.9136921916241494e8
3.714024142738365e8, 4.6428816938692194e8
1.1226142662381147e8, 2.101665444082493e8
1.1498156686749798e8, 1.7522557733568573e8
2.786775476427685e8, 3.54641802802674e8
1.1673605674578604e8, 1.6327620590419134e8
1.7882916862269416e8, 3.277806868140977e8
8.602493242533891e7, 1.3288363460421321e8
1.9196706718758696e8, 4.003992551914593e8
1.0018802798745897e8, 2.1254412818485737e8
9.083936367939027e7, 1.5667862911163273e8
2.5442031479964662e8, 3.506561442309054e8
9.867317732187228e7, 3.5026599208644384e8
2.0011479048075512e8, 2.752521396949692e8
9.343903353150621e7, 1.4929481737320766e8
2.698901411804625e8, 3.3007359289731145e8
9.976415132060505e7, 1.503381445250226e8
2.6452366339856812e8, 3.5079354814293855e8
1.760777537139197e8, 2.3708659549301162e8
1.9524328379994792e8, 2.5223618633184555e8
1.683193099313495e8, 1.975415121800181e8
1.6220491845524418e8, 4.4260724286186755e8
2.7985368223966765e8, 3.67630430187057e8
1.5755754802963683e8, 2.3554485858783135e8
1.2752101062180294e8, 1.759808582582001e8
3.489002735641404e8, 3.9477359746100146e8
2.5004711998889044e8, 3.726994659572977e8
4.698029614145914e8, 6.069784949108273e8
1.3218200868746006e8, 1.8705891208822945e8
1.2422155491248822e8, 2.0538188111069614e8
1.3165590718711911e8, 3.2632126805266523e8
1.2674330753457016e8, 2.424538615066545e8
1.6575546303516638e8, 3.660604892493504e8
2.1538334773205018e8, 3.311875530459103e8
1.580924293671263e8, 2.678440317954744e8
2.7044102149145776e8, 3.5847170219152117e8
9.127872978843884e7, 1.766643859343619e8
1.6922280886765862e8, 4.197557336079202e8
7.812483347849874e7, 1.4547547486564294e8
3.8676306661531466e8, 4.556532561274931e8
1.5102570716602564e8, 2.0754820258784536e8
1.3923818542195553e8, 2.0903845463776687e8
1.2407743377161236e8, 1.7372362943299794e8
1.5520568658634597e8, 1.894986550021046e8
1.3399076786006491e8, 2.5694657757007918e8
4.512817914089147e8, 5.300258795448268e8
9.346683490799572e7, 2.0596720454484797e8
1.2369940193780752e8, 1.720214190265009e8
1.2474640539301206e8, 2.5556238172970346e8
1.5647976829297152e8, 2.6334217059223953e8
6.849127893924375e7, 1.1686558427234127e8
1.0872959409181872e8, 1.8435606321141264e8
1.0912886480763777e8, 1.5655200691000438e8
1.0258277022059746e8, 1.474310682250592e8
1.2916845948406093e8, 2.657323087718543e8
1.9100853840895933e8, 2.9316659781928664e8
1.393861232608414e8, 2.745383978014781e8
1.0949564216196136e8, 1.7305283929482263e8
2.5822982450489107e8, 3.362707024142744e8
1.906586734979509e8, 2.457416858548347e8
1.5978497021505016e8, 2.6383709578113288e8
1.5008120365440738e8, 2.5423942359853682e8
2.14219792631765e8, 2.8319489356163657e8
1.98015713549521e8, 2.945623952309768e8
3.5028933147298247e8, 4.886150816241716e8
1.0970402276099938e8, 2.4254883388933867e8
3.666907420284705e8, 3.963094441308192e8
1.6417815633624604e8, 2.3348636065367854e8
2.926988788615472e8, 3.726081952564624e8
1.1777845691636169e8, 2.2581163852250215e8
1.5610082850810632e8, 2.2949720773884174e8
8.41676786130661e7, 1.3795102153915766e8
2.193658024573441e8, 2.808964788488411e8
1.2437689737402599e8, 1.9258881660680166e8
1.490787782223333e8, 2.0074975790843457e8
2.0370406766920456e8, 2.504463777800524e8
1.25657520631703e8, 1.918464515027069e8
1.3437108628219196e8, 2.0548005213491738e8
2.0801937151447585e8, 2.3090453124310398e8
9.906154237831044e7, 1.6311178859890297e8
2.399000477714153e8, 3.5224626945622045e8
1.480420301174106e8, 2.2012608547866282e8
2.5121668159025678e8, 3.3518367067490584e8
1.399966606839828e8, 1.8161985424803063e8
1.4788669905524147e8, 2.215502148106369e8
9.251808887962759e7, 1.7366943257816273e8
1.5055906140832695e8, 2.545431568573196e8
1.928376736102154e8, 2.835830137447504e8
9.839291118656965e7, 1.5322225950700918e8
2.2787211224445397e8, 3.218691006943958e8
2.1721052885173535e8, 3.1639371438686097e8
1.5222104371695384e8, 2.2858643041704106e8
1.6138161231746206e8, 2.197834249463354e8
2.6690107117388174e8, 3.2644556793799436e8
1.515090513169937e8, 1.934768291360664e8
2.712263062754144e8, 3.501776654737282e8
1.3462858239098042e8, 2.0313265359953278e8
2.0087989305623347e8, 3.5296721824730396e8
1.06242947057033e8, 1.4165667130331388e8
1.3173968615801464e8, 2.1522951327233982e8
1.014826768793304e8, 2.0247098561088535e8
9.115060848065373e7, 1.455391704205769e8
1.3546719539496857e8, 2.0402669862714717e8
8.168042457482988e7, 1.5405420074265572e8
2.0722684474379385e8, 2.803334910060928e8
1.195142506299155e8, 1.928196438826823e8
1.8235204970326647e8, 2.393305549403486e8
1.0888645528931636e8, 1.542106327035188e8
1.3802272407156613e8, 2.2013238536772734e8
1.219303112339552e8, 1.782296760231413e8
1.5668350029126164e8, 2.2315772290280357e8
1.2392239723735064e8, 1.7687899987409908e8
1.8022121237272927e8, 2.3234871400436676e8
1.4352398951735723e8, 2.49593377509002e8
1.5923663139651483e8, 2.265280105865492e8
9.855540352698301e7, 1.6847559995401037e8
1.2566042543620747e8, 1.7401003894295698e8
1.7005457468557858e8, 2.937069452551455e8
7.096592156142975e8, 9.92177140572672e8
1.159158249730712e8, 4.211146386706878e8
2.6957870030047554e8, 3.411228377212524e8
1.394380055839632e8, 2.111361125291336e8
2.2122888916043973e8, 2.8278123985828686e8
3.071811816012636e8, 3.804474653811267e8
3.198132498480782e8, 4.939740687649622e8
1.1901411689734432e8, 2.2866970964101857e8
1.9549133894430527e8, 2.7477926630630904e8
1.5147339358907312e8, 2.122600076275663e8
9.340217970593022e7, 1.7250827785260463e8
2.077140629169513e8, 2.6717168503972638e8
1.2184496747431378e8, 1.735894260076458e8
1.5691389370617887e8, 4.4027092712238353e8
1.312485291208188e8, 1.7695242083614603e8
1.1631987842972584e8, 2.0169577101420134e8
1.33245750723773e8, 2.760469079878669e8
1.5039795129079506e8, 3.5142098678792155e8
1.424217300247422e8, 2.2405245404397535e8
2.0704362185351163e8, 2.7556877120380235e8
1.2978397146740635e8, 2.015481998979409e8
1.7003734881869245e8, 2.1233143645716432e8
2.3275643980534017e8, 5.126485370712304e8
2.3611928215613958e8, 3.793571656772801e8
1.7847548921849212e8, 2.7602597734997773e8
1.2774276288362063e8, 1.905608215459594e8
2.1484430568027696e8, 2.857147910334487e8
2.0804135980527815e8, 3.773820233826649e8
2.0844417465777916e8, 4.338824490330603e8
1.8344391925221446e8, 2.1701897626800412e8
4.256785638210745e8, 6.208322701258001e8
1.3183257363626845e8, 1.902898410149265e8
1.3187531138173492e8, 2.7234639044439363e8
1.4611338562309998e8, 3.376456279767624e8
1.3871508622817004e8, 2.259815133566873e8
2.5317071342573774e8, 4.4602151436301655e8
4.1691247337577003e8, 5.536397580618784e8
2.3796773353281537e8, 3.332777562911216e8
1.1702771771786463e8, 1.6745973376004687e8
3.5541742068093354e8, 4.170110566344396e8
4.397805633829517e8, 4.811657877677386e8
1.6051131840206674e8, 2.197950316851705e8
1.5001250473279843e8, 4.091221130720199e8
3.3187809551826e8, 4.3869966034384334e8
1.1575942181766737e8, 1.8817665771423158e8
8.912881910474952e7, 1.447479161048658e8
1.843528853106688e8, 4.753896379704852e8
1.5418574424511498e8, 2.138364022684058e8
1.601002024975392e8, 2.2455204318500993e8
1.2716393301182136e8, 2.1123869059261972e8
2.912974488298435e8, 4.296194409752433e8
1.8708423524781695e8, 2.607491123691755e8
1.8339208540025312e8, 2.9899892477189726e8
3.292405022476807e8, 4.7448059795172554e8
2.418900958513474e8, 4.080982306938987e8
1.8464077829876608e8, 2.5666525173661402e8
8.864059339534777e7, 1.3717653442563984e8
3.446433906981412e8, 4.020460184255914e8
1.7924473724913046e8, 2.7012780605995554e8
1.1049996657517497e8, 1.902502239831911e8
1.7269306181750417e8, 2.2984183404724616e8
1.3324604186141106e8, 1.82436055026714e8
2.0640923061342764e8, 2.6741638829043934e8
5.405744757917141e7, 1.0827025382475445e8
3.20761770207957e8, 4.066421547496097e8
1.1473165489552402e8, 3.2219330721056765e8
9.750636511649413e7, 2.1325641487827668e8
1.5220715746199203e8, 2.295250073000523e8
2.66796783111716e8, 3.207906956206726e8
3.6233097277469677e8, 4.470838357387806e8
5.539960060096482e8, 6.112244332769822e8
3.0762214272596955e8, 3.8682319993229955e8
1.2444529242491417e8, 3.1837002853420526e8
2.8227718592841e8, 4.3267880555812913e8
8.924446693743362e7, 2.2794317251802948e8
1.106869563619443e8, 2.0129829159566212e8
1.58754246763551e8, 2.3054349902752542e8
9.305337221638949e7, 1.8145845882075548e8
1.0663902007669955e8, 2.0412453275603527e8
1.0825392369300745e8, 1.6334169547798514e8
1.1770373337199597e8, 1.6927895214338547e8
1.4803132023794588e8, 2.6138702926225674e8
1.3259139352567914e8, 1.9585963664832723e8
1.3513192176448908e8, 4.599387761473266e8
3.0077739468608004e8, 4.327236204418087e8
1.377231941812902e8, 2.1343030934727478e8
1.2402317921337144e8, 2.5459304303648928e8
1.2826565027788739e8, 2.265302762152682e8
8.48506448942426e7, 1.6193805049865234e8
1.630345177988194e8, 3.255189647523296e8
1.2612900102226365e8, 1.889939412304787e8
5.626385123445362e8, 6.449254584639286e8
1.622706320515349e8, 4.1811912116138506e8
1.113817195473774e8, 1.813273252187436e8
1.8133408254305473e8, 4.581108577271797e8
1.5370401838726816e8, 2.1568482175907797e8
1.2926131259163111e8, 2.0239272860566998e8
1.505612316345078e8, 2.0520698062452233e8
1.2600745817872566e8, 1.8974168948239297e8
2.2545837085336304e8, 2.813237133675167e8
9.759573691481058e7, 1.7709398217280242e8
1.8735536133709356e8, 3.400994813037551e8
1.1867333146785638e8, 2.4041756396199208e8
2.450559630429464e8, 2.961264929541325e8
3.3157277700890934e8, 4.466712985757188e8
1.614078677469169e8, 2.132509504252892e8
1.1698013785663591e8, 2.378698523844131e8
2.5004979024378604e8, 3.1654800369351375e8
4.6508261838877875e8, 5.603094982693354e8
1.493730276202742e8, 2.080128871196956e8
1.3632650479289955e8, 2.0989046951811144e8
2.1906890450472796e8, 4.658892146448067e8
2.4090664317319283e8, 6.655113371476934e8
1.1811118304962526e8, 1.6882437684692132e8
3.427590154572549e8, 6.471836159934292e8
2.754311682314351e8, 4.767700881064869e8
9.916852600640348e7, 1.7642605060452121e8
1.9999949423895577e8, 2.503499186364845e8
1.838937639384423e8, 2.7319365049697834e8
3.4363784551773125e8, 7.113001499170121e8
1.472621488137417e8, 1.9412519589376566e8
1.6439046569070306e8, 2.7003121415429294e8
1.5261947104716218e8, 4.4783511636537236e8
8.5113979308887e7, 1.4719053418886715e8
2.4692857438431558e8, 3.129813290888397e8
1.1087239243744011e8, 2.3454869883106673e8
1.1740852417726952e8, 1.68701047004804e8
1.0361817735627383e8, 1.616557195696224e8
1.6422583110670656e8, 3.10493244550351e8
1.8616500452528167e8, 3.0976371223784596e8
1.0828273976078272e8, 1.784844350120857e8
4.4748380175486505e8, 4.919859477405657e8
2.0078758209219804e8, 3.2183547906049764e8
1.6073701493042853e8, 2.4052420119646475e8
1.4044531812658855e8, 3.88381458259718e8
9.29590564776636e7, 1.663334788903801e8
1.3482412492920476e8, 1.9445076709588948e8
7.736947135628366e7, 1.474665622381736e8
1.3354879602958456e8, 2.5138804212971532e8
1.5629112349696812e8, 2.3169493906872937e8
1.2156844963500093e8, 2.1238607342794812e8
2.6080718236719456e8, 5.144553770092252e8
1.315738819032114e8, 1.7073933455830556e8
1.0410072523846383e8, 1.579504614618627e8
2.020691737601101e8, 2.87050297048402e8
1.422214551085452e8, 2.6554589716417402e8
1.4869847287784436e8, 3.1703643399956274e8
1.32610817770603e8, 2.873961704085393e8
1.355206249844522e8, 2.387161240760561e8
2.5309071380309883e8, 3.582906481697526e8
2.397480353834596e8, 3.164222507085896e8
9.283796549565685e7, 1.7954088397711387e8
8.587857771043342e7, 1.226569387126994e8
1.895772812697839e8, 2.929001809248927e8
1.6616036903187072e8, 2.1226930680567324e8
1.0147927379347084e8, 1.5545613632812217e8
3.3709646283266896e8, 7.771479480909277e8
1.4687806409003875e8, 2.4112664484751722e8
3.1385183639311373e8, 4.1365689183436364e8
2.5194056506293294e8, 5.557635200982087e8
2.2884134549161574e8, 3.9452085798588675e8
1.495691690948591e8, 2.2715908928195345e8
2.1162430465853992e8, 5.174308365972942e8
1.1979364494803461e8, 1.4853705409652096e8
3.1331417969180983e8, 3.5042362041289276e8
1.532686307283001e8, 2.5552377800765672e8
1.4968550082724306e8, 2.584431859916673e8
2.6615666985396382e8, 3.331566565476319e8
1.7649592590508172e8, 2.3586049467739922e8
4.0693009764927244e8, 5.371570721294239e8
1.8158201287405318e8, 2.6406516031794694e8
2.108863540207656e8, 2.840444015789826e8
1.5435065934522003e8, 2.190868809253282e8
2.3536468283439562e8, 2.87972831057593e8
6.327453509594429e8, 7.076331097708219e8
1.3384631182781583e8, 1.9407123352221578e8
2.2756665244493407e8, 2.915246449798717e8
1.4873245643885708e8, 1.8943171876700523e8
1.0303741116431485e8, 1.621710156089987e8
1.3384759087160417e8, 3.5224225585586184e8
1.9379397613999543e8, 2.4398750357965064e8
8.99206237218211e7, 1.4611400822144687e8
1.6069496998272997e8, 2.5876362077350238e8
1.2636112845253175e8, 2.0650922814852846e8
1.9953898031631526e8, 3.483636873360714e8
1.7009960269771594e8, 2.8161617409810644e8
7.712104544138828e7, 1.2395865203833786e8
1.4124895741615385e8, 2.5152588902100495e8
2.958058988865046e8, 5.033482386689001e8
1.1846070742824042e8, 2.1524039067485076e8
1.1908027591188172e8, 2.758781656684045e8
1.2145493061005914e8, 2.2238103729287803e8
7.678094517855074e7, 1.648949301433605e8
1.3709939208978677e8, 2.1454674435074386e8
2.1608816715642652e8, 3.180916381300559e8
2.8795272843315226e8, 5.436784547514824e8
4.9330350129455876e8, 7.0164057880139e8
3.149498829493627e8, 4.162248910961765e8
1.4060977877319142e8, 2.5358641778238672e8
1.2197140451850185e8, 2.421042522452527e8
1.985651708135428e8, 2.7672344316121423e8
3.0846563161683387e8, 3.9755620353865165e8
2.3361849727174652e8, 3.010918735549066e8
1.7835961899453965e8, 2.751973881865379e8
9.785249584636395e7, 1.7731062437747115e8
7.997229857722414e7, 1.7033520661905658e8
1.9889491911879548e8, 2.7967781760919887e8
3.078355911513268e8, 4.5286744808389795e8
1.3940512752767664e8, 1.7691799318073037e8
2.273833002851264e8, 3.08365898126706e8
3.7577609067887926e8, 4.4594558736250377e8
1.3620419382121596e8, 2.0832252231765085e8
9.908793528217182e7, 3.559335191248538e8
1.0496319737947083e8, 2.0962201700518018e8
1.4970616271220958e8, 2.39558292231892e8
1.1687254674730667e8, 2.2684196527799454e8
1.0032397499229331e8, 1.6328572212046334e8
1.4343637471198663e8, 2.3139735205026308e8
2.7671563959778416e8, 4.004763395836385e8
1.740602215942325e8, 2.1905763801299646e8
1.479010615088147e8, 1.8086057404958212e8
1.4528587623353636e8, 1.837806390071462e8
1.6102906896269217e8, 2.506912493904103e8
1.627740799769512e8, 2.110647571403867e8
2.1236597281873015e8, 3.8686000454643e8
1.3886656786690637e8, 1.8625579640208328e8
2.005277032759075e8, 2.5024647053250933e8
1.2023382030857597e8, 1.7970564176398042e8
1.2700257595010366e8, 2.5115034040630698e8
2.419161694245053e8, 3.08419796183963e8
2.734773061573691e8, 4.3850985458223206e8
2.5458090311815462e8, 3.317566485485796e8
1.5604498323158833e8, 2.21069623752877e8
1.65752383219196e8, 2.774207818359498e8
1.5220367468496346e8, 2.659310022715284e8
1.2881127408504833e8, 2.035622696508487e8
3.6652619577996445e8, 5.240418753031499e8
2.3991465728973028e8, 4.0733848482519436e8
2.0333897519862202e8, 2.7640526681688637e8
9.932370542667829e7, 1.462036895923624e8
1.3140964129277842e8, 1.8828197092732817e8
1.9041486768955317e8, 3.0689052515052444e8
1.5462828571873674e8, 2.2307206003022426e8
1.5226643110491496e8, 3.4941496317132217e8
2.1340202048199958e8, 3.087285206838783e8
6.095091346011654e8, 6.379709824359735e8
9.216788770886506e7, 1.4834729217836094e8
8.467628920994298e8, 9.049296553210157e8
3.1267717245358354e8, 4.05266398068391e8
1.0774053219290338e8, 1.8156179322118264e8
1.2789154897264864e8, 2.998111151471769e8
2.672891260852601e8, 3.276090652555044e8
2.5194163266444817e8, 2.8998656481480503e8
2.9037508288025683e8, 3.642017128718009e8
1.107424251425471e8, 2.0834567285424343e8
1.460390238902896e8, 2.089384921874662e8
1.0063109573879835e8, 3.650202851137083e8
1.6407173372442958e8, 2.955815333928551e8
2.5467396504112014e8, 3.84220572071514e8
1.2254068920807464e8, 1.9289548099288827e8
1.5927771958512414e8, 2.1785683316227955e8
1.375877516481812e8, 2.2798659417994952e8
1.0035411177212577e8, 1.6232443642762035e8
3.497096962754118e8, 5.465217576448311e8
9.271689273295687e7, 1.2720985415181516e8
2.293869064016835e8, 3.1631863969902164e8
1.2826354317159784e8, 2.6476128872004604e8
7.823696948147535e7, 1.6107094880256256e8
9.691455891503754e7, 1.439083527928267e8
1.1425806568192272e8, 1.734752902883559e8
2.5888374628407338e8, 3.8188320370155597e8
1.0844341657782486e8, 1.897820617610318e8
1.1436179054492392e8, 1.6549357948565945e8
1.1366829326513746e8, 1.897943388415481e8
1.0891195687630211e8, 2.2807756538608754e8
1.556486660521407e8, 2.5459971381949773e8
3.5222569893385696e8, 4.2050247810668796e8
1.6531758043603903e8, 3.3530044957203245e8
2.98744782221084e8, 3.500089713226468e8
7.725124856320119e7, 1.42145219419945e8
1.3255753516906622e8, 2.30859260034959e8
1.148564002997315e8, 2.6290488522501215e8
2.5109209778028253e8, 4.0996999922247815e8
1.0016345913859105e8, 1.434852924395326e8
1.3097658516876493e8, 1.8710830694273043e8
3.5265767406193006e8, 4.415379522240777e8
1.594478245941627e8, 3.784414324975283e8
1.2713079829077967e8, 1.815992207042997e8
3.291603294223621e8, 5.0770972547776634e8
1.431329154598567e8, 1.9733513455431947e8
1.0057519438419649e8, 1.5238792783103594e8
1.6606060323615396e8, 5.210082669823609e8
8.557926097988461e7, 1.5526828516974e8
6.751205011432874e8, 8.435631404155874e8
1.2353391183687449e8, 2.361645550025493e8
1.4676357330424014e8, 2.2152267537097067e8
1.1784401761962171e8, 3.227318502859696e8
2.49227116586878e8, 2.926801964305061e8
1.1294170193085603e8, 1.943838207945007e8
1.794661662512136e8, 4.237223550795384e8
2.900369346343483e8, 4.0547602346036756e8
3.322572739689065e8, 4.008345837523303e8
4.7470834316773796e8, 5.771335058372686e8
1.06160902945963e8, 1.6563370575225186e8
1.1990979754402795e8, 3.566891749853447e8
1.1018560800967692e8, 1.6027370203733775e8
1.495460457130891e8, 2.1632994805175877e8
2.796717043556669e8, 3.46389272812868e8
1.1117208174491143e8, 2.1981094136403048e8
4.721061633031938e8, 5.3186769353492856e8
1.5357264489468423e8, 2.3282031882619765e8
9.237198009806135e7, 1.438238372883066e8
1.447071077780834e8, 2.32185358231737e8
6.166965103854334e8, 6.686091339290754e8
8.513090667151608e7, 1.8536424985542193e8
1.304943479582717e8, 1.671604262595187e8
1.4973490200208515e8, 2.7839878246666574e8
2.1208622526092902e8, 3.149648795461754e8
4.0636797243067926e8, 5.073072390146066e8
5.420344967458284e8, 6.476373393829864e8
1.2251686240521756e8, 2.084736245538399e8
2.4967247798069388e8, 3.654006232124424e8
2.5329150950556052e8, 3.425788378420378e8
1.8697029751314405e8, 2.3911349197586137e8
1.536081116023665e8, 3.2305078159499127e8
1.2011726593350671e8, 1.9443361790530545e8
5.035316471632252e8, 5.588776621443522e8
3.917412219120857e8, 4.3609706875995904e8
1.2736374838239911e8, 1.856593845529462e8
1.1411772425922681e8, 1.6569799881896105e8
1.4234603952378115e8, 2.0666418600693247e8
2.270120145819381e8, 2.780707628287627e8
1.694924126548077e8, 2.3968149313084874e8
1.7096124673694602e8, 4.817932162127191e8
1.174771299458337e8, 1.7064595557811695e8
9.554029950026365e7, 3.1308968772142726e8
1.3420971604763737e8, 1.9665459087471196e8
1.3659988146731734e8, 2.1247824561041954e8
1.0004652808797105e8, 1.5361951000048575e8
1.1776146805734904e8, 1.9512054815067065e8
7.855055319250086e7, 3.172871987001604e8
1.806040288658738e8, 2.7978877739629936e8
9.897888990663014e7, 2.183346461985085e8
1.4326343868617976e8, 2.021551649329271e8
1.788569829541765e8, 4.1488573414582986e8
1.9305654083709022e8, 3.3684377302473956e8
2.2572315725751e8, 4.7391410553292435e8
4.4054984218669355e8, 4.783837750897538e8
2.5785108294456518e8, 3.050758783251626e8
1.7308679618934983e8, 2.3392616058802232e8
1.7796186370228237e8, 2.625244800363449e8
1.9303429219841367e8, 3.796674956788492e8
2.1067801254380304e8, 3.1734925666399807e8
1.440207019520776e8, 1.7609845822273776e8
2.473906868065924e8, 3.2051660913139576e8
3.5179900219064236e8, 5.0822730659737e8
3.2650420562229127e8, 3.633598877062197e8
1.8336431825535938e8, 2.3493470687193596e8
1.0902990282482442e8, 1.775092799486758e8
1.3358644136094111e8, 3.7184093967291266e8
4.445186822359089e8, 5.83662360333692e8
1.8234532740443894e8, 2.4694430708091962e8
1.4136258484636882e8, 2.694993286343795e8
1.8227797012422445e8, 2.8575123490158296e8
4.0962574436738557e8, 7.791420981916201e8
1.800924345670478e8, 2.9215228629974854e8
2.227183024060299e8, 2.9941236346021944e8
2.05279235849601e8, 2.4294165731202996e8
1.1627318984386368e8, 1.762439611331151e8
1.873049257266784e8, 2.6114728035947716e8
1.404684116391086e8, 1.9568940927372545e8
1.5869350114753586e8, 2.3040110620619157e8
2.2791640195905927e8, 3.860023773432709e8
1.875078227969565e8, 2.5913289333068004e8
8.453981129562216e7, 1.5288338818592522e8
1.2270794409108289e8, 2.0370175561232275e8
1.561634488616805e8, 4.595816609058984e8
1.5528511412231103e8, 1.9697890331875977e8
7.774582681078765e7, 1.0579986556155306e8
1.3836683125050876e8, 2.9221426599526703e8
2.6391607312204587e8, 3.479548411429446e8
1.8666490869984463e8, 2.3947412004539675e8
8.281064112570417e7, 1.2272113368445912e8
8.218914470126607e7, 1.716034616586391e8
2.2426447823886982e8, 3.612218443608968e8
4.3977894935697496e8, 5.115289705137433e8
1.2251717007106417e8, 1.6955849385724485e8
1.3318321515699013e8, 2.0191171352780786e8
1.0923973003156225e8, 1.739069557818308e8
1.630952384993389e8, 2.373016639718246e8
1.604188559402166e8, 2.515208910038941e8
8.460464466312939e7, 2.2703014878408855e8
3.273091453643261e8, 4.272151398137935e8
2.692390302638083e8, 3.505785482047717e8
1.6589557821703807e8, 2.3297108459191805e8
3.717659164403628e8, 4.389339227119394e8
1.7869666054181752e8, 2.796544780222666e8
1.70379965332425e8, 2.3094381262213328e8
1.8336874496886602e8, 2.160837389403831e8
2.308729147469812e8, 3.2486121201706344e8
1.4149033279087302e8, 1.8611184753738275e8
1.200157208166131e8, 1.811438066565949e8
1.870839297057723e8, 3.594699317872671e8
3.386300049551194e8, 3.884654273407127e8
2.006684272251581e8, 2.568982500572461e8
2.2769090580931807e8, 5.256112401062761e8
1.262963534268367e8, 2.162869012481736e8
9.530811989418203e7, 1.9271231007353354e8
1.3191522897397386e8, 3.254053020044363e8
9.680407720791748e7, 1.4681979716178858e8
1.4759584204367402e8, 2.228147430778767e8
3.2074673385121846e8, 3.726026611002258e8
1.4494060644096023e8, 2.816547217639095e8
8.566706765750286e7, 2.625596814793397e8
2.073404740087424e8, 4.695587781262057e8
1.0789395888961674e8, 1.560717916282031e8
4.6015960568853784e8, 5.320021284093804e8
2.666705153899582e8, 4.7228368763069177e8
1.258456614735929e8, 2.2191807619511476e8
1.1890042596290559e8, 1.835009641230543e8
1.6088371784061164e8, 2.1973704734370762e8
1.6082266565711582e8, 2.4768840445226753e8
1.3597524542436936e8, 2.8308521749948424e8
1.5069006999863917e8, 2.3341078977742e8
2.0571562470005196e8, 3.7692044274165434e8
1.647533607165224e8, 2.897021633821516e8
1.4091584744664273e8, 2.34969616983016e8
2.5721003108602738e8, 2.976009412404083e8
2.2560218924555838e8, 2.7070651445359594e8
1.2442870775690258e8, 1.7341217520826647e8
5.827825792250639e8, 7.480480053026739e8
1.374702379883621e8, 2.6601845123943996e8
1.932185634577813e8, 2.5177342878450644e8
1.2012887776851289e8, 1.502349073023989e8
1.2667030585972282e8, 2.2473335580402395e8
1.4879279355242768e8, 2.060924303478587e8
2.5269816101911393e8, 6.472129159439518e8
1.3759536051162267e8, 1.7967296090253904e8
1.6794998819221145e8, 2.4445108059224698e8
1.1700628767390744e8, 2.1222330584817135e8
3.375679157490822e8, 5.78348216485674e8
1.7816596225587612e8, 3.4890093953585345e8
1.5517023861142167e8, 2.1529047903589877e8
3.3773813960045296e8, 6.410393832597609e8
1.1038277839886566e8, 3.2596480547664076e8
9.351481208426155e7, 1.2272734353974293e8
1.1997836788234024e8, 1.670036271104444e8
1.3974908296227455e8, 2.5951210973271376e8
1.8497713088842502e8, 2.336142064477626e8
1.0286894606196871e8, 1.4726194811680397e8
1.2372801691689073e8, 1.9541674360073128e8
1.3758176058009282e8, 1.8264035708131638e8
1.2187374074686082e8, 3.0770753456851196e8
1.6024989626114616e8, 2.8464745916690224e8
1.418466610749064e8, 3.5567969474394625e8
3.645346503614184e8, 4.198954874832609e8
4.2578356232813174e8, 4.6019266933571994e8
1.287980336112623e8, 2.1685747232681397e8
4.6820932001307225e8, 5.31634809009982e8
2.9753217320721924e8, 3.561687630770416e8
1.0013225524126326e8, 1.4040419059557027e8
8.088221713178644e7, 1.7512105622462264e8
1.5183588096000975e8, 2.3414715157389325e8
3.1028218315891975e8, 4.507243624871267e8
1.2723092659617174e8, 2.303922693757266e8
1.1871882779523869e8, 3.4188323030344856e8
2.305604245632492e8, 5.709012847162684e8
1.6020312436579058e8, 2.3636532296254647e8
1.3342566874899273e8, 2.2704528843155715e8
2.22177798520603e8, 4.6696229234462595e8
1.0253035627007219e8, 1.6197217297440356e8
1.2094950123675619e8, 1.645466889757112e8
1.1024657675971574e8, 2.0913672566332865e8
3.886204302073335e8, 4.3456308967897856e8
2.5898289573076144e8, 3.619837615078551e8
1.2112956594641027e8, 2.225680841083015e8
1.541621282612584e8, 1.885889248063571e8
1.8177223130197492e8, 3.2165213059066564e8
1.459901265929731e8, 4.652354810747585e8
1.924776191467582e8, 2.6942152892948014e8
1.170392739086119e8, 1.993788441798556e8
2.903838259056449e8, 4.302973667621195e8
1.8804693223423627e8, 2.651709005997389e8
2.137035222351767e8, 2.610622619013822e8
1.7478405739033264e8, 2.5705512111048922e8
1.1937365740171915e8, 1.9703474202655327e8
3.0111894961644787e8, 3.474570896899998e8
6.266242730265601e7, 9.286474684490496e7
1.2593418871304555e8, 1.8817268055923033e8
1.0737170478700548e8, 2.1895666898122245e8
1.837165425892035e8, 2.192327319256838e8
1.3587490678264114e8, 2.599084114691684e8
2.0690515146043488e8, 2.9625243229864043e8
2.078034950283967e8, 3.087303258830684e8
2.0010647871363986e8, 2.9699080021565515e8
1.17101357447964e8, 2.535328394143393e8
1.6424788632483602e8, 6.264159960712748e8
1.016757794966992e8, 1.5631819147802117e8
9.83869748498669e7, 1.3828828079344785e8
1.9143759424617982e8, 2.2684848520513293e8
1.0349780753668672e8, 1.6084814205754748e8
2.0464033952453813e8, 2.677262548671061e8
2.1520584257643747e8, 2.7569417033482635e8
4.2291183828361547e8, 5.825830760884737e8
1.0649820657449107e8, 1.5585039524819404e8
1.377727445147302e8, 2.2055051128981668e8
7.108262211435081e7, 1.480591689407151e8
5.6464623531780005e7, 1.0649098490084603e8
8.669533108206405e7, 1.3384101976031186e8
2.163177315351995e8, 2.930647462542633e8
7.413621876761577e7, 1.1513517651208827e8
9.310210506268242e7, 1.9703072221273434e8
9.824427959618165e7, 2.0624172953448024e8
3.0344209935633415e8, 4.7039725444401497e8
1.1858777681497943e8, 2.598092152851371e8
8.747354004260454e7, 1.9853390831251755e8
1.4329687397728336e8, 2.870475379900638e8
1.708707083829316e8, 2.886748193647092e8
3.325778157383549e8, 4.139713841336406e8
4.436888536706385e8, 5.17362357858713e8
1.4109577027390647e8, 2.4860553687572408e8
8.974306020521271e7, 1.5253053977546906e8
2.529800098632432e8, 3.667012692768392e8
1.6447530311125174e8, 2.6975218429735154e8
1.1634196427946767e8, 1.688106127961445e8
2.700907889254078e8, 3.584001911768213e8
9.621864194078608e7, 2.0570209932869884e8
6.6488054358474165e7, 1.2222752091687807e8
1.7217116854602984e8, 2.4527360253542542e8
2.4084709903390378e8, 3.6654001960901654e8
9.017791098578243e7, 2.2772828541537488e8
1.690753044122728e8, 3.4562597958828294e8
1.4243249048890373e8, 2.279520662200326e8
3.161843333514521e8, 4.0797784671953934e8
8.201810296628432e7, 1.4249287996069565e8
8.075436545679334e7, 1.5439375869810268e8
2.1422768484221733e8, 3.327280011542736e8
3.6477019425821275e8, 4.131286003000742e8
1.1236845226586036e8, 1.8729796779106838e8
1.2310053703735967e8, 2.028848368634085e8
3.584152060096956e8, 4.125278122000493e8
1.4309264388606977e8, 2.1563531857214594e8
1.6266918858913517e8, 2.654952190004713e8
8.767567858419842e7, 1.5834101246665493e8
6.865659870460653e7, 1.598036262636647e8
8.172762058544214e7, 1.3337161440103303e8
1.1795217060978058e8, 1.932336750791456e8
1.2036773677725309e8, 1.859690039568522e8
2.0309040872318855e8, 2.715277329999359e8
1.5098593920232168e8, 3.263014697560923e8
1.6257430448320505e8, 2.3504331011214936e8
1.41180297380502e8, 2.0300164425621703e8
2.189784865499191e8, 3.4619938428651047e8
7.844334273698421e7, 1.430908828200544e8
1.2783742391287631e8, 2.0099909613775912e8
4.6753359035929257e8, 5.653618636243575e8
1.4321258447098187e8, 2.695431716861548e8
7.726891920265181e7, 1.2071134338508523e8
1.0426358555509844e8, 1.7475280286235386e8
1.252044921128212e8, 2.216567470155179e8
1.5506377896625733e8, 3.913705615236325e8
1.1962667823466782e8, 2.8743280235466295e8
1.114416793081902e8, 1.712720562593427e8
1.0836130578331588e8, 1.4126157822376058e8
1.722595564290041e8, 2.2495686944405597e8
1.302591514022619e8, 2.070549369090688e8
8.868628551218717e7, 1.585631539044765e8
1.518209095861175e8, 3.5322337884987926e8
1.2236410451835236e8, 1.8565120808130857e8
4.003385975186222e8, 8.910996980740463e8
1.0752754445533575e8, 1.7366252813328752e8
1.2408861810245074e8, 2.0259106887072062e8
1.0117332719632487e8, 1.812325689991774e8
4.1798190485542667e8, 5.7152070614543e8
1.22644812023348e8, 1.7782752796700412e8
8.801849220431241e7, 1.7391849159539548e8
1.342691292737776e8, 2.1239496214261696e8
1.5674027022996813e8, 2.6587762932586545e8
1.233612946846335e8, 2.6012788721876922e8
1.670512806957821e8, 2.19460876009064e8
1.2465467684179178e8, 1.857955490019541e8
4.8501258762681085e8, 5.828261101795057e8
1.9258222224257046e8, 2.6058602526847854e8
1.6746064296472797e8, 3.0113478792456657e8
1.4776076863511077e8, 1.92981746065175e8
1.7396536073910344e8, 7.115997083438345e8
1.3622556762957653e8, 2.0187091388470197e8
1.5234831660014358e8, 2.108770772479049e8
1.9731272448038372e8, 2.779528034188615e8
1.1742118229914387e8, 2.1065219304151416e8
1.3968105525670743e8, 3.276690955860345e8
6.491991088136396e8, 9.78624269299211e8
8.72137898235342e7, 1.5638145938838732e8
1.1822153736355464e8, 2.3891929322254184e8
1.9964964255166903e8, 4.78625209709929e8
2.2440752812613633e8, 2.923214257986223e8
1.588526236052119e8, 2.6205349883834767e8
1.3903737703077435e8, 3.129255728968314e8
1.4607590793181357e8, 2.3930778209141725e8
1.0160819650504433e8, 2.678984134437764e8
1.5392564241389826e8, 2.6042108094061577e8
2.0769960352589563e8, 2.5791098252362752e8
1.7440469576840946e8, 3.5008551413736725e8
2.986653797530775e8, 3.505428387138836e8
1.1389824501656145e8, 2.007851203814147e8
2.6979139446377575e8, 4.211071682500827e8
1.0403838048769782e8, 1.9378003185464603e8
1.832389477965529e8, 2.809945305982339e8
2.7278545096937484e8, 6.179869433435241e8
1.1254604702323851e8, 1.6690052154811615e8
1.9203776816332728e8, 2.786008530622102e8
1.4828405119462496e8, 2.236307229978302e8
9.882712557783476e7, 1.8797908784750053e8
1.2042993341255547e8, 2.3808553424860924e8
2.704073069970201e8, 4.332561388280733e8
5.16204339079474e8, 5.861828148711778e8
1.1878541364972813e8, 2.2531494837686536e8
1.4714825365124306e8, 2.0549520539926815e8
1.8370225084898368e8, 2.9493942087888306e8
6.415314100912807e8, 9.349952956193866e8
2.832835366048126e8, 3.9231329458316964e8
1.4178971690777865e8, 2.056656466972214e8
2.2670132653178376e8, 2.8697301880716085e8
1.9410125469086105e8, 2.418152265310477e8
2.1865967512044665e8, 2.6955899413774186e8
1.0283072371858336e8, 2.0828173439924315e8
9.592768006171285e7, 1.423965357767423e8
1.1263118001624379e8, 1.865582466717202e8
1.0936346066154408e8, 1.4093518754883647e8
1.031624950682984e8, 1.626971064910657e8
1.354009666450862e8, 1.920892698519615e8
1.292089060279053e8, 1.9756063676598665e8
1.7038731379578695e8, 2.891812816122866e8
1.0132389706126964e8, 1.6656707666216758e8
3.777620296854211e8, 4.417211810263479e8
8.430090342623724e7, 1.6585821393944615e8
1.1156716747223674e8, 1.8700001978773662e8
1.5721580803085303e8, 2.1877098031934234e8
3.140822399894175e8, 3.779103543917626e8
3.032976589430664e8, 4.2014727431987077e8
1.8134544339812344e8, 2.3476406896499127e8
1.2821746254856573e8, 1.8451368580428657e8
9.227516039934084e7, 1.5210910242023692e8
1.356836871347073e8, 2.1649671179349706e8
1.5992807797385636e8, 2.4703601197304124e8
1.0264054727734661e8, 1.576720318642081e8
1.5187097620768243e8, 2.3622503204255533e8
1.0052465350383438e8, 1.507890299131643e8
2.7176656263170844e8, 3.7934904607776135e8
1.0131468436389123e8, 1.7323623116098914e8
1.3559277939400858e8, 1.9068860342662802e8
1.4833040558334297e8, 3.279314204131327e8
9.41651376872235e7, 1.9565210363982934e8
1.1724092267670657e8, 1.5330110106208834e8
4.6742413534244376e8, 8.537053654804622e8
3.7318386900161666e8, 4.5102943025160336e8
2.192705435206753e8, 3.1443093108442587e8
1.1113334918789576e8, 1.951941883262242e8
1.3251102201696749e8, 1.8760185651868698e8
2.09311384396792e8, 3.558454432090073e8
1.7595483765859315e8, 3.0509352483888924e8
2.325324760728561e8, 2.9838126416888434e8
1.3058505229739311e8, 1.7680569945215914e8
2.39898112994263e8, 3.9229713615999615e8
2.488675671866631e8, 3.1920361915577966e8
4.690444573699932e8, 5.569781535193108e8
1.0956319541987117e8, 3.5969680674321735e8
2.0544838571119854e8, 4.119591788691312e8
1.2807727794287962e8, 3.006152839158053e8
2.339033299623241e8, 3.542152739917631e8
7.760939250165704e7, 2.1404142311701882e8
1.1509044361875597e8, 2.659002723624865e8
1.436266361424108e8, 1.8651250498838395e8
2.359460607746989e8, 3.2542305385458505e8
8.2889439284746e7, 1.5722508048997098e8
1.8432312783610934e8, 3.0877468632573897e8
1.163610729852558e8, 2.4416795087124828e8
1.950017277864578e8, 2.992773979920153e8
1.6239998842523837e8, 2.1869312244074985e8
7.61488220851305e7, 1.4573903547936383e8
1.9604479225052926e8, 2.2550189743467394e8
1.4919635490795293e8, 3.128782923546188e8
1.6979604464187032e8, 3.2741408651328063e8
1.4657744371477142e8, 2.1134212524735916e8
1.0256998698635446e8, 2.1031067586813715e8
2.4685074188089314e8, 3.197888972506472e8
2.1982305899971473e8, 2.6981093843134505e8
1.115507478041284e8, 2.7980274263691396e8
1.830622853455043e8, 3.540984100656957e8
1.1320956073034823e8, 1.592076853406183e8
6.360212882831864e8, 7.509713726072193e8
1.1969391102630912e8, 1.8842583330988157e8
1.6318120126191095e8, 2.5142150773463914e8
1.3982751653999063e8, 1.800315963681632e8
1.2832634811905181e8, 4.19320622103966e8
1.2745446892139195e8, 1.7263092280253017e8
2.3097219962784955e8, 2.6318568682634577e8
1.249646965370265e8, 1.9302344585024446e8
1.9312849341224372e8, 2.9891984800438094e8
1.079938819916133e8, 1.699905842565304e8
1.3885720512506217e8, 1.751644194317935e8
2.2160299619045234e8, 3.715185507369696e8
3.0682847378412205e8, 3.457565472188308e8
2.4375449133389613e8, 4.889819914119091e8
1.1115853982309629e8, 1.7537998761235586e8
1.2739167405605248e8, 2.1298529880468437e8
1.6254891884423357e8, 2.4947797944808355e8
3.3773066311379176e8, 4.020387771845267e8
3.680741428575795e8, 4.3316079860302836e8
1.0847496905764152e8, 1.6872363592313445e8
2.338387781199566e8, 2.7373031323024553e8
4.119886226594629e8, 5.273331041919136e8
1.8306037789000112e8, 2.4227597199315473e8
2.626730445204868e8, 3.904696800896992e8
1.2517449610699958e8, 2.6810891120896688e8
1.1291092859496987e8, 1.8536535184718004e8
1.6476177572159097e8, 3.911718897561174e8
1.7821647385609898e8, 2.3818559505871862e8
1.497201180414657e8, 2.3779692360350776e8
4.2264447574206394e8, 6.031132047831705e8
1.538439684604843e8, 2.170833672877171e8
1.1134564652538644e8, 2.2091013418922433e8
2.227031164827478e8, 3.373267778627799e8
1.1099301993311395e8, 1.5773545432033157e8
1.5022184260882e8, 3.1751765056306e8
1.1887653925438872e8, 1.758797968126628e8
7.460501358394837e7, 1.1361841750534534e8
1.264043918921653e8, 1.897170205252031e8
1.4899520558130473e8, 2.542744728857675e8
1.778316219997135e8, 2.2490046623784786e8
2.414205391076526e8, 4.68301444137676e8
7.262034403950378e8, 9.328158351335667e8
7.262359437289187e7, 1.1414230286753812e8
7.171270981863809e7, 1.016902199409638e8
1.0932076209403467e8, 1.4119910514262035e8
3.0639805677193534e8, 4.0267525672958726e8
1.3458443840599558e8, 3.0763749113400835e8
3.6788069424083483e8, 4.8374984201417917e8
1.9569940608612886e8, 3.4656273228875804e8
2.4945308551374546e8, 4.179532645680781e8
1.2611053554572041e8, 1.745186861196725e8
1.29354316268699e8, 2.09818270812555e8
1.2957547535696794e8, 1.7097618191707662e8
2.3296085068308935e8, 3.2085914595800894e8
1.8619132347161204e8, 2.4506767107178673e8
1.2972169688699655e8, 1.9346878140648356e8
1.8043050575257078e8, 2.773631280293796e8
1.7512269993261868e8, 2.3811456632467082e8
1.2584379212874097e8, 3.992119157010828e8
1.058738717609681e8, 2.1648629713040635e8
2.049784505020952e8, 3.724346116805328e8
3.519156894284658e8, 4.125921299198129e8
3.048998407511882e8, 3.6804139385511315e8
1.3780868550348526e8, 2.0041566180401912e8
2.110817422616119e8, 4.584156489511216e8
2.1114826290020025e8, 2.585105873907814e8
7.631979002061784e7, 1.4660152741548264e8
1.8478696503052863e8, 2.3817832015714395e8
2.9640401563536316e8, 3.6697427985099804e8
2.80901619145387e8, 3.695474103803265e8
1.6072794956679815e8, 3.3926486231119853e8
4.404678195455064e8, 5.203160469086162e8
3.094415895950159e8, 3.795612379852922e8
1.3169135062858118e8, 2.266030226673511e8
1.0619438452708235e8, 2.739612105641644e8
2.6354693278171322e8, 3.066421196425961e8
8.700104711525635e7, 1.6938148957716733e8
8.663882141910152e7, 2.3355099367229587e8
1.336672964097969e8, 2.065952755455719e8
1.9879652378563824e8, 2.8312541377104247e8
1.0995738734602645e8, 1.7866358212883702e8
1.3219404645167959e8, 2.497151004715534e8
1.0197872007463661e8, 4.673853752037839e8
2.1140925037438044e8, 2.976386598173173e8
4.035731492271289e8, 6.64500531403394e8
1.6489850489075917e8, 3.226743219523457e8
1.626654356443652e8, 2.6236993713322127e8
1.8754639702156523e8, 2.3291274267306894e8
9.62100118036005e7, 1.502579134045874e8
1.428734444435286e8, 2.4496655529810062e8
1.1435369829335001e8, 2.3495378466029677e8
9.278116959475838e7, 1.5933229483940542e8
3.470497166551242e8, 3.945778238064952e8
1.4094808920230153e8, 2.4570132848699933e8
1.4485247998165506e8, 1.984897149624398e8
1.3167409294740826e8, 2.0384400223211357e8
1.763371994931686e8, 3.054061010946276e8
8.838149115821028e7, 1.3813872486788356e8
1.3938174208574352e8, 3.2340680915738505e8
1.4064728557664415e8, 1.9693834254362994e8
2.5075043729837015e8, 3.155675818313365e8
1.145815762994847e8, 1.564182459777233e8
2.6855501923697674e8, 3.699113691349044e8
8.553139487393093e7, 1.3706175795714614e8
1.8150349861297458e8, 2.4601194564563453e8
1.8866349655887318e8, 2.6749086099394488e8
8.470744581790684e7, 1.9083610998740646e8
4.503884193931945e8, 5.2270735988534087e8
1.271444340341671e8, 2.740695102755497e8
1.1705183823532094e8, 1.7673165509439525e8
1.2816700278406788e8, 2.0147197260157102e8
5.0196001756678516e8, 7.01824083837321e8
2.484165183186844e8, 3.337313190637924e8
1.468932547741271e8, 2.2736926652884293e8
9.010507080943768e7, 1.444994636242117e8
1.2262317162086508e8, 1.9513687785237274e8
1.3355142870312755e8, 2.1043064792989498e8
8.426115741635333e7, 1.2555347569824104e8
1.3604754559072772e8, 2.1783282866964626e8
2.634320449908452e8, 3.385704687505596e8
1.2083754594429219e8, 1.6702149906514764e8
3.908703896168639e8, 4.391704542610803e8
1.781595972182479e8, 2.650758001749523e8
4.107491046066674e8, 5.0835929530812126e8
2.4028009565208623e8, 2.91335156627151e8
1.6658931929138392e8, 2.2510563769850734e8
1.3422291259853286e8, 1.886165304104222e8
1.6639509265584844e8, 2.3128386416381574e8
1.3271487580655433e8, 2.4568562349212947e8
3.7347770770126295e8, 4.6227832686942035e8
1.0763580152322648e8, 1.6074212214134827e8
9.260303530371383e7, 1.735577219402289e8
2.978083998640564e8, 3.443296566283765e8
1.108786371251007e8, 1.6276021081840444e8
2.5163863640003538e8, 4.3229009201673305e8
1.4462391391164473e8, 2.3697601084177452e8
1.6996294438826206e8, 2.217433700668299e8
3.298014684470481e8, 3.787244749815937e8
2.0260700797001526e8, 3.802638145038382e8
1.3201988675269459e8, 1.785084288605997e8
1.212492829938497e8, 3.3931066070626736e8
1.5527717757902783e8, 2.2342927846614382e8
4.26884319788377e8, 5.794546076833048e8
1.306856572726912e8, 1.8290042139234233e8
2.813787209058418e8, 5.1195718300080234e8
9.292323948649772e7, 1.4700327556178874e8
9.248993359584808e7, 1.3811683119683936e8
1.9806469013606527e8, 4.037811423103859e8
1.6726138725307333e8, 2.2129019193923917e8
1.5351749103645507e8, 3.772981796664402e8
1.7988828744432864e8, 2.6167618731124297e8
1.1466919166323414e8, 2.4757836687041387e8
1.3490548288295847e8, 4.2698587276540333e8
3.229339281774045e8, 4.6877635573119825e8
3.0066460942344105e8, 4.538934322624036e8
1.4072259151328105e8, 3.118982479958361e8
2.3612806101336628e8, 4.0781492568985236e8
1.4092004099349084e8, 1.7974123869452086e8
1.5531377420219707e8, 2.1570443027131757e8
1.3649957480239177e8, 4.764183561943867e8
9.57244847567381e7, 1.4345162359905675e8
1.391766141018712e8, 1.882051247076675e8
1.628699849768453e8, 2.8462397773348564e8
1.3051451729080334e8, 1.8426364454130942e8
3.0531267786328113e8, 4.3521520268289006e8
7.817495203420106e7, 1.4352117776077062e8
2.140483801520983e8, 4.679929633432878e8
1.4326584724197257e8, 2.2179139234643924e8
1.346591385618868e8, 2.2037382037531996e8
1.797163379870963e8, 2.440787253387087e8
2.4861246199361542e8, 3.8483229885867035e8
1.981506567262907e8, 3.105863404743531e8
1.669912190629127e8, 3.320624901786434e8
2.182297865222899e8, 2.826585453345117e8
1.4691291299055406e8, 2.4991033427782032e8
9.806331680301388e7, 1.9700124333208656e8
9.798898231148769e7, 1.5862505519617975e8
2.0308455146961454e8, 2.796012563443204e8
9.61334449181555e7, 2.3874628526104295e8
2.4822936198491654e8, 3.543302806288274e8
3.1106321475642407e8, 4.3608774410318655e8
6.206256902118301e7, 1.213465325111434e8
1.6029711506818312e8, 2.7436284912064135e8
1.4757317787118682e8, 2.5139170856053302e8
2.0127934529094476e8, 2.8962349662838715e8
1.2028595600897865e8, 1.9917633881864315e8
2.143694444468398e8, 2.7777264317627287e8
1.501175163607114e8, 2.4216663641979143e8
1.507957669713472e8, 2.2898215589846143e8
2.0290006894503117e8, 2.6396789153018644e8
4.700995214089804e8, 5.239299563531335e8
4.139772921817644e8, 4.7495460351809627e8
3.0988885707777286e8, 3.667626086970152e8
1.3982831538522217e8, 1.7768999962676287e8
2.4158173084848973e8, 2.727594248115563e8
1.1545639258321702e8, 4.2601149619986475e8
1.5739426203906155e8, 2.879967265292794e8
1.8063069973987353e8, 2.623883277576957e8
2.5167662278623623e8, 3.5030893461509645e8
6.889197142357485e7, 1.9505178534978214e8
1.8646783077939585e8, 4.678988305833563e8
1.0437344556142977e8, 1.5862306047382486e8
2.1969995284252647e8, 2.7567763875151664e8
9.760185111909701e7, 1.6049379770589542e8
1.933804660819881e8, 3.412472569015771e8
1.7823091944038656e8, 2.995586712663451e8
1.0451112824346523e8, 1.6451927472270668e8
1.1227713758458516e8, 2.15347481875688e8
1.8330722270598033e8, 4.427713309591124e8
1.4256994327258795e8, 5.491279557747811e8
1.0987080541260858e8, 2.1032383020534226e8
1.7910520763066494e8, 3.178925081741581e8
1.2891494003465183e8, 1.750790035186719e8
1.635791708510032e8, 2.1998646594027257e8
3.0239366663080204e8, 3.9592003481894374e8
2.1839291273375407e8, 2.8668416763274705e8
1.7721640933342394e8, 2.75286894744262e8
8.420409522211552e7, 1.861993199227143e8
1.8244493102590758e8, 2.2894438124945042e8
1.689991360355869e8, 2.573014861817168e8
1.3222671110224263e8, 1.9239701269850004e8
1.2392096503589362e8, 1.8138240255741987e8
1.2898667288842554e8, 3.176108759626449e8
1.4547096788019443e8, 2.0606828179105076e8
1.853404659646737e8, 2.514278923387107e8
1.373882605877255e8, 2.097971902277917e8
1.5739726440152377e8, 4.279889753360001e8
1.2439810458361943e8, 1.9724690085074458e8
1.277996116709493e8, 2.056072839566324e8
2.25260528344237e8, 2.9885684218134636e8
1.2007453051298596e8, 1.9229435033770344e8
1.2937973832658428e8, 2.4451211303032845e8
1.365380860535881e8, 2.6219425170194685e8
2.809915164621794e8, 4.4193499165219367e8
1.8677489739626598e8, 2.8144318078508115e8
1.682442871785935e8, 2.3276570253987387e8
1.571980697042687e8, 2.612853954709164e8
4.761546049539039e8, 5.3191763839158165e8
1.1855255774527974e8, 2.001892605260494e8
1.77526192340872e8, 2.5033697005259937e8
1.1729785365850563e8, 1.7791927638380396e8
2.342171689055921e8, 2.671169891449482e8
1.565812113528877e8, 4.383363646316914e8
1.8508857947845927e8, 2.202638665998473e8
1.685769842666323e8, 3.4126245512694174e8
1.361275039295702e8, 1.824428298558871e8
1.00685774670214e8, 1.918530496597576e8
1.2990542144606335e8, 1.791565980619822e8
1.006651706984164e8, 1.6906799311150706e8
1.4644286280835295e8, 2.9605375500454026e8
1.6323650736699247e8, 3.971319482623544e8
1.3362017614049076e8, 1.9026054071879777e8
4.0394917592151105e8, 6.629050228122642e8
1.058493086499419e8, 1.5857816688842973e8
2.0498815153623304e8, 3.541937957308845e8
2.1922170602673796e8, 3.18761838386126e8
1.601038410934145e8, 2.8975988416801816e8
2.492832980658237e8, 3.3247366985572493e8
2.986694884865343e8, 5.763372224033237e8
1.9896969327037662e8, 3.643617823670052e8
3.501938915240114e8, 6.378968128730047e8
1.0491085712210602e8, 2.3097741807431877e8
2.0093486550193712e8, 4.641701235080652e8
3.0894939425454044e8, 4.082681498436437e8
2.925081835003585e8, 3.5147840503131723e8
9.866993667210375e7, 1.7659023911358607e8
1.8382448730029693e8, 2.2155187882817635e8
3.652053378390011e8, 4.344339044510676e8
1.2470662966135956e8, 2.1610195618999106e8
1.756375548942368e8, 2.6101918086243448e8
3.306112134740256e8, 3.9285450998918784e8
4.4971158271305454e8, 5.095379526814458e8
1.448906812741423e8, 2.9394238310110116e8
1.2107653013912816e8, 1.6718286640437198e8
1.0829741714784138e8, 1.7111331586663598e8
1.0514172769953857e8, 2.6778336333410454e8
9.685303238155699e7, 2.1482536406265375e8
2.985130529572345e8, 4.3969824564733684e8
2.373452311367484e8, 4.812362706532243e8
1.3109313092566708e8, 2.074792939266402e8
1.7262837048106837e8, 2.4949820474104652e8
1.3612344733763796e8, 1.9063724540821216e8
1.1150501947885177e8, 1.9197259980074996e8
2.935479141477499e8, 4.298355551103315e8
1.7744090525766614e8, 2.854772338762253e8
1.094574169262588e8, 3.4532259895320314e8
9.051938622965491e7, 1.5679192415383276e8
1.9916014200944546e8, 2.7303101037840044e8
2.0193572993461373e8, 2.81004899880255e8
2.3094238444408852e8, 3.150242584656002e8
1.4680843226984158e8, 1.9409662605173612e8
1.0301015909621444e8, 1.8694769992205346e8
1.9680000814363983e8, 2.4881533869409025e8
2.97120770384793e8, 4.139547663920719e8
1.2385886936170153e8, 2.0264065821524805e8
1.7744892347457066e8, 2.4230645001665202e8
1.2587776597945142e8, 2.3685295000242627e8
1.2334574317133501e8, 3.2943758777500015e8
1.2194356677748178e8, 1.8192885465655276e8
1.14261576986898e8, 3.8426157828070533e8
1.1702642520561318e8, 1.6354317391463587e8
2.872590438066094e8, 3.3964427194143724e8
1.1554678911959282e8, 1.593283425449435e8
1.3204147938376899e8, 1.8848222798436794e8
1.030811911080063e8, 3.1928411888661975e8
1.6362077479818267e8, 2.6708570361373153e8
1.5975948060344625e8, 2.2786668573609066e8
2.5518329972833818e8, 3.504337802467345e8
1.7977138930906594e8, 2.9119002403589356e8
1.3198330082121854e8, 2.3838270689351168e8
2.5375088653751776e8, 3.903814527856472e8
1.0987903569029717e8, 1.9607739008785924e8
1.1444404110436502e8, 1.8683270214613152e8
8.383483306700964e7, 1.3428179936189842e8
1.4374571921953383e8, 1.9232857185296112e8
7.305721844168487e7, 1.7252858314678857e8
1.250885532931823e8, 2.3928611999729863e8
2.9304070987778145e8, 3.6297952179973525e8
2.8248271071993023e8, 4.2256008264794976e8
7.522233926602861e7, 1.5186797470351565e8
1.4798795679674363e8, 2.8038437728743196e8
1.2890785599504606e8, 1.7867453476402512e8
1.659024012538525e8, 2.948059399426822e8
9.187314073752347e7, 1.90666377634291e8
1.4678382896639088e8, 2.5298250028970432e8
2.1173416884227118e8, 2.7987745583469445e8
1.1153855287717769e8, 2.2205023218463212e8
2.4567386509508184e8, 3.3991403488930976e8
1.8224861432646585e8, 2.723289881248037e8
1.0705385925664309e8, 1.6314545747549063e8
1.2189137436048776e8, 2.0326281172783053e8
3.837333071349927e8, 4.6481856177057385e8
7.529803052473596e7, 1.978566000976713e8
1.8497566646850005e8, 2.9853166509170586e8
2.2522766930398574e8, 3.348262124906566e8
1.1538587877216366e8, 1.8490517623049125e8
2.9715929287964207e8, 4.0777590747562975e8
1.0819709930094431e8, 1.5070204534909296e8
1.4169651249920648e8, 2.6629464646281117e8
1.3741059438831154e8, 1.7409716263689178e8
2.8046157832913643e8, 3.467995723348686e8
3.5809443545863456e8, 5.867289338640646e8
1.650293357718455e8, 2.043171149973969e8
1.2864719573121108e8, 2.70369792802468e8
1.7379604718353143e8, 2.231512081782739e8
1.1863234785961372e8, 2.0033642489028612e8
2.5111790913353327e8, 3.816315709818348e8
1.1468520367540596e8, 3.838158099594696e8
1.0229684217955309e8, 1.4670261117342108e8
1.8397484065561298e8, 3.2705025844502103e8
1.8269712717411697e8, 2.6347259447098038e8
2.1526032514607322e8, 5.1073699898734957e8
1.0702455671502618e8, 2.2408120446802e8
2.267127042012725e8, 2.8299680424172294e8
1.463923718954291e8, 2.2625132058158526e8
1.4693937087651053e8, 2.3307579360852712e8
1.5283009827482742e8, 2.021156340483238e8
9.416918683512099e7, 2.2996037702185965e8
3.718852231004178e8, 4.405672820238974e8
1.1211213451683311e8, 3.607780079324562e8
1.2097787566169518e8, 2.2510553597363487e8
2.4500595782660624e8, 3.9190645304450613e8
2.62258026105259e8, 4.2928830499755454e8
2.0982795288296285e8, 3.223553443554438e8
5.160231744440878e8, 5.969703759144952e8
6.844639952221574e7, 1.66816006370073e8
1.325073259150537e8, 1.877518969843209e8
2.1354803071416655e8, 2.5778643364868188e8
7.366218083033447e7, 1.799611839313084e8
1.5181356790136775e8, 5.319048566735386e8
1.5686405790639094e8, 3.528898870768298e8
1.2958729082132778e8, 1.8861896795670184e8
8.992882491518925e7, 2.5067615916367683e8
1.5002893798234546e8, 2.5900637420373923e8
1.308441228958964e8, 2.5910164525572467e8
1.3722026410626733e8, 2.4136546858214656e8
4.677033159458761e8, 6.137570791446388e8
1.1878822483434577e8, 2.3428518986994538e8
4.324531425043306e8, 5.300866555180024e8
4.2359703396011555e8, 5.049851608910253e8
1.2980100077923156e8, 2.0331283048903203e8
1.6064410740278673e8, 2.975031879053969e8
8.180051690986922e7, 1.6072746545028636e8
3.699191760287723e8, 4.3396860394708043e8
1.5952359410755658e8, 2.266324136436568e8
8.493826110797973e7, 1.8466473019922772e8
1.5136004258527404e8, 2.0580803705549157e8
1.3876132961433086e8, 2.315000466026791e8
2.583416173938708e8, 3.891898256715411e8
1.5257550841231894e8, 2.7858811773760206e8
1.1309333782065064e8, 3.520837730319379e8
1.05652674014203e8, 2.4074746528856513e8
1.8971633541318452e8, 3.059810613493694e8
3.383190251269824e8, 4.3427670619427055e8
1.5153629792996347e8, 2.376680701619123e8
1.2852532597912385e8, 1.864977415336789e8
1.9060221110038784e8, 4.291717647212831e8
1.85929158210314e8, 2.533228124762956e8
1.0232696297814812e8, 1.590839718707053e8
1.458748562263357e8, 2.4663488892083713e8
1.0125890838125159e8, 2.3129763521992946e8
2.1818719176417843e8, 2.6413784328348148e8
1.4546175954211634e8, 2.6808489311503592e8
2.767061604175422e8, 3.424419006684716e8
1.4856771460069627e8, 2.0852890514000273e8
1.1389177450101322e8, 1.969487185215299e8
1.2500262861962326e8, 2.557439010252752e8
2.452269564513773e8, 3.701839427357942e8
1.0500567802871788e8, 1.5377990195533502e8
1.4865829493237993e8, 2.0372544987416643e8
2.4293128310676813e8, 3.21693320863006e8
1.60510773161879e8, 2.768779983583178e8
1.51545895746294e8, 2.376767115585375e8
1.4436388760947844e8, 2.0822406759508368e8
2.830612782037198e8, 3.717987676779482e8
7.964137125460984e7, 1.6020844139254066e8
1.3763880324315137e8, 2.2339763490671566e8
1.5902038038535687e8, 2.5616580712180963e8
1.2504027400469242e8, 1.583348763753396e8
1.4855359168293637e8, 1.960550186855614e8
1.2673942948042916e8, 2.3158599454417175e8
2.5554168021820262e8, 3.0769999363079715e8
9.576260075973383e7, 2.1400592265417665e8
9.358176294715379e7, 1.3325843603624949e8
9.671662508428034e7, 1.473757686008038e8
7.546605501932318e8, 8.398712306076628e8
1.7974823913347304e8, 2.289856707590903e8
1.1220797530370627e8, 1.634714055888065e8
2.623381029704464e8, 3.238005966580502e8
1.060993678104225e8, 4.2160186816560614e8
4.9461040803489673e8, 6.413209951214021e8
1.8573295235640338e8, 2.807730190958409e8
2.7677825638048315e8, 3.6877192354309535e8
1.0884204269165765e8, 1.802042056799502e8
1.6678812276375118e8, 3.5095450575925994e8
3.048128372466709e8, 3.382475510859604e8
2.4164082680484578e8, 3.4012801857244605e8
2.8354577568204814e8, 4.444283040049852e8
2.156617841056982e8, 5.724275016463223e8
7.903075322258921e7, 1.5647235445158136e8
1.5535852720857427e8, 3.927039299399892e8
4.382718108528639e8, 4.8426423829818064e8
8.673795412898244e7, 2.9687362376431507e8
1.5373802861926997e8, 2.263634647458284e8
2.395954373228094e8, 5.2699007031299883e8
1.6849354055696627e8, 2.4034510317052874e8
5.887730576282023e8, 6.440474396892909e8
1.151553045898761e8, 3.073329214721637e8
2.270133536152026e8, 3.123468097920229e8
2.754340041726709e8, 3.4159734606055194e8
1.7040861655522317e8, 2.3044034975652915e8
8.721293967958462e7, 1.4006148090013325e8
7.53568447183413e8, 1.1414975247590926e9
1.1275323271050496e8, 3.0289503236743855e8
1.0501446114821029e8, 2.3859061332428855e8
1.0872409605623542e8, 1.9298049787374067e8
1.3547784576562575e8, 2.3643853450797233e8
1.3535825166491538e8, 2.522803661251572e8
1.216486696310599e8, 1.8402755553911164e8
2.963653830420973e8, 5.129846114176928e8
1.8485239500252792e8, 2.9710820633709687e8
3.959466465946833e8, 5.182144220920763e8
1.1422050908944224e8, 1.8881848245710883e8
1.4057121089295876e8, 2.5293396449430957e8
2.6336840760182497e8, 3.7459713400372946e8
1.521817535804795e8, 3.723822760101048e8
1.3558442963738993e8, 1.906890270835972e8
1.2933458379114051e8, 1.8902247768493405e8
1.4961481047131568e8, 1.84640676910747e8
1.9513450870101717e8, 2.6098823289424348e8
1.1095072669219413e8, 1.735194474789639e8
1.711349871144913e8, 2.394242196083125e8
5.104434212347577e8, 5.58606899850062e8
1.4412125858913675e8, 1.954289724157831e8
2.719492920513495e8, 3.091774957863803e8
1.4005769369274607e8, 2.419796777407542e8
2.971724138557187e8, 4.9969236978795373e8
1.1091832604026523e8, 2.192598598312304e8
2.930975611597703e8, 4.4888937725564283e8
1.124262270872178e8, 3.1326452546889204e8
2.43828309107889e8, 7.639148755525314e8
1.1206960829398964e8, 3.903025656954009e8
3.3617257274994487e8, 3.91117177314574e8
1.8271964276149383e8, 2.5335609635103917e8
1.1232452041032779e8, 1.9687446756101215e8
1.6788873395987192e8, 2.701336436932723e8
1.0176437300003073e8, 1.508702069826099e8
9.823128741868664e7, 2.0505656685563216e8
1.0132866418581267e8, 1.862823204521135e8
1.782111561256533e8, 2.1519745267274836e8
1.627170608991873e8, 2.3406497541049516e8
1.2702369568947122e8, 3.626443766533254e8
2.4253206334273687e8, 3.4385253787391305e8
1.2197258838460167e8, 1.707312167699837e8
2.2527661797884354e8, 2.868208612950512e8
2.1491696486455292e8, 2.8257877098459613e8
1.440597595485602e8, 1.7693267967399412e8
2.280384446806211e8, 2.925391253477029e8
2.4281833735282052e8, 4.018910273749875e8
1.1612622473162456e8, 1.8943584945442057e8
1.7738513353485286e8, 3.403481685840954e8
1.8713694273775226e8, 2.2558404110980555e8
1.0017576361323352e8, 1.6609886977142298e8
1.442001752685539e8, 1.7513799433615357e8
1.4944403476784196e8, 2.4410701488269126e8
1.0450226291024882e8, 2.0396932643775535e8
1.0767566569353612e8, 2.153649655433515e8
1.7229617076699615e8, 2.976240243955241e8
5.445986077184805e8, 7.044243824665816e8
1.2780932014315243e8, 1.8170320175243044e8
1.5902903924161908e8, 2.5283495537934855e8
2.9334357192703974e8, 3.521503585981933e8
2.073536029843777e8, 2.747084089854054e8
2.595770152718777e8, 3.106611893129765e8
1.4756168864080113e8, 3.545186421032879e8
1.3145953267603001e8, 1.7774687887614927e8
5.815429869954876e7, 1.2108069626938327e8
2.6654197850245944e8, 4.471484900339282e8
3.767397848575458e8, 4.3961156046550643e8
1.2695152887541792e8, 1.7944315475343847e8
4.4576161655546373e8, 5.291390407546874e8
1.7690370516309643e8, 2.795620641470196e8
1.5533901780141896e8, 2.419899948290029e8
1.390160480296719e8, 2.0306788266916704e8
1.6470312395477283e8, 2.3288565908945167e8
3.030603043936294e8, 3.636872807338098e8
1.9930405446147132e8, 2.5802529844147664e8
5.573659687800502e8, 7.641565312297888e8
9.248647157976274e7, 1.9671638983464593e8
4.9821795836657274e8, 5.431171001843296e8
1.344595930020033e8, 2.5991147095199528e8
2.6107457794610313e8, 3.4393660105593187e8
2.3236011509808993e8, 2.98216399396232e8
1.9234412977382207e8, 3.5065392887184304e8
1.5864030027062443e8, 4.221591874567384e8
8.921157341583145e7, 1.358497297372526e8
1.5657891309422126e8, 2.1554150555673137e8
1.6392845048215044e8, 2.3275018636182e8
6.76861153094347e7, 1.8793502198256382e8
1.7602037625970387e8, 2.6109624763004962e8
3.863345415626342e8, 6.433148669593664e8
1.1108095398039892e8, 1.8765377253588668e8
2.856827194651483e8, 6.686691152884233e8
2.0083613935189426e8, 4.633506206691427e8
1.0796690513958591e8, 1.3327038447652717e8
1.1684119459907411e8, 1.9171473598753384e8
2.694440673782074e8, 3.3824592141969794e8
1.3985896034414005e8, 5.1379211514698845e8
1.267609903714402e8, 1.9993942074760267e8
1.596290143369551e8, 2.483589824715194e8
1.2269652894287056e8, 1.784103963776137e8
1.423875534608107e8, 3.343536973296291e8
2.2641236373306477e8, 2.8420864662068504e8
5.024263931617337e8, 5.662828970164261e8
2.029729840048677e8, 4.551987493718869e8
1.8292293528352204e8, 2.5601546962238818e8
1.9006472266953585e8, 3.326804041004093e8
1.6993412395688683e8, 2.5534761600738317e8
1.8273222328545916e8, 2.5314173285621837e8
2.3103738001098686e8, 3.5881465091736645e8
1.815046542634675e8, 2.6389943379377303e8
1.1190706322521532e8, 1.5397074084756225e8
1.774402334309187e8, 2.3452787384024543e8
1.7038583894510585e8, 2.1039176915894178e8
1.5583664948762852e8, 2.2003802121046805e8
1.1609104481082277e8, 1.946319649795756e8
1.633384351035402e8, 2.663863784634404e8
1.7573505936257905e8, 2.925450950691538e8
1.228443472036558e8, 1.7616552368174776e8
9.062624520460097e7, 1.4117677247422984e8
2.2148201533899713e8, 3.186589886335468e8
1.4110349492993835e8, 2.6872778203194624e8
1.0150658956358662e8, 3.018121278671074e8
1.0352568822199336e8, 1.6205893542595187e8
7.985425750279148e7, 1.7722030395388395e8
1.359188871322408e8, 2.3841091043264884e8
1.5056541283057782e8, 2.194181438503765e8
1.0252289950166495e8, 1.4997321727280515e8
2.320605551719571e8, 2.807422726192273e8
1.3633513395800683e8, 2.4920676920548248e8
2.2428208294746011e8, 3.129474389903594e8
2.3945868827052873e8, 2.7812867204533505e8
3.913345324195439e8, 6.041638765986087e8
1.0769295429558934e8, 2.0095329387081656e8
7.174366570779356e7, 1.7457678443707192e8
1.3612729563141066e8, 1.925183095483686e8
1.3827474125505415e8, 1.809155970127988e8
1.4494844039916915e8, 2.4791796867013016e8
8.79730915564486e7, 1.347387991318323e8
1.2729306312556252e8, 2.2047688294223467e8
1.1268835786063416e8, 2.5896614172417396e8
1.7873320056278506e8, 2.43839353458113e8
1.470153453280318e8, 3.338797754259034e8
1.3257234851696695e8, 1.7790868046942163e8
9.289846427443302e7, 1.713507190067871e8
1.394807966952815e8, 2.012430181937315e8
1.290341516892045e8, 2.6433164694107935e8
8.89146575360867e7, 1.658085101040729e8
1.1958683699324593e8, 1.556946581564065e8
1.0552377439207996e8, 1.5834329927442855e8
1.3866485525780088e8, 2.5274221982460436e8
1.1178170114996392e8, 2.6920294170734686e8
1.38714491632384e8, 2.86220588619756e8
3.08115656129665e8, 3.772047060113393e8
2.699600008745531e8, 3.888213690711522e8
5.005957603586311e8, 6.177837477815931e8
4.455584060091411e8, 4.924205037484396e8
2.3261815787602818e8, 2.97641604543262e8
1.6630817851903397e8, 2.149688756221977e8
2.4962204520461428e8, 3.274622581558445e8
2.4196681363374773e8, 3.22550011430883e8
1.7210801727532822e8, 2.55402907552413e8
1.083394336726021e8, 1.5349401383584526e8
1.3016030581766804e8, 2.038736227755232e8
2.7487855221791005e8, 3.5129696899096453e8
4.583614670293849e8, 5.513563205116572e8
7.565286144416422e7, 3.0110285564946824e8
1.766688050583114e8, 2.309512876849153e8
1.427971745618934e8, 2.1719033311744472e8
1.6707781923510447e8, 2.411480109267141e8
1.4188601246649e8, 3.116113206647309e8
2.8642011830234385e8, 3.3625267940072453e8
1.0488799303343119e8, 1.964094913420187e8
1.5155594876534063e8, 2.3198445069512215e8
4.240811742684032e8, 5.473780625574279e8
1.1921194378570795e8, 2.8980284343843716e8
1.1380138203343773e8, 1.8055057078402212e8
1.4945109044893953e8, 4.1516826025999403e8
1.9942161396384123e8, 6.028124172701054e8
1.2154130967645764e8, 2.7954467605491287e8
9.568504557163134e7, 1.7413098208887482e8
1.337751940382022e8, 2.2727720919960806e8
1.355883062269321e8, 2.168099626357719e8
1.7496549720726997e8, 4.1428829314118123e8
1.2549580521319199e8, 1.958487522749185e8
1.4907850353019598e8, 1.9609850899489325e8
9.227005922556859e7, 1.7716261242001724e8
2.863116964805861e8, 3.5535483436036533e8
9.750829186205107e7, 3.4379081820634055e8
1.6361561595906538e8, 3.1784612497558284e8
1.0902323282547382e8, 1.7300020728064698e8
9.346101740068004e7, 1.3624399333307564e8
8.635925519612297e7, 1.251441040710889e8
3.694833959269279e8, 4.3557767639169633e8
1.0351908453621107e8, 1.4148285514201322e8
1.5953330872504795e8, 2.4202759885328647e8
1.4002570757236224e8, 2.0178240808289763e8
1.267851709150226e8, 2.0164255022839856e8
2.1460846190205345e8, 4.5621319454116195e8
1.8783826632152238e8, 2.3690503169964385e8
1.30081466648333e8, 2.2102486462750533e8
1.3459147607985198e8, 5.0317469482990354e8
1.1220779146980447e8, 2.227814028139581e8
1.0823233208996785e8, 1.3963978454614803e8
2.8236151444770426e8, 3.678095021658689e8
1.5932319106039274e8, 2.877748347447105e8
1.6119789554934984e8, 1.9827672901952615e8
1.0680827627827045e8, 1.877547258384064e8
1.3060963477962133e8, 2.1771357376537022e8
1.4062139119357997e8, 2.2882692869519782e8
1.651033657696008e8, 2.6689569493390775e8
3.702601437454222e8, 4.4289174986378354e8
3.050445438383399e8, 3.964432755245695e8
2.0868369986707857e8, 2.4826561237560755e8
1.2450389600430773e8, 1.6926109624870643e8
1.6844540182513136e8, 2.9312623704056e8
1.3701680251279658e8, 2.1766591635141435e8
1.2964204791376065e8, 1.6730671777098858e8
1.1626155060961343e8, 1.6911682149035242e8
2.7266236099362844e8, 3.3152139629403204e8
2.417986499822331e8, 3.01010025711815e8
3.165565884096853e8, 3.9192725158038133e8
1.1520733988866639e8, 1.7776442950706065e8
1.2495209734727274e8, 4.951809697694758e8
9.647959254430735e7, 1.5697453978754368e8
4.007943883851833e8, 4.503576172116055e8
1.0765571848569316e8, 2.6138587098516282e8
3.508419519814594e8, 4.2338120818960506e8
4.588061858951595e8, 5.501082646704118e8
1.4431852810721728e8, 1.9282605930716324e8
1.8065648236461353e8, 2.4633572842808098e8
1.0995590069806114e8, 1.8759440481074846e8
1.6156272797466308e8, 2.602031672024821e8
8.803417908420841e7, 1.499241082865706e8
1.4037226997522664e8, 2.5423274996002403e8
1.5961052847812533e8, 2.3366629423252812e8
1.2355193962944846e8, 1.581001430674798e8
1.0626817793814808e8, 2.4613259512347937e8
3.210406267959658e8, 3.971895418719145e8
8.929526008521275e7, 1.5119372772777617e8
1.9364686939397123e8, 2.4493204763204303e8
7.468625447657654e7, 2.374025586055036e8
1.5272830030221993e8, 3.654958799097286e8
1.0815328137096256e8, 1.3583176607379672e8
2.0114816462965593e8, 2.963061758118505e8
1.804560379803076e8, 2.506373571619011e8
1.198717045961986e8, 1.9464693127093664e8
1.494044064509491e8, 2.0012069155377984e8
1.1161150644033313e8, 2.4118230609385762e8
2.706231638433111e8, 3.5791110572248894e8
1.003547951328733e8, 1.7894731718496367e8
1.1716503315813866e8, 4.7056251801445436e8
2.050115196163679e8, 2.991067753194759e8
1.5865849426569977e8, 2.1479133748546833e8
3.056830881897597e8, 4.290230427322331e8
1.2953130466218187e8, 2.258365055928758e8
1.2347344332983373e8, 2.6611498341848442e8
1.4503918309885275e8, 2.012793044872528e8
1.8430161369836208e8, 2.394236477846955e8
1.3368290841134518e8, 2.2144049076800022e8
1.5589403313035908e8, 2.0613930514596045e8
1.3637945537616363e8, 2.8799861159888977e8
1.69805539146081e8, 2.3784205083681595e8
1.690751481746867e8, 2.4528702861292142e8
2.4121788178691494e8, 3.0811113699744725e8
2.105001520069532e8, 2.5880981693230823e8
2.5049648932285565e8, 3.4564979595261276e8
1.3206867264774872e8, 2.010332337156837e8
1.2428388792994624e8, 1.7412299600049174e8
2.3414004598031548e8, 2.852824143365578e8
1.5748921863349235e8, 2.0431073798616314e8
1.6204931615589756e8, 2.3052627309632784e8
1.8206470671801236e8, 2.3849516728822827e8
1.4222358877278867e8, 2.4624417532656416e8
2.993304276444963e8, 4.060819615973138e8
3.643056719235803e8, 4.561973803724604e8
2.5635340615627334e8, 3.44417968159688e8
4.778974091459262e8, 8.50693878505744e8
1.1780539165562642e8, 1.8593017804997283e8
2.867407986392387e8, 5.492233272074298e8
1.3255525710385092e8, 1.9665426132455066e8
1.4288948186357325e8, 2.11560399483904e8
1.7138381662479147e8, 2.5767448739431477e8
2.3832752762671947e8, 3.5810335522618294e8
1.8804492426742324e8, 2.8624105385032415e8
2.489086265901012e8, 5.621934251658101e8
1.0054105573108019e8, 1.6407101583916354e8
1.6984171626329195e8, 2.1091294025720686e8
1.9046049324325043e8, 3.6227731187639433e8
1.5099895937796992e8, 2.5263981159653556e8
1.066621146756458e8, 2.3230711207096848e8
2.4591869543733606e8, 3.572575607271504e8
1.4675408949039698e8, 2.2348529467393625e8
1.1730540624446042e8, 1.7181641836102265e8
1.353469417145372e8, 2.0921359342874208e8
1.5476898848385292e8, 2.396912199925176e8
1.5012479895384893e8, 2.5620052227853167e8
1.4130227325351557e8, 2.3885206064243886e8
4.30744981355108e8, 4.8525265999676836e8
2.0817353112625083e8, 2.74219314205961e8
1.5710245382602406e8, 2.327288635322393e8
2.6638397606106803e8, 3.100841002046595e8
2.726612849983566e8, 3.298022495618716e8
1.871891092549227e8, 2.811187866508909e8
8.864669569039561e7, 2.6591557718025526e8
7.779962353230084e7, 1.0759145007555576e8
8.901391783914918e7, 1.2583605783982497e8
1.470436694368701e8, 1.7644914566861147e8
3.49659041310284e8, 4.0681849436679876e8
2.6996150090198076e8, 3.625818154829139e8
3.735750512422197e8, 5.241436895323004e8
9.077503620924461e7, 1.2344101751275314e8
2.107000913090621e8, 2.575924474075519e8
1.464831788645894e8, 2.8811570542442703e8
5.92459679605783e8, 6.449725152138493e8
3.110959596032711e8, 5.824544435894394e8
2.120584906525045e8, 2.7691436564639527e8
3.7637202385424376e8, 4.8429576510012674e8
9.215726807463391e7, 1.6819116309833184e8
2.362002401560142e8, 3.3460544250303614e8
2.1647020443971774e8, 3.5981223288289344e8
4.7201830059359074e8, 6.079763154741404e8
1.5646841291479647e8, 3.118677402010435e8
1.3721522261469495e8, 2.1135012275692806e8
1.1623087316722031e8, 2.0576127580328876e8
1.8161418950999084e8, 2.251197310611124e8
1.820864070167083e8, 3.530466853284228e8
1.2435534921152703e8, 2.537344822795134e8
1.1219541936296444e8, 2.40035379928538e8
1.7728204739475492e8, 2.3782481796296546e8
2.3799404748342666e8, 4.0315438560423106e8
1.4584449312993863e8, 2.926098852915989e8
1.5434512353480196e8, 2.211028986048419e8
1.7445177087051767e8, 2.6324925333986384e8
4.085524035359676e8, 6.560757540260718e8
7.780303253709297e7, 1.2442340723597662e8
2.09133438294062e8, 2.598968064015023e8
1.8924889764893955e8, 2.6127438503585267e8
8.4024052967197e7, 1.9426430476289207e8
2.4972130103800374e8, 2.883110594283662e8
1.2254449525004072e8, 1.8129453096977186e8
2.187300178791903e8, 2.782611833776214e8
1.850985114281312e8, 2.458864127063177e8
7.821164105069901e7, 1.9615785167673773e8
2.911008648381575e8, 3.372418036760442e8
1.5506763548675486e8, 2.1118923283699363e8
1.3323908634387521e8, 2.068315746208474e8
9.540794768428005e7, 1.517973677516883e8
1.38633107872277e8, 2.1144676403056666e8
1.2623887264006373e8, 1.997938973187821e8
3.237572166237886e8, 5.779410634935178e8
3.7780112371239465e8, 6.33700850103666e8
9.028417305946927e7, 1.5708326578493172e8
1.7196389659306473e8, 2.6447030730546972e8
1.626102543682063e8, 3.1718019630069965e8
1.917326544850032e8, 4.0986864032391495e8
1.630108121772008e8, 3.659110665717913e8
3.0586891067361915e8, 3.89247108524309e8
1.1420654958764799e8, 2.067130490521138e8
1.17416966339469e8, 2.352126942354625e8
1.8580742498753303e8, 3.01043445080986e8
1.052731207836341e8, 1.7572039285985288e8
8.261131597596821e7, 2.1935051615248278e8
9.083924009929426e7, 2.0140730357103863e8
1.4146629824390492e8, 1.9867506484254292e8
1.0237614161935085e8, 1.500264262021033e8
1.7462659299904853e8, 2.1993540574045643e8
1.3350088809707794e8, 2.1560366138949543e8
7.993759576502519e8, 1.0325231891797206e9
1.895311125335412e8, 2.97046783192731e8
1.4005277316907188e8, 1.9454293714716014e8
3.056723903619425e8, 3.739787027234062e8
1.322387699247392e8, 1.9484822918069145e8
2.3944033639228556e8, 2.9775881547941285e8
4.5288592701791453e8, 6.033754047903491e8
1.0889242615724163e8, 2.0323624944777036e8
8.450845298537542e7, 2.0359077764106536e8
1.304185089891491e8, 2.9496800723879343e8
1.5120188832413736e8, 3.238263254562668e8
1.0077300616190909e8, 1.3981673885029906e8
2.502187841143756e8, 3.510878004297109e8
1.128282782633386e8, 1.8726489562764207e8
1.4352359334550622e8, 1.9821055369447294e8
2.1357473123413894e8, 3.2574703993410426e8
1.0287936919425936e8, 1.6939184406648844e8
1.4189395215167335e8, 3.025626993663339e8
1.943954276461788e8, 2.519602500472431e8
2.1242409849004322e8, 2.6283835124468797e8
1.130845144187125e8, 1.51812602484649e8
1.8593030011877793e8, 2.871330537595235e8
1.2533440692084998e8, 1.819185105002367e8
8.501272089411332e7, 1.6197249841701218e8
2.5678206396082175e8, 4.2465026612724775e8
1.7258257102374816e8, 2.3762323385109252e8
1.2147550280359495e8, 2.0476969530127615e8
1.2693711404871136e8, 2.2757231029511496e8
2.1438122791164038e8, 3.003434995618707e8
2.3723505290588322e8, 4.457452634829095e8
1.398384169629371e8, 2.3290187139982906e8
1.0844572977526636e8, 1.6577078367529675e8
2.954037746224825e8, 4.413934855918471e8
1.8761956152480826e8, 2.73325414292693e8
1.2339683962051241e8, 4.7828948126563126e8
1.330751196595676e8, 1.8852168664605382e8
1.6945799633757752e8, 2.234704042653551e8
2.19213367900818e8, 3.6661108618166304e8
1.6164792782549113e8, 2.1514779704746675e8
1.7873968852745807e8, 3.8347749171647316e8
1.3828004845713535e8, 2.114719594205183e8
9.832892618560587e7, 2.591312512935768e8
1.182023663280759e8, 1.7635016701229936e8
1.2792965398705818e8, 1.8489250591482672e8
1.5914397794866157e8, 2.0327366899349508e8
2.3224742275441444e8, 3.10310983439255e8
1.16219063950185e8, 2.6557711142392606e8
1.4164017831119585e8, 2.2952617078251442e8
1.4658203963406634e8, 2.2244785567767987e8
3.381091882969658e8, 4.407983120437113e8
1.0678421149437791e8, 1.6230875875608882e8
1.2901452485612993e8, 2.1689963564322022e8
2.1005993481540942e8, 3.2503348226709634e8
1.7321210821748036e8, 2.230404525370393e8
8.985863979649721e7, 1.6823867083333448e8
1.1529435529706715e8, 2.198514437553811e8
1.1119411921615241e8, 5.930408877496557e8
4.141039486074471e8, 4.6666462288120633e8
1.2833507609971838e8, 1.851658767246191e8
3.049504225204904e8, 4.063969823241728e8
1.312394352178054e8, 2.6668803242739078e8
1.1534846892489552e8, 1.770671779425833e8
1.2255765548335314e8, 2.178390794390219e8
1.3332073160502093e8, 1.7759272687344998e8
1.8953894186393467e8, 3.875434446650544e8
2.1270647580055216e8, 2.745369652156988e8
1.294066021598143e8, 2.0309851858511704e8
1.403081331076966e8, 2.92576205561556e8
2.343470964846251e8, 3.340072655945916e8
1.055969439311287e8, 2.7485086959743387e8
1.1359987834385054e8, 2.7654842161967933e8
1.9007719681382415e8, 2.5150018908130857e8
9.36805748280309e7, 1.4890599180372378e8
1.1980400938498698e8, 2.040628835107013e8
1.7948297566303855e8, 2.82013023193139e8
1.8699622297324866e8, 2.5244920646398944e8
1.6062128011125955e8, 2.59403555598544e8
1.514680903341871e8, 2.692148512085219e8
1.4341497850396025e8, 2.1819984253048152e8
1.5793758663752595e8, 2.238566726608078e8
2.029682934528124e8, 3.6807917099395436e8
1.5943581065805107e8, 2.0543329495645204e8
3.433103293771635e8, 4.8150277812786096e8
2.4200918249020463e8, 4.5193210499488306e8
1.0802753906006542e8, 2.2356075697583225e8
1.6134922969384417e8, 2.0764515576347297e8
1.0158370499121377e8, 1.3239152780617242e8
1.3558392902790192e8, 1.9979796809785914e8
4.826093448748594e8, 5.982147200693284e8
1.531572341700544e8, 2.2145968734876102e8
2.8104584788335174e8, 4.384582225121434e8
9.095876155317774e7, 1.4240462175809833e8
9.549984379422764e7, 1.4102224606434798e8
1.6228876475156194e8, 2.4167405708552536e8
1.0904364836734036e8, 1.9820106754444745e8
1.749751692093141e8, 2.464261040493459e8
1.1763565725078073e8, 2.4281582543097946e8
1.6896980337991136e8, 2.1338204007971096e8
8.1539806881901e7, 1.456020082605569e8
1.1196801995269772e8, 1.8525045372402868e8
1.1905018161153266e8, 1.7103358503699097e8
1.5394595990342858e8, 2.962863103432309e8
1.251594994061587e8, 2.507709844280219e8
9.675014683490057e7, 2.8360858844534904e8
2.9122905221371794e8, 4.0093432903727406e8
4.155701348162795e8, 4.834934318085229e8
1.3194706914468183e8, 1.9490240561667293e8
1.1945382933416021e8, 1.774144807591944e8
8.241139257744026e7, 1.8878027781900343e8
2.2191212336826283e8, 3.0117316189925694e8
1.6487787892046407e8, 2.599604097105993e8
2.016935166714239e8, 3.126649697901241e8
1.7045590259763762e8, 3.329571760280654e8
2.861298818388716e8, 3.382350383821413e8
1.9839727931126028e8, 2.4526959470657465e8
1.8911147538017437e8, 2.9609654285449445e8
3.3982274812232953e8, 3.9064988102944124e8
1.1446040320595407e8, 1.705692940367736e8
1.1380831953065765e8, 1.526165279010062e8
1.819952098487558e8, 2.77504550328988e8
1.3242474533980863e8, 2.7531731865354186e8
1.70892135852279e8, 2.1439609234768948e8
1.6046039317414463e8, 2.0626891985495412e8
1.1120576772109027e8, 2.2649974549441797e8
7.757660081643829e7, 2.389597566580301e8
1.1364233382169163e8, 2.4028624236654648e8
2.6763417259961218e8, 3.616104257603413e8
1.3511683746778643e8, 3.11164285990469e8
1.2668396553704286e8, 4.60252049779607e8
2.0161551607425657e8, 2.688282984198026e8
2.7261981531988895e8, 4.350417022196676e8
1.4358184473303962e8, 2.1871448707937402e8
1.297887045454685e8, 2.8570754014185405e8
1.0537072839719296e8, 1.7657858263521126e8
1.2015204500045641e8, 4.031439187603862e8
1.1432843509868707e8, 1.992512261012068e8
2.598954256791816e8, 4.125545734708627e8
1.445565779343181e8, 2.4063771139622092e8
9.077702756268284e7, 3.13138794377266e8
1.3695809941097653e8, 1.8666467265131146e8
1.0251858309389259e8, 3.496326682837513e8
1.680151058814168e8, 2.5973207245846114e8
1.8443295631691283e8, 3.9811746325409484e8
7.030423848834586e7, 9.914225110756034e7
2.001187472068234e8, 2.989886758048117e8
1.4961708135491577e8, 1.956577336805579e8
1.2549133427351238e8, 2.162892359485837e8
2.9875923789236015e8, 4.2119272507230234e8
1.0969658716401947e8, 1.853407349839366e8
1.0893088622587761e8, 1.7724524728677374e8
1.0568693410038286e8, 1.6149164991553575e8
2.3185376955337724e8, 5.976154360200107e8
1.7923913622110718e8, 2.3085956358174884e8
1.2276250678145036e8, 3.69423609385496e8
1.272761226300768e8, 1.9544338109181076e8
1.5946170525119197e8, 4.815113855131624e8
2.1217251655965716e8, 3.015266294435283e8
1.6643969221547157e8, 2.770462836359524e8
3.989675861136624e8, 4.7545263631638783e8
1.6934395367991456e8, 2.134498827147427e8
1.1013116878977847e8, 1.6400724351340473e8
8.828868422002722e7, 1.750535367102194e8
1.2327060416614252e8, 2.26875793109819e8
1.2628829218556565e8, 1.8391869245335558e8
2.8757107214746326e8, 4.48761278513739e8
1.6679190324513194e8, 2.305448073772934e8
1.222507913287854e8, 1.9753774424644482e8
1.7272990581753278e8, 2.5607790686630312e8
7.967924520354843e7, 1.9326761258120033e8
1.2600552558599533e8, 1.8396426613358644e8
2.144439032939845e8, 2.7058645634751844e8
1.3881425162190866e8, 1.8475262778831923e8
2.101595342738201e8, 2.465011186829919e8
1.3185413248140806e8, 1.7731862871840844e8
2.329740904340867e8, 2.8128674967497355e8
1.0965284739094979e8, 3.0341095478923315e8
3.488440250550015e8, 4.570745547636184e8
3.982530830176448e8, 6.78847691840038e8
9.239733491484612e7, 1.5499631694641334e8
1.501559024715807e8, 2.8493764823274976e8
2.9085628430431616e8, 3.543660480605388e8
1.2618791721911198e8, 2.1271201671032816e8
1.3150231170167579e8, 1.8911386770815277e8
2.4201814228107142e8, 2.889111075939499e8
1.2663007184353967e8, 2.1315928245765638e8
1.8349690299981615e8, 2.5217217756919655e8
1.9489363674500704e8, 2.817487083815103e8
1.788062636044572e8, 2.4534050716073865e8
1.752807978168969e8, 3.016619723683811e8
1.0120997394799007e8, 1.5494673728358027e8
1.565791422336048e8, 6.918519754344901e8
1.4293919947014531e8, 2.6392366540292123e8
1.4254255374003467e8, 4.447035033610395e8
1.2058377893982832e8, 2.1387824741327447e8
1.513338277106587e8, 2.033220877123655e8
1.0374768064384316e8, 1.706140087399915e8
1.3136527516949777e8, 4.151108115080469e8
1.5782140320643348e8, 2.0860938693644586e8
1.0122606409747604e8, 1.6661441687210923e8
1.775557586916281e8, 2.5257499440542117e8
1.415536695473032e8, 1.7549243783185723e8
1.5399906357717672e8, 2.6583380910952583e8
1.8422731090575716e8, 2.932507448062939e8
1.0924763434554324e8, 1.7648274303831056e8
1.1067686299367994e8, 1.9376227681549245e8
2.0139110386004072e8, 2.675363991417081e8
1.3299652393042855e8, 2.424335537676469e8
