(1,21113.17)
(2,34439.46)
(3,42549.64)
(4,44649.66)
(5,43384.25)
(6,39887.29)
(7,35112.8)
(8,29831.3)
(9,24150.15)
(10,19153.64)
(11,16250.31)
(12,17976.82)
(13,23156.44)
(14,28526.27)
(15,34343.89)
(16,36792.93)
(17,35634.6)
(18,32203.25)
(19,27976.04)
(20,23425.45)
(21,18596.9)
(22,13917.11)
(23,11364.37)
(24,12871.36)
(25,18238.9)
(26,24687.49)
(27,30080.75)
(28,32417.3)
(29,31017.59)
(30,27510.12)
(31,23370.1)
(32,19398.38)
(33,14839.3)
(34,10342.79)
(35,8049.98)
(36,9517.33)
(37,15702.55)
(38,23598.4)
(39,30703.4)
(40,34327.88)
(41,33236.81)
(42,29711.96)
(43,25694.07)
(44,21176.43)
(45,16223.89)
(46,12147.09)
(47,10036.76)
(48,12545.3)
(49,18115.71)
(50,24457.62)
(51,30677.12)
(52,33290.87)
(53,32232.56)
(54,28548.6)
(55,24339.41)
(56,19742.43)
(57,15002.16)
(58,10939.22)
(59,8845.94)
(60,11262.66)
(61,17492.85)
(62,24149.41)
(63,30654.19)
(64,33773.11)
(65,33132.65)
(66,30327.15)
(67,26247.49)
(68,21751.96)
(69,16792.9)
(70,12193.59)
(71,9942.0)
(72,11344.91)
(73,16834.2)
(74,22440.61)
(75,28333.34)
(76,31437.4)
(77,30697.13)
(78,27380.09)
(79,23416.99)
(80,18836.81)
(81,13894.41)
(82,9377.26)
(83,7025.59)
(84,8267.22)
(85,13715.98)
(86,20440.23)
(87,27519.55)
(88,31598.75)
(89,31433.48)
(90,28531.6)
(91,24539.37)
(92,20109.91)
(93,15488.04)
(94,11201.9)
(95,8612.06)
(96,9855.83)
(97,15360.79)
(98,22122.59)
(99,28222.73)
(100,31919.45)
(101,31814.28)
(102,29056.7)
(103,25261.2)
(104,20597.03)
(105,15579.41)
(106,11088.64)
(107,8289.09)
(108,9441.67)
(109,14918.97)
(110,21846.1)
(111,28690.6)
(112,32771.98)
(113,32747.52)
(114,29746.61)
(115,25473.75)
(116,20459.19)
(117,15027.72)
(118,9816.96)
(119,4102.61)
(120,5007.08)
###################
(1,21113.17)
(2,24703.59)
(3,27100.19)
(4,26796.85)
(5,23090.65)
(6,18043.84)
(7,12655.42)
(8,7131.72)
(9,2930.5)
(10,0.0)
(11,0.0)
(12,0.0)
(13,2505.31)
(14,5183.79)
(15,8993.38)
(16,10504.29)
(17,9234.45)
(18,6602.2)
(19,4125.55)
(20,1242.58)
(21,0.0)
(22,0.0)
(23,0.0)
(24,0.0)
(25,663.52)
(26,3872.38)
(27,5797.05)
(28,6450.22)
(29,5161.84)
(30,2263.97)
(31,0.0)
(32,0.0)
(33,0.0)
(34,0.0)
(35,0.0)
(36,0.0)
(37,392.02)
(38,3599.01)
(39,6136.57)
(40,8143.69)
(41,7144.64)
(42,4512.51)
(43,2428.49)
(44,1048.32)
(45,0.0)
(46,0.0)
(47,0.0)
(48,0.0)
(49,743.33)
(50,3507.89)
(51,6350.32)
(52,7407.34)
(53,6713.53)
(54,4201.21)
(55,1810.88)
(56,394.48)
(57,0.0)
(58,0.0)
(59,0.0)
(60,0.0)
(61,1164.79)
(62,2834.51)
(63,5002.08)
(64,5596.44)
(65,5174.92)
(66,4158.62)
(67,2059.33)
(68,935.14)
(69,0.0)
(70,0.0)
(71,0.0)
(72,0.0)
(73,345.87)
(74,2263.16)
(75,4395.99)
(76,6272.42)
(77,5239.3)
(78,3754.3)
(79,2352.17)
(80,761.33)
(81,0.0)
(82,0.0)
(83,0.0)
(84,0.0)
(85,294.52)
(86,2624.31)
(87,4581.54)
(88,6517.27)
(89,6051.52)
(90,5208.63)
(91,3640.73)
(92,1622.66)
(93,0.0)
(94,0.0)
(95,0.0)
(96,0.0)
(97,802.48)
(98,2972.09)
(99,5043.11)
(100,7743.25)
(101,8253.54)
(102,7152.86)
(103,5066.06)
(104,2023.99)
(105,0.0)
(106,0.0)
(107,0.0)
(108,0.0)
(109,1092.11)
(110,5252.19)
(111,9224.36)
(112,12474.4)
(113,13824.6)
(114,12368.06)
(115,9938.79)
(116,6419.09)
(117,3041.56)
(118,0.0)
(119,0.0)
(120,0.0)
###################
(1,21113.17)
(2,47784.14)
(3,51806.1)
(4,51806.1)
(5,51806.1)
(6,51488.67)
(7,48388.94)
(8,44167.51)
(9,39095.7)
(10,34668.79)
(11,32848.09)
(12,38202.71)
(13,47251.14)
(14,51806.1)
(15,51806.1)
(16,51806.1)
(17,51806.1)
(18,50616.36)
(19,47407.65)
(20,43413.51)
(21,39018.22)
(22,34807.43)
(23,32742.05)
(24,36464.94)
(25,43618.31)
(26,51188.08)
(27,51806.1)
(28,51806.1)
(29,51806.1)
(30,49427.13)
(31,45439.18)
(32,40899.72)
(33,35522.58)
(34,30154.08)
(35,27649.73)
(36,30790.12)
(37,38892.42)
(38,49177.78)
(39,51806.1)
(40,51806.1)
(41,51806.1)
(42,50293.14)
(43,46630.41)
(44,41927.38)
(45,36770.19)
(46,31960.18)
(47,30294.06)
(48,36010.52)
(49,40774.79)
(50,48832.04)
(51,51806.1)
(52,51806.1)
(53,51806.1)
(54,49581.59)
(55,45676.21)
(56,40911.52)
(57,35560.97)
(58,30515.32)
(59,28232.63)
(60,32957.26)
(61,41971.65)
(62,50799.7)
(63,51806.1)
(64,51806.1)
(65,51806.1)
(66,50326.02)
(67,46880.91)
(68,42478.56)
(69,37583.21)
(70,32493.08)
(71,30067.99)
(72,33783.77)
(73,40907.57)
(74,46676.16)
(75,51806.1)
(76,51806.1)
(77,51806.1)
(78,49478.2)
(79,45378.01)
(80,40531.96)
(81,35068.57)
(82,29750.4)
(83,26992.48)
(84,29505.33)
(85,36650.13)
(86,45174.03)
(87,51806.1)
(88,51806.1)
(89,51806.1)
(90,49861.81)
(91,46222.5)
(92,41497.08)
(93,36267.05)
(94,31154.37)
(95,28356.59)
(96,31368.21)
(97,39415.17)
(98,47760.98)
(99,51806.1)
(100,51806.1)
(101,51806.1)
(102,49824.07)
(103,45998.27)
(104,41119.81)
(105,35740.03)
(106,30463.96)
(107,28634.85)
(108,30843.49)
(109,38522.4)
(110,46677.14)
(111,51806.1)
(112,51806.1)
(113,51806.1)
(114,49933.82)
(115,46024.98)
(116,41352.64)
(117,35965.5)
(118,30824.03)
(119,22616.91)
(120,22980.05)
###################
