1.389227557323828e8, 2.222833769255944e8
2.203595997807166e8, 2.9955968771369207e8
1.2750368061630026e8, 2.495753846614622e8
1.8157528266505218e8, 2.3641611410464734e8
4.702085349979637e8, 5.614213923019639e8
1.2899007491808492e8, 1.995524285387848e8
9.131447956308943e7, 1.9989610980806515e8
2.97398276645219e8, 3.597439018473178e8
4.2811292067389154e8, 4.6969834326872426e8
1.2361849279869853e8, 1.761427535736506e8
3.7691575800176877e8, 4.5251006906064516e8
1.399237083416435e8, 1.8883820171383e8
1.2271267176721396e8, 1.9470118643837947e8
2.9452542320494336e8, 4.177141360972356e8
1.6335734148845717e8, 3.128157062800204e8
1.0177031131363854e8, 1.810674540329128e8
2.1129260383733168e8, 3.406842454884085e8
1.0297792558089374e8, 1.6575294513551208e8
1.5486231950248903e8, 2.378029345827705e8
1.8849269692569795e8, 6.556919007931787e8
1.7394233788116205e8, 2.4028274108804816e8
1.1533054100744717e8, 1.772636939971134e8
1.9718396931386515e8, 4.329020286497629e8
1.0868728538019095e8, 2.4313399964945933e8
2.318086755206525e8, 2.6869399613169634e8
3.137146220521761e8, 3.5249573460973054e8
1.2246823683455302e8, 4.4124862282629436e8
1.6940472536612338e8, 2.3363399156225568e8
1.8834810359486023e8, 2.845851782977333e8
1.3938494931308043e8, 3.0712860007785773e8
3.2411179119670534e8, 3.881670956252242e8
1.806505303418535e8, 2.881499716291241e8
1.0338746516653872e8, 1.765933580052355e8
1.0837412198040397e8, 1.666432244839435e8
2.4075424134009045e8, 7.471268444867219e8
1.096565411607504e8, 1.536264090746267e8
1.1677991585742474e8, 1.6230314019584408e8
1.3937345283518723e8, 1.9035802462136015e8
9.197632119036178e7, 1.6336831279652473e8
7.56751845725373e7, 1.632709921224109e8
1.5200598888922718e8, 2.5535308600367123e8
1.7615212928860188e8, 2.4054555504688016e8
6.761066121083659e8, 7.274407582938825e8
3.49596515407912e8, 7.389726858370167e8
8.206240362700172e7, 1.9141736059716675e8
1.1827110993940018e8, 2.0151250452890614e8
1.423191639525276e8, 2.042743899866858e8
1.3956091841015118e8, 2.2743700750409567e8
9.823603371302554e7, 4.128899665458813e8
2.579553020114184e8, 3.0025109255478287e8
4.0684649808845884e8, 4.982524196237857e8
2.2445748508695307e8, 2.9290495315145767e8
1.424409326242276e8, 1.768908000831543e8
2.0089158239580554e8, 2.8355617506509805e8
9.461323457368821e7, 1.5268750789967644e8
1.5156684697547504e8, 2.3365697024904674e8
1.1556131495822312e8, 1.506417589720826e8
1.1431871117221294e8, 3.781578762015595e8
1.8127873679744145e8, 5.537956171696923e8
3.137529455556013e8, 3.494478815486322e8
1.0367842041819394e8, 1.6337338075569195e8
8.679136551982068e7, 1.7319779340796438e8
9.943042016913828e7, 1.3709891945804742e8
1.2804401266263779e8, 2.531081292812361e8
2.5097445218400145e8, 3.4511883259860575e8
1.0665677784228687e8, 1.732196745885807e8
2.1140349381472418e8, 2.825544936250642e8
2.359347280333557e8, 2.919614508218928e8
1.3973038945401984e8, 2.550149556359459e8
1.3841382023049435e8, 1.8618351995624113e8
1.5523515130618793e8, 2.1286358935145265e8
3.023341348133031e8, 3.7620208861589915e8
2.4656208994678816e8, 3.514320612021079e8
1.2373188279044203e8, 1.8539432298658583e8
1.757532757638671e8, 2.5783908177207315e8
1.2697032580298997e8, 1.6531594729661417e8
3.172552804136304e8, 4.252785013162951e8
1.1584196688386892e8, 1.730876105328608e8
1.8511835930050755e8, 3.1095707579984623e8
9.38430309993587e7, 1.3603060899170455e8
7.733395710310119e8, 8.446954581890582e8
1.378472091342295e8, 2.0965112203083706e8
1.7294150125794375e8, 4.14457821973069e8
2.0419725969998834e8, 2.931902750256125e8
2.5041646426038867e8, 2.947622604984622e8
1.8213941804961652e8, 2.3529414555124092e8
2.834591124403022e8, 3.382170605919104e8
9.381120581239918e7, 3.2878463199345905e8
1.8691786994188833e8, 6.982227466960682e8
1.5500737670567435e8, 2.1673862957186922e8
1.2899821389763086e8, 2.0149516493398044e8
3.679303600328316e8, 4.7867014395993817e8
1.0206421559479402e8, 1.9799270691475847e8
9.606856077560715e7, 2.4655839908823836e8
1.6641139750533122e8, 2.1112392577444506e8
2.010553273156166e8, 3.6970956199207383e8
1.5208518599190953e8, 2.2767614039722428e8
1.3405781580874118e8, 1.9773025685961574e8
2.0034018988385755e8, 2.677060049909092e8
4.675691189164288e8, 5.398334605966259e8
1.2145786772109784e8, 2.4117595206664333e8
1.874423207624575e8, 2.9563096106939673e8
2.3173114641678914e8, 3.179371732010545e8
1.8774486069178954e8, 3.055201303248899e8
2.2176694053589252e8, 3.0892977786120236e8
1.3103349381770733e8, 2.239023515972295e8
8.674663627575313e7, 1.3098988739735472e8
2.465813272720663e8, 4.196216320637039e8
8.112339607687107e7, 3.855093273900669e8
1.4426399755347365e8, 4.702753730528831e8
1.8503113042680725e8, 2.8546714599397033e8
8.815520836849548e7, 1.402894423414388e8
9.061831741595021e7, 1.810823684869528e8
2.3307253400365213e8, 2.9795975256793106e8
1.5953308155878866e8, 2.458269269773155e8
1.205479875590627e8, 1.694793534319047e8
1.2994874601389778e8, 2.0529943080642578e8
1.1729015719224893e8, 1.668432707124891e8
1.0296471584529464e8, 1.453334691802836e8
2.007480682514438e8, 2.912489782940108e8
1.5003446010555187e8, 2.4477953753770316e8
2.403257864354605e8, 6.709470228034505e8
3.6111167319977164e8, 5.002838766143726e8
8.866657667863065e7, 1.4950659946450263e8
1.8021424625598386e8, 2.9089293529408044e8
2.722495179885533e8, 3.7171381025342834e8
1.9468309808317178e8, 3.4265124352826494e8
2.5893185265158442e8, 3.411428239428826e8
1.6107362678398168e8, 2.1681678695839173e8
3.1648680420874697e8, 3.703129455744452e8
1.204098772528966e8, 1.5295003605271953e8
3.050324837734801e8, 4.4199997976666045e8
1.7842698705136597e8, 2.468051795017194e8
2.5625936084092638e8, 3.321467145823662e8
1.58914830903634e8, 2.2140557710258734e8
1.1045599805456354e8, 1.8085678103108695e8
2.105656495512276e8, 4.442564278294256e8
2.3897553771308723e8, 5.740101704442182e8
1.2626160576408373e8, 1.6934652126079372e8
1.5839289616776147e8, 1.850892077769139e8
2.073131279638896e8, 3.3027537027045965e8
3.292591556193815e8, 4.335583842728177e8
2.2102425979718468e8, 4.058304174085929e8
2.6772155789219025e8, 3.1627653694928575e8
8.062655805963801e7, 1.4083850635162342e8
1.8338417238124555e8, 2.4271564916197756e8
1.3522523886759847e8, 2.433260714451187e8
1.2800316287138513e8, 1.9367754392776304e8
1.084112164927949e8, 1.747906446093849e8
1.6811241768498155e8, 2.38307000901544e8
1.6269128266799033e8, 2.3451600058322883e8
1.0986663739832456e8, 1.7819399070079643e8
1.3303066763232778e8, 1.935869546695068e8
1.5883563157599387e8, 2.3434627195655704e8
1.3183196548295724e8, 2.2252047967899975e8
7.084737771250317e8, 7.873118541471994e8
2.0455604427523467e8, 2.880211938000435e8
9.90149927787357e7, 1.372393562437909e8
1.1317583733283907e8, 1.852497660461253e8
7.772570112866068e7, 1.5827709842955816e8
9.391854245248148e7, 2.0358871562880063e8
1.44103509924702e8, 1.8347851070362368e8
1.1791402487243514e8, 2.124970554958853e8
1.9383864680144817e8, 2.5259091860321075e8
2.0261532247729564e8, 6.143738626828146e8
2.017231747461431e8, 2.790484760086856e8
1.7242748701109856e8, 2.4783215748567754e8
1.3117602646398973e8, 1.8463787561905727e8
2.99426382862432e8, 3.9915164783176965e8
1.0844530233807924e8, 2.0931626142579654e8
1.1142034971265751e8, 1.7536123119801182e8
2.6085165469579935e8, 3.384055529106768e8
1.1224120013152665e8, 1.6188085528275e8
1.8768345907610887e8, 3.3226262721700656e8
8.74063740399008e7, 1.3461943386952826e8
1.8723122014483982e8, 4.277186664402932e8
9.612723644572452e7, 2.0489414928091344e8
8.613752536061712e7, 1.5677135996864575e8
2.5720944415810317e8, 4.1602230661247545e8
9.959193286893778e7, 3.9365123835375684e8
2.145762945472403e8, 2.832213669074246e8
1.0035236139192864e8, 1.6070185487725952e8
2.2484630304757184e8, 2.8348399400540906e8
9.956964533075076e7, 1.606384941044987e8
2.4640757455672666e8, 3.300751557492012e8
1.9920312955735964e8, 2.583317164009192e8
1.868599506595167e8, 2.4173727335087234e8
1.652757094494632e8, 1.9438358056245938e8
1.6662260964212707e8, 4.804022994823559e8
2.8349575770060766e8, 3.687405577961808e8
1.9067095144703302e8, 2.6573296516593426e8
1.0931065917202654e8, 1.5353000266679022e8
3.6443015677069587e8, 4.1202520189717954e8
2.6926031918794227e8, 3.962528647292175e8
4.795823272736836e8, 6.464795872373596e8
1.2689011938173683e8, 1.7928294672387022e8
1.1736892037664604e8, 2.0679143195228434e8
1.225145306238366e8, 3.778916265484824e8
1.2283017518838948e8, 2.5543327841464984e8
1.645634152197908e8, 3.913202354487517e8
2.1108087234052712e8, 3.2421528286676383e8
1.4901362333453587e8, 2.6692893303931856e8
2.2605496120352343e8, 3.1652714734709483e8
8.59929238674437e7, 1.719232399627227e8
1.6170106103452787e8, 4.480565750223207e8
8.032501462212938e7, 1.4183484277004185e8
3.996310570731233e8, 4.7470828671764326e8
1.6687883132354945e8, 2.3291758243450788e8
1.2053954676432183e8, 1.9355129071503365e8
1.2494248908217505e8, 1.7660787649225307e8
1.6768485137862167e8, 2.035775005416172e8
1.334430461075038e8, 2.5783088623503432e8
4.0555700064148563e8, 4.881193665272987e8
1.0149623100515056e8, 2.3166233716510987e8
1.2677253974151671e8, 1.872626053333537e8
1.3685407973030514e8, 2.705565088201937e8
1.5448709699443856e8, 2.4996983327942747e8
6.6854002661549635e7, 1.1842312561742042e8
1.0567149743338165e8, 1.8134941348216745e8
1.0706712278073579e8, 1.5816637044065657e8
1.0501852993886958e8, 1.5384006283168522e8
1.4948134199925417e8, 3.205243822598343e8
1.6175830786867464e8, 2.5591255497274318e8
1.6152156422828224e8, 3.03772252886482e8
1.1391332287613621e8, 1.7467702776178533e8
2.853334840245142e8, 3.6892581643992364e8
1.7161569949161354e8, 2.2480315816444215e8
1.5764380251976785e8, 2.6415075581292635e8
1.7245428858329472e8, 2.7139064701124126e8
1.9373338920483497e8, 2.633273520136758e8
2.3695165451384506e8, 3.369104248638814e8
3.185168273045746e8, 4.545024726280427e8
1.4313719759047326e8, 2.9718520583130866e8
3.367548896541869e8, 3.66319411066208e8
1.416154171122809e8, 2.14040092572921e8
2.5763103108015332e8, 3.3538826536436296e8
1.1267887981624894e8, 2.294166136445067e8
1.6555136496398863e8, 2.4211882546496528e8
7.765297395378187e7, 1.2116215493700974e8
2.4065924145460826e8, 3.0461150796937466e8
1.2721879787002502e8, 2.0180534382389557e8
1.636810539536018e8, 2.1368094458076647e8
1.8555161598279393e8, 2.3469920372920433e8
1.2156860997400104e8, 1.914982480968991e8
1.4527509579477146e8, 2.1568287778356522e8
2.3025941147161695e8, 2.526577154262547e8
1.1369695990700395e8, 1.9409731256377208e8
2.6360456128177586e8, 3.839036031370841e8
1.7707499864099693e8, 2.45795046983523e8
2.823170689615922e8, 3.702868869337057e8
1.3509776959171912e8, 1.723497211700263e8
1.692799869752198e8, 2.4547805670110843e8
1.0048053068837117e8, 1.8812449356445682e8
1.6510972385805225e8, 2.5790845945979226e8
2.1179457770204246e8, 2.9668217839661825e8
9.909089619027649e7, 1.5294221047460732e8
2.241894204040259e8, 3.192208789722224e8
2.4483269763053536e8, 3.29382711272966e8
1.3518678832984048e8, 2.004839967535969e8
1.7421434794525945e8, 2.3416921242742714e8
2.686376078350891e8, 3.2575519111042076e8
1.337400997280959e8, 1.778830353184912e8
3.2317092555202836e8, 3.875182282118201e8
1.3491652769944572e8, 2.1334261762018985e8
2.382097869651329e8, 4.0729470212924105e8
9.842922121638383e7, 1.3677544415864453e8
1.2967921689202565e8, 2.1519664127187797e8
1.0250691964826325e8, 2.1933233355160707e8
9.21505686002738e7, 1.361732476076492e8
1.345717903430083e8, 2.0588430586020002e8
8.058346341672175e7, 1.4897820724286467e8
2.087983555511258e8, 2.8991769898177224e8
1.2981895752553068e8, 2.1681952372635245e8
1.4429382579420078e8, 2.0375878520082113e8
9.887906356965217e7, 1.4636616402959025e8
1.3185231268464215e8, 2.191645455827352e8
1.2296279783677907e8, 1.7740572211224064e8
1.3005458742245321e8, 2.2095475203511024e8
1.2825956924917065e8, 1.8028384868783772e8
1.904910053504331e8, 2.4187447359346232e8
1.6866334584627664e8, 2.7106766486356795e8
1.401838642369409e8, 2.128739056929104e8
9.008722583566834e7, 1.6727716389199126e8
1.4363415832325375e8, 1.915374952337752e8
1.877402415341947e8, 3.302985602758748e8
8.652913801273658e8, 1.1036199200830612e9
1.0353944391472727e8, 4.9196377109607524e8
2.2339255144962934e8, 3.086876678834687e8
1.7837231733142364e8, 2.5553425362003398e8
2.3266979732218862e8, 2.9678912721163124e8
3.554470456564116e8, 4.383810985114413e8
3.6637338343341327e8, 5.309583079678054e8
1.1156248960782725e8, 2.5632045212497458e8
2.04879054702515e8, 2.74915456453902e8
1.5609730798308387e8, 2.170059252018018e8
9.98752456092077e7, 1.8235325494542187e8
1.890648371894726e8, 2.4585727324792093e8
1.161352175479317e8, 1.694900125727902e8
1.853941880479998e8, 4.2282640574161386e8
1.395812265502411e8, 1.7960935381561738e8
1.1593646268298082e8, 1.8468171815506583e8
1.4368839693749717e8, 3.0778429748560923e8
1.5628771404493877e8, 3.7536199690171915e8
1.4868253485069418e8, 2.3116434142208022e8
2.140238465834996e8, 2.808139628336986e8
1.3421145619390701e8, 2.108155485631097e8
1.7136393229164428e8, 2.134613775173567e8
3.9267187265623784e8, 6.688911640037669e8
2.696428681445296e8, 3.9845393278982985e8
2.0352525968564814e8, 3.126064465385893e8
1.3528895399161696e8, 1.989548330236324e8
2.610577444288801e8, 3.5200771468547153e8
1.987071355504702e8, 4.0628342339379185e8
2.4635493779042122e8, 5.0895430933177483e8
2.0956239833725905e8, 2.4261735328719366e8
4.479609899111328e8, 6.59538794264157e8
1.1982414345233908e8, 1.75834248767512e8
1.4096285785683545e8, 2.642531281329698e8
1.3764531029095522e8, 2.7617384146780133e8
1.4707753026428932e8, 2.3967904487153798e8
2.7773032099190146e8, 4.832269175888055e8
4.9991248589934593e8, 6.375062160175061e8
2.4300162368503997e8, 3.335566410136942e8
1.1600972700077714e8, 1.6187895964233428e8
4.4877759458512396e8, 5.08325683245063e8
3.6062671764196914e8, 4.066994833952253e8
1.5955904645612875e8, 2.1971468139331797e8
1.4954664875417507e8, 4.3726824880735576e8
3.9589018875622123e8, 5.1157961487005174e8
1.2021457568256663e8, 1.9110069896405572e8
8.812045471157904e7, 1.4208682916598484e8
1.7912444876793617e8, 5.2662165190934175e8
1.7915410752579638e8, 2.3015299446986297e8
1.703628446483157e8, 2.330521201948588e8
1.1762960875236696e8, 2.017798015639439e8
2.785915666453591e8, 4.104200413410094e8
1.6546971404137838e8, 2.3452290416691917e8
1.8345800773278818e8, 2.966647764386142e8
3.2497667987566334e8, 4.966314365577809e8
2.6159126636409467e8, 4.1914188747175467e8
1.711208564420807e8, 2.3452884874775255e8
7.08868083982557e7, 1.1729058006136145e8
3.9322207654618496e8, 4.5130540172869956e8
1.8859645469450378e8, 2.737409099960305e8
1.1621475687680654e8, 2.1307357340159166e8
1.4140711870026016e8, 1.9442288263146347e8
1.3083466219815657e8, 1.977980340520133e8
2.0684488034954947e8, 2.6784638041120327e8
5.6443232108523354e7, 1.1135400863413064e8
3.5545696983175755e8, 4.526325792421722e8
1.242705133422363e8, 3.30535744040577e8
9.374142594866113e7, 2.0731273612794238e8
1.4728272822647214e8, 2.371118529164081e8
2.4402725157674688e8, 2.9648093728363246e8
4.5807544517187154e8, 5.435514173583817e8
4.998355803111326e8, 5.597510577676715e8
3.428222687687324e8, 4.32711181505175e8
1.2165024560225084e8, 2.984625426537699e8
3.407342711194715e8, 4.9811271749164826e8
8.621161846290936e7, 2.003059174063725e8
1.1582276324147941e8, 1.957658406201964e8
1.556444621048116e8, 2.2525335036276773e8
9.48064879113346e7, 1.9196954879206473e8
9.947065739280558e7, 2.000855195732297e8
1.094989122247356e8, 1.7620465011554843e8
1.2315655182572849e8, 1.7407581281329027e8
1.4682046454590523e8, 2.3968353678395885e8
1.3695004947370115e8, 2.067258979954585e8
1.381620327267534e8, 5.328790723588315e8
3.52097760689962e8, 5.234248868522663e8
1.2380472975728892e8, 2.125708429520904e8
1.2471464626165062e8, 2.6652837399672857e8
1.1723813817091772e8, 2.075231741981084e8
9.211301687698545e7, 1.6360342140625343e8
1.5933082373033723e8, 3.1038216502030295e8
1.3462676761575523e8, 1.997074704690795e8
6.669974282077483e8, 7.474504355240587e8
1.7396633933135024e8, 4.465342455813681e8
9.695755602876703e7, 1.5969009596985343e8
1.7099752770823944e8, 4.6869766507734966e8
1.6978492518863243e8, 2.2862249045200512e8
1.1504631924557146e8, 1.987783262871696e8
1.536548085419738e8, 2.0696739201670155e8
1.1986754411171767e8, 1.810375054958399e8
2.2031646333782974e8, 2.791531086135712e8
9.488732165422395e7, 1.706273707029076e8
1.7848886082408226e8, 2.874256840441662e8
1.2623014050833811e8, 2.5322124583568183e8
2.9216322813341194e8, 3.4177179147882175e8
3.162808375423062e8, 4.190161359519308e8
1.857531129462417e8, 2.3446100960428184e8
1.2450369384563445e8, 2.688591303206268e8
2.2767830349534807e8, 2.880051296495012e8
4.5472154464535874e8, 5.441080794587508e8
1.6517778839241263e8, 2.2320680222595647e8
1.401412526827082e8, 2.0228719435930207e8
1.8223097157803878e8, 4.326995066824517e8
2.5674064601892298e8, 6.674365761083974e8
1.0237262295698078e8, 1.532841397999901e8
3.4448774722625005e8, 6.922196237828604e8
2.8083511973705125e8, 4.550980417536855e8
1.062748763643609e8, 1.8368791612381914e8
1.872849899805762e8, 2.397564412431886e8
1.916373332600683e8, 2.771712742489468e8
3.1684104680723596e8, 6.591548789117775e8
1.6955448761351082e8, 2.1946437394072512e8
1.5421431800331646e8, 2.5996937872134846e8
1.3884077097380528e8, 4.552537934704731e8
8.267998332868247e7, 1.5561592125509596e8
2.3494355689486307e8, 3.0154588831249523e8
9.557562398359574e7, 2.2559349966681182e8
1.1555344165202028e8, 1.6281333274833885e8
1.0846831730748388e8, 1.6751856094982198e8
2.0701275460202673e8, 3.8422877050375897e8
1.7810580771789452e8, 3.5487690549842876e8
1.0286681479267362e8, 1.63007792245279e8
4.622124518238104e8, 5.099229136665649e8
2.133590260351442e8, 3.5735377243842566e8
1.4994759659070942e8, 2.2826623549298456e8
1.3747295439414737e8, 4.055870749552399e8
8.090046921744885e7, 1.5215926435202333e8
1.2829196596993384e8, 1.9641025423112357e8
7.829146843511927e7, 1.4263598914242017e8
1.3777255250689772e8, 2.677334034638105e8
1.479863647592241e8, 2.358337489950792e8
1.0795967502254578e8, 1.851192162531439e8
2.881104494645714e8, 6.087368518847165e8
1.061246880618192e8, 1.435439482932878e8
1.0325266349171141e8, 1.6156462977007246e8
1.892914509471907e8, 2.737954830402401e8
1.3418667275373095e8, 3.12280685886912e8
1.3793571699117845e8, 3.1297591771762234e8
1.3482572454446945e8, 2.8114706044087464e8
1.2207848597687781e8, 2.6343328811673418e8
2.45664492372824e8, 3.451812225516772e8
3.1434764985717475e8, 4.109676185269968e8
9.975477046887861e7, 2.023469772277946e8
7.492718819214326e7, 1.0504539784428477e8
1.9852268923875e8, 2.859302103598686e8
1.7279984013646433e8, 2.1250789345683038e8
8.670380126009028e7, 1.370060868755829e8
3.596529302749056e8, 8.052249429015809e8
1.3023067691861664e8, 2.2978494956075823e8
3.353940769257079e8, 4.3542223113616306e8
2.4944048705600694e8, 5.926266257025006e8
2.3575312043256405e8, 3.9092643831901735e8
1.425365720402924e8, 2.24471595509656e8
1.9290117655335927e8, 4.792094827598085e8
1.3200397757058606e8, 1.616992696007066e8
2.4663816311571273e8, 2.796287304639595e8
1.6873218385959795e8, 2.663597367496452e8
1.5440407682381356e8, 2.822106867467599e8
2.1527185210936463e8, 2.781510606940424e8
1.9549778398119643e8, 2.5483792076802513e8
5.487397274360001e8, 6.804642511427934e8
1.7894920581781468e8, 2.6107964960047933e8
2.1953571700849035e8, 2.9123324964008087e8
1.673116211834014e8, 2.298990541205277e8
2.6148681459482452e8, 3.2216827871771795e8
7.868596405456743e8, 8.622150361357484e8
1.216762401691817e8, 1.8545329501191655e8
3.119085762970232e8, 3.780585477659327e8
1.4502270580060813e8, 1.8027945479061562e8
9.954340232892416e7, 1.6094156100554696e8
1.2504294778907605e8, 4.262287290260044e8
1.605836743231954e8, 2.0084729491530335e8
9.87003589182555e7, 1.612547290743626e8
1.5750609528814733e8, 2.6082173044471812e8
1.3640465622925064e8, 2.1497195663653982e8
2.411326033763255e8, 3.569709606450034e8
1.6113911272532383e8, 2.53412277134272e8
8.098106269253185e7, 1.310019870298632e8
1.5396779397057822e8, 2.61903497370428e8
3.2210241515058106e8, 5.2453734625600845e8
1.087156400583803e8, 2.2193223816710442e8
1.2253052308026256e8, 3.0465564528153616e8
1.2940083984985504e8, 2.2880335356986874e8
8.278432609974775e7, 1.7318570430802518e8
1.4550387969225743e8, 2.2731181671555072e8
2.358276573957536e8, 3.3930668240209556e8
2.994602185448746e8, 5.987849756973505e8
5.536779230121943e8, 7.503849695786945e8
3.6694592103738916e8, 4.8832003108321476e8
1.4266927115006033e8, 2.8453703187830096e8
1.2889729089143416e8, 2.8698615349747485e8
1.968642312320677e8, 2.753510816061347e8
3.056022620579405e8, 4.009284813220082e8
2.4776186127208287e8, 3.098001369341487e8
1.9740653510529056e8, 2.9931579170027e8
9.980218519000931e7, 1.946325045403854e8
7.668291443826567e7, 1.622263031889816e8
1.821397984206376e8, 2.5081112095197868e8
3.10254872344593e8, 4.5666806417532986e8
1.391779989961823e8, 1.8365460353663573e8
2.4244806820180702e8, 3.296772748071539e8
4.304899765202326e8, 4.982479779180783e8
1.4669856639713272e8, 2.1119064858650547e8
1.0043614937001313e8, 3.7111357208875793e8
1.1417026032872368e8, 2.233160058689367e8
1.4160986951186207e8, 2.2914816061339864e8
1.1356064371626206e8, 2.4115856746903166e8
1.0559603676602027e8, 1.650475432159039e8
1.4543899826582623e8, 2.430205178697067e8
2.5111821578068072e8, 3.8150130069256914e8
1.8544390971515867e8, 2.2483369700805905e8
1.6615135016882056e8, 1.9868696192564437e8
1.3781787766122335e8, 1.7353028948798162e8
1.4991060859851748e8, 2.4288370270097712e8
1.5944363456352594e8, 2.053712649058154e8
1.9572066982865605e8, 3.5455112729070544e8
1.5725534487209672e8, 2.0899034883179e8
1.8425546901907095e8, 2.372964521366236e8
1.1592116321758913e8, 1.7075834208138657e8
1.417528613910805e8, 2.689549750030759e8
3.2813649891763526e8, 4.080421037185369e8
2.1122113745738006e8, 3.792766533956492e8
2.9474166997701395e8, 3.6791594940227896e8
1.529434775345608e8, 2.1828363971332937e8
1.5403306977336562e8, 2.9183847213866335e8
1.6037190292665437e8, 2.6481791649892235e8
1.2061965634065214e8, 2.0213514047081202e8
2.652716402353486e8, 4.345882259449295e8
2.2750267656507277e8, 4.830896723118852e8
2.3969074105553767e8, 3.299495692769875e8
8.488095496157193e7, 1.3302726521941842e8
1.2008905610063982e8, 1.8409678452386272e8
2.0411663046337909e8, 3.3664837405639166e8
1.6742362979126304e8, 2.3385679649621105e8
1.395133146059714e8, 2.9839543361912954e8
1.9425853636723924e8, 3.312129174279879e8
6.329668833138112e8, 6.629860067803717e8
9.899038431208979e7, 1.5125947171510357e8
8.841366784020193e8, 9.33523563121995e8
3.362750289311776e8, 4.286909421291958e8
1.130094277290268e8, 1.9448487605060557e8
1.1791106091951792e8, 3.229285237519479e8
2.490441660723648e8, 3.097725902910977e8
2.385528651449216e8, 2.7170778886954767e8
3.599671189244531e8, 4.27029524768547e8
1.2529662340247701e8, 2.2425644772598064e8
1.453089918480401e8, 2.0613839709605318e8
9.115521275402735e7, 3.3113065418814176e8
1.5855654789708555e8, 2.9683746986410695e8
2.3458809405887568e8, 3.7599570276831615e8
1.16685594407963e8, 1.8953930309969652e8
1.6138982489479202e8, 2.1098944706751925e8
1.613049793629943e8, 2.568447895401882e8
9.350991345388149e7, 1.5229755381620035e8
4.086760858598903e8, 6.123764125141135e8
9.984849796971308e7, 1.3499390087423185e8
2.555264615806379e8, 3.2588006350529724e8
1.2913780689705952e8, 2.780512634783341e8
8.004259160806003e7, 1.6939288551648733e8
9.21246436180793e7, 1.3804996746809423e8
1.0636930182822332e8, 1.680318764676432e8
3.61452315519734e8, 5.057969448621379e8
1.0804715996144526e8, 1.9890435052271888e8
1.1393167390754598e8, 1.905234553982124e8
1.1676626897030355e8, 1.9701053406073907e8
1.0688246176075238e8, 2.2801607558926216e8
1.428853221135879e8, 2.496804740260746e8
3.8119396837900776e8, 4.45181250760497e8
1.5079964879219207e8, 3.031994697637471e8
3.1338361272560793e8, 3.72284199488173e8
7.084158033379424e7, 1.428927644206109e8
1.406805251789376e8, 2.5827097196935812e8
1.1239173083556527e8, 2.3995727674762726e8
2.1655947126321158e8, 3.620317167060475e8
1.0484231843037285e8, 1.4776974944352123e8
1.2260267204331243e8, 1.7855586667368418e8
3.755550925364556e8, 4.6708433430930555e8
1.424144232717178e8, 3.4488049205559564e8
1.255453026338385e8, 1.8826130792392197e8
3.5798161337999576e8, 5.677016672536643e8
1.5154216683586144e8, 2.1012861343352324e8
9.421545473256588e7, 1.486256319388786e8
1.590189726686707e8, 6.093910250945773e8
8.899642222610378e7, 1.6586642337311593e8
6.942482582103082e8, 8.681464313596851e8
1.2005781749843852e8, 2.6778056886589244e8
1.2723300425620995e8, 1.9595559485882077e8
1.1189348727846624e8, 3.1146576034382683e8
1.9779970087614667e8, 2.4126919885203868e8
1.26126923208137e8, 2.0419945924946758e8
1.8785254449781188e8, 4.2763238555750215e8
3.418867513396008e8, 4.7402969426549923e8
3.688588530377946e8, 4.368004610011689e8
5.067388604386258e8, 5.882786152883486e8
1.1441304826900876e8, 1.7396055763219613e8
1.2037712496982309e8, 3.120264542662765e8
1.1189206540217017e8, 1.6630809772035983e8
1.5708998721551612e8, 2.2429812061544576e8
2.5141292697351247e8, 3.147814794964568e8
1.0787205103329426e8, 2.4422636110212466e8
4.9988011384607655e8, 5.595856595111947e8
1.3191374900223692e8, 2.124848471839843e8
8.766827380382998e7, 1.371602738116841e8
1.488752359611525e8, 2.3997306804547957e8
6.145582491552787e8, 6.64366192313332e8
8.43834882787311e7, 1.9158550367676213e8
1.2563949040151542e8, 1.612893058208368e8
1.344476239525162e8, 2.760006067739029e8
2.1034515295461723e8, 3.143515023234086e8
4.815135329823739e8, 5.921400601113648e8
4.339884670705183e8, 5.592791110228103e8
1.283608517080118e8, 2.128158331660803e8
2.0364806954762512e8, 3.372241147732093e8
2.5485141514319602e8, 3.464563883349802e8
2.1465969334236264e8, 2.6594625681503913e8
1.4673786682050723e8, 3.228520773964181e8
1.1164438977839006e8, 1.9216363153808227e8
4.9372424320360976e8, 5.48132637001681e8
4.340190572445303e8, 4.759031681145799e8
1.2712315149458134e8, 1.845343877527431e8
1.1908375532385729e8, 1.6846411877905956e8
1.4228545935667065e8, 1.9756755284543276e8
1.829993288644583e8, 2.3723376404522145e8
1.633784488114227e8, 2.4470163353318614e8
1.7442722442525208e8, 4.7805993358051205e8
1.1877743020754908e8, 1.7715357970482722e8
8.575160350162745e7, 2.9556891727882344e8
1.4314504574144956e8, 2.096943403620573e8
1.2471070841151895e8, 1.9321132982496944e8
1.0594381874313758e8, 1.5978824487710702e8
1.1594746030871622e8, 1.8970579852635685e8
7.952401113645029e7, 3.5020686712490237e8
1.7746799585276252e8, 2.6795678029126498e8
1.0800502561502953e8, 2.2782017823191482e8
1.3254425327374785e8, 1.927112270616818e8
1.9564346170274276e8, 4.7518850919446194e8
1.7743357045280626e8, 3.029167094243728e8
2.652683525755174e8, 5.933631508510704e8
4.64559832052998e8, 5.0164636637605447e8
2.33374822181365e8, 2.763867575145128e8
1.7363758209885287e8, 2.3599635599239224e8
1.67814087731617e8, 2.5073899519160497e8
1.773084660446773e8, 4.019846185304298e8
2.318939349958283e8, 3.42973359685471e8
1.7769401784974945e8, 2.0598773859435752e8
2.819629240485125e8, 3.48317891648125e8
3.4343588704500586e8, 4.8920763318507135e8
4.6881084437735116e8, 5.0982724944691485e8
1.571569167030686e8, 2.211078388741143e8
1.0906110086332838e8, 1.8408591804039988e8
1.342292258018547e8, 3.690239581053754e8
5.48085225025507e8, 7.111653193135985e8
2.0549222559008667e8, 2.6293041599095577e8
1.447612432676136e8, 2.5864541173779088e8
1.9730122801148316e8, 2.941568253056733e8
4.7406114334167147e8, 9.138315358748199e8
1.8931410750594202e8, 3.240604728146514e8
2.5266251872323066e8, 3.315340461151139e8
2.041649909580214e8, 2.3861481702790645e8
9.807142125313875e7, 1.644973496901288e8
1.6499428555409494e8, 2.3384817147553977e8
1.5151387899250922e8, 2.044737629895156e8
1.7678276738309175e8, 2.4525556786930487e8
3.0491093913298225e8, 5.199701018386546e8
1.4066024881026915e8, 2.144872989897067e8
8.797084885409008e7, 1.5573256739073268e8
1.2417001129712753e8, 2.1787119349352998e8
1.453410322291468e8, 4.793645056753427e8
1.502919666911851e8, 1.951348742529911e8
7.18604972889177e7, 1.0222632137731057e8
1.1737499364038998e8, 2.944091718485435e8
2.4432539464960134e8, 3.515884237049307e8
1.6264851030482173e8, 2.0637335240167227e8
7.770932649984533e7, 1.195816130379328e8
8.573950107400183e7, 1.5483710406568003e8
2.265483134540635e8, 3.5364352889776224e8
4.6731717055042076e8, 5.395327715914623e8
1.1616741904054788e8, 1.6115043022874615e8
1.4467560637784055e8, 2.0903361284092048e8
8.236248756177539e7, 1.4509972847533718e8
1.8122193973511192e8, 2.5805395046224618e8
1.537358250934392e8, 2.495501172760694e8
8.332766263350315e7, 2.436382622986626e8
3.1655719456665605e8, 4.4278247427757806e8
2.8564911501879346e8, 3.7320704317996126e8
1.601808012011745e8, 2.303494969294471e8
4.284550212033314e8, 4.863575795206091e8
2.0295601187409952e8, 3.103167000095774e8
1.736056277162409e8, 2.1992155917765108e8
1.85509150755357e8, 2.1580696183010623e8
2.691803250317028e8, 3.64664615641198e8
1.3513743047932464e8, 1.7921989040745443e8
1.3891986695270583e8, 1.9431800332443032e8
1.826012482551185e8, 3.4370152719590163e8
3.0836955841795063e8, 3.544727097106405e8
1.7667397087146527e8, 2.311735051788555e8
2.73167586926076e8, 5.52172536300868e8
1.332488797332511e8, 2.207290151972512e8
9.192334086460772e7, 1.9891689269738656e8
1.3235363581522053e8, 3.580954167937924e8
9.298896447904812e7, 1.45232517889559e8
1.5161696861087343e8, 2.2291477961157623e8
3.610639001790744e8, 4.097416404693681e8
1.493935353273874e8, 2.6928743176704115e8
8.61443490864351e7, 2.950452589359946e8
1.7777597568644825e8, 4.826941865384347e8
9.651713505880804e7, 1.4412738914709452e8
4.2497834376621485e8, 4.8859166904580516e8
2.208655649610969e8, 4.5641419787849075e8
1.225496539107348e8, 2.1621821558026347e8
1.1611899462214112e8, 1.9306409101442543e8
1.6624481855300984e8, 2.1748483478803158e8
1.9177396485092223e8, 2.8461089554860675e8
1.329266781693135e8, 3.047575782240267e8
1.4972754686397138e8, 2.2591943871633795e8
1.949451349359037e8, 3.660238813740108e8
1.5894239800370097e8, 2.9887622896085197e8
1.3433574627590626e8, 2.2827790679006413e8
2.1987538506351084e8, 2.6173907020617878e8
2.3507367505800942e8, 2.8831792323121667e8
1.3125157395022717e8, 1.847299665220437e8
5.392380166521913e8, 7.497380339394873e8
1.5553265652230275e8, 3.3644646055426824e8
1.8085762025928727e8, 2.465389281103578e8
1.2637227967629258e8, 1.5647258834739748e8
1.293021957851963e8, 2.240948056634556e8
1.4673059047752202e8, 2.0707015622403905e8
2.5722918668459067e8, 5.743882064086121e8
1.632717656964859e8, 2.0771806811186513e8
1.6907449219087932e8, 2.5435932238229862e8
1.1285752574454203e8, 2.2917748775671697e8
3.53258379949388e8, 5.829768573299521e8
1.8351766582852522e8, 3.761403127852819e8
1.549557141933391e8, 2.2173712053559893e8
3.294030543906746e8, 6.094869882752333e8
1.1941880482840957e8, 3.336632127506718e8
9.065146863523966e7, 1.1907074144808152e8
1.2721741014135882e8, 1.6858985426499438e8
1.456594908155645e8, 2.5811638177687556e8
1.5662613107452473e8, 2.0295889069588733e8
1.0466013863753319e8, 1.4919350931967703e8
1.2697139748905826e8, 2.1428634450341058e8
1.3821414302454314e8, 1.8185328844289547e8
1.2899714381828031e8, 2.92331423498355e8
1.6782219882152438e8, 2.894540593084873e8
1.6212498836527923e8, 3.873100241748197e8
3.523697027430464e8, 4.145898351965877e8
4.524462843342588e8, 4.866941492877054e8
1.2914607730305389e8, 2.3013766900518626e8
3.7491728539056474e8, 4.378013352930466e8
2.897648740907051e8, 3.4515918442824167e8
9.164849266322526e7, 1.2836297733850645e8
7.583760385094394e7, 1.7365274393815583e8
1.4486009130687842e8, 2.4240567416702634e8
2.9770432274090016e8, 4.4698579674941164e8
1.2756583314361654e8, 2.373483543492541e8
1.0957289113952412e8, 3.435195548831942e8
2.3632090742732355e8, 6.757272743147045e8
1.548888965349278e8, 2.3843807977862895e8
1.2876628850726728e8, 2.257309439904689e8
2.3592504655538094e8, 5.020720989647071e8
9.657734215830962e7, 1.4444773837647742e8
1.1873012294609001e8, 1.6307970790784898e8
1.0626432409685563e8, 2.1869887502387944e8
3.8668180728864896e8, 4.367943038623743e8
2.7667519219486564e8, 4.1444714206054574e8
9.71509929989448e7, 1.86215834003305e8
1.7013662686531073e8, 2.048269732694184e8
1.6097638917364436e8, 2.916323551869e8
1.4612361111824793e8, 4.745860696259148e8
1.889836681320858e8, 2.6511488760997814e8
1.0602832565149654e8, 1.722714851740748e8
3.579335008555042e8, 5.129471935400953e8
1.9805425361105153e8, 2.8674587444840026e8
3.21592977277664e8, 3.6278059699686277e8
1.9815663816540954e8, 2.94377795055842e8
1.1318587415836103e8, 1.8164823449606428e8
3.804001994677233e8, 4.272449134230052e8
6.078903951366238e7, 9.089691706456049e7
1.298726491283879e8, 1.9096837412780163e8
1.1144474039156686e8, 2.2665276647008598e8
1.6667003517731273e8, 2.0333541976593637e8
1.7769830176786405e8, 3.1757520769198483e8
1.875430460993987e8, 2.729276661312982e8
2.3541592811008298e8, 3.184581510621309e8
1.759371868883196e8, 2.715144233435703e8
1.3049917088108572e8, 2.610507853698378e8
1.768143217873497e8, 7.40566489184626e8
8.532069677150075e7, 1.414381975033407e8
1.1867493008653791e8, 1.6016850021498364e8
1.8163152484781095e8, 2.1622177403052396e8
9.728354451664595e7, 1.4549099874799153e8
2.342024942299733e8, 3.0621311155482197e8
2.308452381759958e8, 2.873895887538208e8
4.5524909005610824e8, 6.145867307047659e8
1.0277096644788277e8, 1.5409964099051672e8
1.6274364618552074e8, 2.4662104715294677e8
7.283082909003417e7, 1.4844729380316383e8
6.0829853228909366e7, 1.1056010047825949e8
8.197521930928524e7, 1.3356952674792735e8
2.0181344376666746e8, 2.720217275695167e8
7.187334169025177e7, 1.0984104700079262e8
8.51879492657137e7, 1.762621198446031e8
9.68034310301861e7, 2.0713628874372917e8
3.552166863362337e8, 5.433050174771279e8
1.1627496344304049e8, 2.4898695119294292e8
8.76142568645972e7, 2.31698516758229e8
1.3770409853088015e8, 2.9391535289055884e8
1.8223965320377544e8, 2.9643891401592064e8
3.5818745045032805e8, 4.577017578645015e8
4.1266420377694035e8, 4.8616907354719883e8
1.3585608954352036e8, 2.344465388959132e8
9.194814215448023e7, 1.5640358723397082e8
2.2428437986020663e8, 3.340816248109928e8
1.6994389285263476e8, 2.6575280906575638e8
1.2851465293288438e8, 1.8112008055925617e8
2.438217758145842e8, 3.301226947031335e8
1.0029525958092614e8, 2.106729313738156e8
6.2782224445786186e7, 1.149842701370409e8
1.568865068550929e8, 2.29543448749792e8
2.3228106945832187e8, 3.6831598497792315e8
9.109023580270328e7, 2.4918349589855698e8
1.7683510316925943e8, 3.9874724751743126e8
1.4181290466082934e8, 2.2668760083410344e8
3.5420857541714674e8, 4.416635620080806e8
8.203930227341221e7, 1.454751200624239e8
7.857564479376754e7, 1.744988008980915e8
2.504154194237798e8, 3.4891846006942755e8
2.869474743010301e8, 3.258272682608736e8
1.0949029530135123e8, 2.0397293936286053e8
1.2543823792965259e8, 1.931067398760351e8
3.667181103284647e8, 4.2154793138574296e8
1.5432061851815695e8, 2.306150868204253e8
1.677535339252698e8, 2.682516217209479e8
9.707122973706247e7, 1.643245527072923e8
6.632218776970441e7, 1.664886628661167e8
8.04221381936128e7, 1.288081590143635e8
1.3384008624280807e8, 2.2542488689457268e8
1.3452965214249274e8, 1.9755645747083345e8
2.214502165090233e8, 2.946036334253469e8
1.48512452466242e8, 3.657835820378411e8
1.785932300646455e8, 2.5315181639685625e8
1.5717439115347916e8, 2.2871025301608256e8
2.349181082322676e8, 3.607258067895827e8
7.41359882975152e7, 1.4053170726340473e8
1.1902794260719304e8, 2.0423194284317595e8
7.09145285010933e8, 8.152179489989611e8
1.355710008847479e8, 2.4859041524513143e8
7.880758643845822e7, 1.2487668415616846e8
9.939331824198875e7, 1.735277506380432e8
1.391453203253342e8, 2.3781982554232574e8
1.427060130414189e8, 4.349257323548982e8
1.2516324756459552e8, 3.1437985052539515e8
1.0710111225219885e8, 1.642362645242852e8
9.048674497462685e7, 1.2615413240956546e8
1.977811519681907e8, 2.5282026573154435e8
1.3296406155654219e8, 2.1207797153538913e8
8.873183196233615e7, 1.4101486774256396e8
1.7079111811067617e8, 3.9088259756577176e8
1.23995884297268e8, 1.87912003709584e8
4.0216758236556864e8, 1.0919503682940636e9
1.0945034800370498e8, 1.770457134142219e8
1.4207141901753187e8, 2.228798601322362e8
9.577303882386303e7, 1.941754982542179e8
4.386581583497506e8, 5.903553838413126e8
1.2532656989078511e8, 1.7517744314875942e8
8.250895736602153e7, 1.6659531741411525e8
1.3510341522365743e8, 2.1987854876454484e8
1.693599093588745e8, 2.914040299221521e8
1.378934288344795e8, 2.806315885779142e8
1.6497387586029255e8, 2.169242704698007e8
1.2748273667353028e8, 1.8452159217439172e8
5.09205573125143e8, 6.031883056736863e8
1.7328099699108523e8, 2.5857608372442886e8
1.834136782623988e8, 3.2959415757669514e8
1.5033457369599786e8, 1.9546770053001788e8
1.7527537338019013e8, 6.917782051483778e8
1.407871807820599e8, 2.1218348431197196e8
1.55897539807453e8, 2.170778833864915e8
1.8202886492235625e8, 2.54209101671167e8
1.3013793120835915e8, 2.3208726489755476e8
1.2396096224237464e8, 2.9309926087404263e8
7.325301766483072e8, 1.0821633035735877e9
8.938185679228036e7, 1.521713424488074e8
1.1474387561616048e8, 2.68801133730527e8
1.9469467475048935e8, 4.913835267372393e8
1.9922768088742244e8, 2.6717667692930636e8
1.463051947495071e8, 2.5264761682565215e8
1.5841609209408063e8, 3.388010513746424e8
1.5004235449861482e8, 2.3616076049197504e8
1.0633929449526688e8, 2.5735822728368366e8
1.5909343332225776e8, 2.939695299525403e8
1.9695387296652138e8, 2.432932260855039e8
1.7616684410968894e8, 4.24323462019474e8
4.0296952015259993e8, 4.524249001905629e8
1.203540011735853e8, 2.0638802335398194e8
3.0211535378374946e8, 4.4136536233639616e8
1.2503797730439247e8, 2.4884738562881732e8
1.9574604715552664e8, 3.038023077361066e8
3.5001481782258105e8, 7.227543928712234e8
1.157375136643197e8, 1.7093989115433213e8
1.9446877650142664e8, 2.840406217266087e8
1.7442516497586554e8, 2.4934575924236423e8
1.0894125290887126e8, 2.1566670123192927e8
1.1367198029196715e8, 2.3725512371004218e8
3.4826831726316947e8, 5.036310248686636e8
6.106305940278064e8, 6.761858543472643e8
1.1726379584395334e8, 2.178356485425942e8
1.6576813939500955e8, 2.287449528865736e8
1.9182075958660036e8, 2.919440234906894e8
6.459210942083021e8, 9.703861210918479e8
2.935071735368033e8, 3.869947664332694e8
1.3397915089611587e8, 1.993802786423374e8
2.6082085998672146e8, 3.232304237818443e8
1.967358439900801e8, 2.480541188577717e8
2.3976919477608436e8, 2.901308467345685e8
1.053056485151302e8, 2.1842078318367073e8
1.0667396341237998e8, 1.5517265924474344e8
1.0244328450704516e8, 1.6357491664217973e8
1.1656406616729279e8, 1.526951228228596e8
1.0220397338157095e8, 1.5607154739365706e8
1.3587534245341805e8, 1.835915991964014e8
1.576734810373673e8, 2.357869078090117e8
1.5466089910242945e8, 2.659514242418633e8
1.0026468426919028e8, 1.6587738641425753e8
3.471727854466428e8, 4.111892888950419e8
8.166913546439861e7, 1.8191701570701286e8
1.0920304260708503e8, 1.8705910462180674e8
1.5032152081905487e8, 2.093759070729082e8
3.1810434351814175e8, 3.72640162980129e8
2.915716481501728e8, 4.118535704859714e8
1.9738422788623348e8, 2.6746239263636056e8
1.2309465767299974e8, 1.782497573791589e8
8.631675968162072e7, 1.5027110898221257e8
1.4709338351600477e8, 2.3280982494217634e8
1.402104862342637e8, 2.13372959022807e8
9.9928217371966e7, 1.5770122844189233e8
1.4859453846022618e8, 2.3334883862977758e8
9.764075126643908e7, 1.447655309302956e8
2.637397449406359e8, 3.742877094142003e8
1.0519716338387434e8, 1.607807194783729e8
1.3286731853366244e8, 1.8874089977568835e8
1.387965936507939e8, 3.4149983425775284e8
8.5551284520999e7, 1.9441565884528896e8
1.1603782697700515e8, 1.487043855834686e8
4.567607205012879e8, 8.972489904083283e8
3.3120676946717083e8, 4.2827372703499943e8
1.9594539612252462e8, 2.976536051536886e8
1.2307193228400245e8, 2.1738676448872316e8
1.2617888192033227e8, 1.8891978762250373e8
2.281907684098101e8, 4.135944869674212e8
2.0800085690030786e8, 3.684810598146118e8
3.276573196299207e8, 3.961755753737068e8
1.1689103404221655e8, 1.6353212809919316e8
2.7043521682865417e8, 4.1956961437476116e8
2.5495425106488264e8, 3.355364045133626e8
5.086511194121744e8, 6.059120398750767e8
1.0891717627152899e8, 3.9001220112150526e8
2.5108484414763227e8, 4.4881770356599736e8
1.2013018968234573e8, 2.932790390731154e8
2.2298399018886614e8, 3.498526575058028e8
7.626463465104994e7, 2.0684245271152875e8
1.2387306566625018e8, 2.6909798944712996e8
1.7527272010698047e8, 2.1326054789797863e8
2.8687959461425686e8, 3.8296860293097967e8
7.143091284525163e7, 1.6356733280199745e8
1.6940934530515242e8, 2.839343470050536e8
1.1948384974864034e8, 2.7056782546524143e8
1.9679817167576665e8, 3.043769899271259e8
1.5985105535524696e8, 2.080645298644976e8
6.886117651982632e7, 1.4012927293126982e8
1.820589464108361e8, 2.0664066414548516e8
1.474315531110091e8, 3.0630042677689075e8
1.736044534420933e8, 3.14501243532123e8
1.3699951190332967e8, 2.0463256923811275e8
1.0322376197591344e8, 2.0459120886070815e8
2.6513897100225428e8, 3.469169388594644e8
2.1543786225623274e8, 2.611643094800306e8
1.0644216072016816e8, 3.1200370048908246e8
1.9960476844461614e8, 3.8546547849293035e8
1.0995161458089902e8, 1.5451819523750865e8
6.772118428289167e8, 7.803493333478738e8
1.2203200306132796e8, 1.9765846741016307e8
1.187200065104118e8, 2.0763329206494537e8
1.236559348623405e8, 1.6168986944427916e8
1.2327982985915792e8, 4.1803225063532525e8
1.1951128212408213e8, 1.6600715200026342e8
2.15916542539548e8, 2.4828618628114116e8
1.3185557715057449e8, 1.973202426033868e8
2.090395318431198e8, 3.274881594459349e8
1.0855131695385107e8, 1.7433788519371653e8
1.1675342859890823e8, 1.4945382132212928e8
2.4324743653722683e8, 3.799480561495895e8
3.412306966205981e8, 3.8003774757560414e8
2.554811787914188e8, 4.903813958174728e8
1.0730704575828576e8, 1.6672781655481207e8
1.357658715128815e8, 2.1836343048854622e8
1.7092562495244953e8, 2.6682394609889233e8
2.858089109300231e8, 3.4757975026452017e8
3.678385138252967e8, 4.3373000183554393e8
1.0113497035623181e8, 1.6017043517592114e8
2.60364406226765e8, 3.0031792771492934e8
4.5281390257057106e8, 5.649245718288678e8
1.6787758656105345e8, 2.223935877699296e8
2.3357816726308155e8, 3.975699599115072e8
1.3201585208383135e8, 2.788164747734727e8
1.0035912782907413e8, 1.545730836348042e8
1.7185287579178506e8, 4.5164955656299245e8
1.8778299716501164e8, 2.489268914305457e8
1.7633598001846492e8, 2.715415687697822e8
4.916907370699812e8, 7.234233441817749e8
1.5335291567971385e8, 2.06238922019851e8
1.1574704281392747e8, 2.4884813979576415e8
2.4105052697489187e8, 3.460930241831059e8
1.05016737343862e8, 1.5838481547203892e8
1.638643274297394e8, 3.1406772435167056e8
1.1813599249883081e8, 1.6463948263058165e8
8.178286301849891e7, 1.2224057833811186e8
1.3351228054327223e8, 1.9425445150745565e8
1.444026226977719e8, 2.7107351065465224e8
1.8405246758209983e8, 2.2717031128777018e8
2.638342849372795e8, 5.036773632646859e8
7.363650828761067e8, 9.462017274708257e8
6.931191229440883e7, 1.1364680428153194e8
7.342132902891392e7, 1.0487466782894394e8
1.0626845605832535e8, 1.3607286333970863e8
3.0454653054917455e8, 4.086343747900738e8
1.392048312688511e8, 3.6840446124970937e8
4.6509823187783647e8, 5.91604226968323e8
1.8781260345099604e8, 3.5722030219777834e8
2.7296426818057925e8, 4.9384143051079416e8
1.2127158252085537e8, 1.5509711575978476e8
1.3645470031848636e8, 2.2647218403900653e8
1.3168236159914856e8, 1.7549361625562465e8
1.973095606301799e8, 2.767894094795668e8
1.9924206033345783e8, 2.5151883923341984e8
1.2797829444910474e8, 2.034037007088693e8
1.7828122780595013e8, 2.847194116078164e8
1.8294746657319468e8, 2.5434382151555946e8
1.2297122265939227e8, 4.016379334435704e8
1.1442211102309273e8, 2.3185715691983786e8
2.148506306784853e8, 3.960270297343078e8
3.506474701611521e8, 4.1113276618034273e8
3.289558966570689e8, 3.897920607141756e8
1.535516160265431e8, 2.1939304522598433e8
1.726033233196955e8, 3.8797067651227736e8
2.2701622927734312e8, 2.7407675018501574e8
7.285913771424931e7, 1.484905118862667e8
1.7972086162134305e8, 2.306391330729023e8
2.807454177165151e8, 3.5753916829410714e8
2.977132420374652e8, 3.860891646557687e8
1.5025953813583034e8, 3.419747313405378e8
4.464163848159898e8, 5.289981451608223e8
2.8127119584619284e8, 3.5570771743640035e8
1.1550815462392962e8, 2.200419923183544e8
1.1188200606389704e8, 3.0008902451223546e8
2.179920833118507e8, 2.5482217043141627e8
7.568929823061447e7, 1.5865618630794922e8
8.699951233268684e7, 2.4011240776799142e8
1.363185635114045e8, 2.216577366090439e8
2.3304313007353958e8, 3.23901770115563e8
1.072337925896158e8, 1.7777973608312768e8
1.3081191566812223e8, 2.4447157085024998e8
1.0426304069347763e8, 4.681330139571915e8
2.806379096137954e8, 3.6677947892672e8
4.4407531077909154e8, 7.124101686630199e8
1.5950802469928676e8, 3.305018621085654e8
1.4159099066841027e8, 2.359832175004191e8
1.8704719117316687e8, 2.3168198586881787e8
1.0221884943247056e8, 1.5093836125431597e8
1.576000188450528e8, 2.709216193924658e8
1.1667736996098807e8, 2.282859852129021e8
9.526436427242142e7, 1.6691880847496116e8
3.184081723714209e8, 3.6715605446418357e8
1.2624665831877379e8, 2.3324721069915468e8
1.4038754877825433e8, 1.9969732260186768e8
1.3291287518751428e8, 2.0886834181406245e8
1.724495748736949e8, 3.143171201416885e8
8.841973132380337e7, 1.2929106564247891e8
1.3589715353059748e8, 3.018492281633339e8
1.462600661542167e8, 2.0785995816253477e8
2.026710182755501e8, 2.573283176127089e8
1.153654134325547e8, 1.5659404717485294e8
3.164984790264232e8, 4.132779782101872e8
8.365433528970805e7, 1.3833924847045e8
1.7710478107694185e8, 2.4322091373504904e8
1.9613431542643347e8, 2.7940269458589673e8
8.65513044446336e7, 1.9343294569809678e8
3.635317736378009e8, 4.397047353133604e8
1.354443081437887e8, 2.916256226307366e8
1.1417706552859314e8, 1.788775450817733e8
1.2960518521177775e8, 1.94457456712422e8
4.8768905130169237e8, 7.540531464613112e8
2.5307186065373918e8, 3.414177131854578e8
1.2048377963704115e8, 2.060084228325288e8
9.284737930198796e7, 1.4935521320113924e8
1.184928083033978e8, 1.8840735103770676e8
1.5427751164452574e8, 2.256262120483418e8
7.98142571225623e7, 1.201890087355195e8
1.4201773880291703e8, 2.139228484768757e8
3.660547247672446e8, 4.478477293334963e8
1.1224034630346322e8, 1.585650798989749e8
4.5980573169115883e8, 5.1604343655789685e8
1.6139622097299418e8, 2.610529248092817e8
4.090411807705179e8, 5.0924160635169804e8
2.262478481176673e8, 2.808887470906886e8
1.4890153074363297e8, 2.1417493124393925e8
1.4051482837905154e8, 1.957246299665606e8
1.7655120513545322e8, 2.4200319269993028e8
1.2489670413437264e8, 2.481358151671483e8
3.4330795423003435e8, 4.3170070103237355e8
1.1045305550823808e8, 1.6836023394169524e8
8.321932535912415e7, 1.3848000999457055e8
3.3797784077185047e8, 3.849606243550292e8
1.1815272640455067e8, 1.584735316311421e8
2.3667691959957457e8, 3.9936424479302305e8
1.5610894771058732e8, 2.5245504023520678e8
1.7008538590894294e8, 2.1161815083080027e8
3.8013990177405006e8, 4.306439946536751e8
2.25292446923051e8, 4.148543600577073e8
1.2203469054224655e8, 1.7045097521556154e8
1.1894965485597776e8, 3.493203694125584e8
1.8768137894331256e8, 2.6908946258401084e8
5.374488440501018e8, 7.161968348778608e8
1.2202903197430253e8, 1.833201314944127e8
2.5816810393643075e8, 4.869435187127158e8
9.095062424819842e7, 1.3753441673037946e8
9.083565026707137e7, 1.3624823495695806e8
2.144134565306571e8, 4.206485346118194e8
1.830940988760289e8, 2.3821793014987844e8
1.589790863190956e8, 3.851790387089853e8
1.9423454747859135e8, 2.818267595519956e8
1.1536821874537024e8, 2.5238735574369556e8
1.1747359889678709e8, 4.236183669395038e8
3.20100161109798e8, 5.3476190757809407e8
3.357309305834467e8, 5.1412530735045916e8
1.4543107408512282e8, 4.018472768300296e8
2.3541810369562474e8, 4.790605061105196e8
1.403316748757857e8, 1.7731979120127025e8
1.581074266471547e8, 2.1923242200630942e8
1.514464716102131e8, 5.817773541643946e8
9.213583088216278e7, 1.408719263879065e8
1.4821886045600426e8, 2.004071731477757e8
1.6769921551640707e8, 2.7592372442159194e8
1.2167223963132069e8, 1.7232010969805402e8
3.4404784619873774e8, 4.8465444563756925e8
7.591123392481032e7, 1.3552739117960066e8
2.5490583363114336e8, 6.112409973453082e8
1.498128882451212e8, 2.5401820860985368e8
1.4665582357264242e8, 2.4673248367560336e8
1.9860578034747967e8, 2.714835643346839e8
2.955008274125035e8, 4.777825422163029e8
1.7625253168964487e8, 3.010156883519706e8
1.6307453987803763e8, 3.1226276498129976e8
2.1504077807030994e8, 2.806459542991077e8
1.4077234252855214e8, 2.6329540900799805e8
9.490871139733984e7, 2.1191475328163153e8
9.323844068102874e7, 1.537425519823901e8
1.6560211657255462e8, 2.418964115104138e8
9.261171731018397e7, 2.6221612791714317e8
2.4437485253577197e8, 3.6386009869065017e8
3.229929607008945e8, 4.4680097344061095e8
5.648749705773335e7, 1.1695860579077955e8
1.6061851407978794e8, 2.728981258696312e8
1.376625153184365e8, 2.444660062493869e8
2.2857446295507997e8, 3.413329008130287e8
1.1817863150187781e8, 1.925067458318034e8
2.319214183159865e8, 3.0519567073392344e8
1.3027978184160154e8, 2.2570881191857213e8
1.5330063617997137e8, 2.3368671282447165e8
1.9068663846142495e8, 2.4347862306253356e8
4.103782236838266e8, 4.721071690176403e8
3.443168169914788e8, 4.0102251288275135e8
2.887771297349781e8, 3.555640015597663e8
1.4787121398201606e8, 1.8226525384748742e8
2.052213747835035e8, 2.376983026657501e8
1.2013026919381504e8, 5.185181628933373e8
1.568600447899864e8, 3.1421490935498077e8
2.1507933081776914e8, 2.92529037690428e8
2.6601195758390713e8, 3.718069862979085e8
6.847484452096745e7, 2.1126541894603175e8
2.1220841847237757e8, 5.2910818341478276e8
1.0298816776282391e8, 1.6128673523814756e8
1.660745640126999e8, 2.3150263223471728e8
9.109990954049915e7, 1.664766158991711e8
2.1270022380837274e8, 3.872986803211998e8
1.9620592023338944e8, 3.3807785794987553e8
9.506703692193195e7, 1.543823430351788e8
1.1172449103590532e8, 2.335005799604061e8
1.991278467280911e8, 5.229592933813589e8
1.4764871216327226e8, 5.796016094278926e8
1.1351271506924397e8, 1.9860894594960612e8
1.8620791590225533e8, 2.895094027297478e8
1.3168567635716839e8, 1.7966167370091102e8
1.5857366880392915e8, 2.1304475547687274e8
2.8387721906189805e8, 3.763715634220459e8
2.2947034183370304e8, 3.0470968062266725e8
1.776439862736554e8, 2.786830260413841e8
7.672867391103655e7, 1.660120241017523e8
2.1874655617372632e8, 2.6006346569916457e8
1.8345109199308056e8, 2.744640084576624e8
1.2751568445531921e8, 1.9970881499357116e8
1.2582093806484604e8, 1.8802384463766915e8
1.167004215683257e8, 3.134027372564692e8
1.804419449425903e8, 2.422848839963099e8
1.9418114055999756e8, 2.5419595027587998e8
1.400169346549754e8, 2.0847563112035114e8
1.7137637573173347e8, 4.9032783377875805e8
1.2363637374930617e8, 2.0224030179172364e8
1.2528666459760469e8, 2.0138591952469015e8
1.8175511452782014e8, 2.5106601585930908e8
1.1788697495373152e8, 1.8751099363996968e8
1.1365597595663846e8, 2.10083488729688e8
1.3739564106517166e8, 2.679048648307828e8
4.3322970901469684e8, 6.447334136836312e8
1.7966714741863576e8, 2.807736370507175e8
1.4860296918254414e8, 2.148355358381238e8
1.597019286783754e8, 2.563956589663003e8
4.8256496747387755e8, 5.371126214535779e8
1.3757271156782448e8, 2.1235176021289e8
1.5592551217249554e8, 2.328676162385373e8
1.1871549221814789e8, 1.7577144917516652e8
1.8513247936832085e8, 2.199180291932287e8
1.752525684824254e8, 4.6865005258899987e8
1.664368207490474e8, 2.0094678056350863e8
1.614640833917435e8, 3.724641893091435e8
1.2397739957518496e8, 1.695237389329696e8
9.463322624999882e7, 1.8341589146165872e8
1.444458946918556e8, 1.93237178912912e8
9.896805815608527e7, 1.680568579302419e8
1.80359580782592e8, 3.671556764551497e8
1.7892707788104674e8, 4.078689345369306e8
1.2999987251131894e8, 1.822323390051394e8
4.4985378100884753e8, 7.447275431664279e8
1.1405025773014571e8, 1.7163337136868215e8
2.3075823695855272e8, 3.6724111581879294e8
2.1358042830996746e8, 2.9833576285800445e8
1.7626378001238894e8, 3.1451949559531605e8
2.705208043259326e8, 3.61032600276382e8
3.4110291212103283e8, 6.206883037759691e8
2.500179211280326e8, 4.286483666538626e8
3.530134122791031e8, 6.789091982625656e8
1.1330065402058241e8, 2.4188789758853322e8
2.1232600817414925e8, 4.9282065993986183e8
3.338462230093835e8, 4.4450299461694944e8
3.382885694693176e8, 3.9540912405936855e8
1.0234839090125848e8, 1.7782277803945425e8
1.8924193822716722e8, 2.289672866649293e8
4.066836243683858e8, 4.791904656905484e8
1.136843813958171e8, 2.053818585757507e8
1.4445333948177186e8, 2.214826696306352e8
2.8466664917385054e8, 3.518599870403671e8
4.316239505832002e8, 4.843156392118765e8
1.3135589681630997e8, 3.155505897723699e8
1.1902701422529541e8, 1.55813181500149e8
1.1930441882639621e8, 1.888973403337025e8
1.115105361861609e8, 2.908333546462879e8
8.81584620601063e7, 2.310294313684511e8
3.915327371403407e8, 5.340884980568753e8
2.4546988884876895e8, 5.155821425645371e8
1.3279356386489105e8, 2.0698216929207438e8
2.0213116854065296e8, 2.761058339656047e8
1.2668330402160959e8, 1.7220456613183707e8
1.0003780010732417e8, 1.9602650923223457e8
3.1600902712174386e8, 4.611832146771148e8
1.8938895575521627e8, 3.280069833124736e8
1.0960133430032226e8, 3.370287334358245e8
8.502153108636951e7, 1.457237182053039e8
2.0508834830811045e8, 2.690927045763211e8
1.89147646605935e8, 2.691081422093113e8
2.7569612614181834e8, 3.46895488595278e8
1.3299942150265247e8, 1.8061899777463546e8
1.1643033244497193e8, 2.154538155845186e8
1.9485836860593948e8, 2.4474558191953456e8
2.6157080144838706e8, 3.958203104771777e8
1.190133966992446e8, 2.4627259376096857e8
1.8542754123837215e8, 2.3742249613109598e8
1.1968403714110671e8, 2.3920999489272803e8
1.2961658672241105e8, 3.076030066568816e8
1.1759483205049504e8, 1.7672977726966536e8
1.1696023823115885e8, 4.089581307137803e8
1.2978389504398084e8, 1.8464043077892378e8
3.556241009347476e8, 4.00109623675592e8
1.1495846362959473e8, 1.5751262038815308e8
1.210110150648909e8, 1.7250561999450752e8
9.837570341479783e7, 3.166992030812759e8
1.485645596457864e8, 2.5279280861119968e8
1.6136190743191093e8, 2.305781076803322e8
2.7284765337114245e8, 3.492085214431878e8
2.262111152067876e8, 3.4919938827948457e8
1.2139029333149655e8, 2.3551391256399155e8
2.3019989500125977e8, 3.7245276892824006e8
1.1035687612898968e8, 1.941743790255837e8
1.0864453701288033e8, 1.7975943996576706e8
9.196718057001661e7, 1.4641818356375706e8
1.4323754606231907e8, 1.9699686380006486e8
6.627697509663607e7, 1.681786664437738e8
1.358395751940139e8, 2.2973806476113385e8
3.293102965385205e8, 3.991018273314821e8
2.654855093353932e8, 4.170534415608156e8
7.47394175379128e7, 1.52004714509498e8
1.591707661285555e8, 3.6795515784164935e8
1.2785495529245323e8, 1.7850249603663194e8
1.6060682734158665e8, 2.860510667133704e8
8.834584984503095e7, 1.866293471741361e8
1.5657827150704366e8, 2.984047947618855e8
1.862825484232029e8, 2.698081018033838e8
1.0867460885590236e8, 2.4450572827469948e8
2.4258631007240894e8, 3.519297395583491e8
1.9055767387542358e8, 2.887620718635059e8
1.0384498551940152e8, 1.5714107712572694e8
1.2390870378444904e8, 2.0925307337000534e8
3.5452506739516604e8, 4.404205777326372e8
7.546762266005869e7, 2.109044481517048e8
1.7286227857426935e8, 2.906431966751021e8
2.5628265166093397e8, 3.730437308991182e8
1.192882415126139e8, 2.1213337181599212e8
2.957074769495232e8, 3.922632250730438e8
1.045321214888226e8, 1.460699471348448e8
1.2849398700321983e8, 2.6390033908719742e8
1.340531776050468e8, 1.7085830225008664e8
3.134775710592429e8, 3.700733073980918e8
3.519779127077576e8, 5.888683590985861e8
1.8377460640275076e8, 2.1864242485461766e8
1.240700009363445e8, 2.5798620105520943e8
1.803925213980492e8, 2.270277515688187e8
1.114449908282682e8, 1.967135903200684e8
2.429107389992205e8, 3.3993735557460517e8
1.0760952747375292e8, 2.9797757495289546e8
1.0470065885856374e8, 1.504049363029733e8
2.1613840731525317e8, 4.066776179152556e8
2.2088785139966652e8, 3.070864025605774e8
2.2591122368428993e8, 5.443038492615203e8
1.2033499047775362e8, 2.4892951387717593e8
2.7680334560407084e8, 3.5076747513674e8
1.6006689714076474e8, 2.2117021633419475e8
1.1744196749255021e8, 2.0768655177452934e8
1.4927808864634082e8, 2.0440668757470113e8
9.937188010993674e7, 2.642974780140661e8
3.59241955077227e8, 4.256012969709759e8
1.084702299433862e8, 3.1508910808716375e8
1.2019365403018215e8, 2.201126137327497e8
1.8803252894583848e8, 3.385722476962778e8
3.268225942013484e8, 5.016611709439154e8
2.3012076140124708e8, 3.919944159398906e8
6.187230420847796e8, 7.054760333544562e8
7.112223586017708e7, 1.9018323988992867e8
1.2712933218191706e8, 1.90298214332281e8
2.0401918785423225e8, 2.5124349747785875e8
7.327799101387925e7, 2.077209099090387e8
1.7602557396345404e8, 5.985316975927063e8
1.6809786329416165e8, 4.1718506337999445e8
1.126310829514404e8, 1.745957949008749e8
9.113688104548621e7, 2.5883347739679864e8
1.606791437259652e8, 2.9239172925497955e8
1.5847995649739787e8, 2.824995778669387e8
1.3615071493196237e8, 2.6175252772675866e8
5.492405480401493e8, 7.289777248395184e8
1.1480751064392745e8, 2.518183479055477e8
5.470230751969229e8, 6.484297194538817e8
3.732542071297528e8, 4.5829276476380056e8
1.0795973652092962e8, 1.9073435532863e8
1.63195706883725e8, 2.865580068756596e8
8.082860866295011e7, 1.7142855517945182e8
2.999073879740893e8, 3.5854908964013743e8
1.4707901678868783e8, 2.195654534086643e8
9.04649792895716e7, 1.993995710314948e8
1.462861858284783e8, 1.9625290800620818e8
1.2945443278346434e8, 2.3549127733137357e8
3.101678334592308e8, 4.7707721522499233e8
1.466864858002213e8, 2.771668821814076e8
1.16778215479123e8, 3.3300877019466066e8
1.0803017699416895e8, 2.844544333890724e8
1.7620262702131954e8, 3.01340357495395e8
3.278186791302416e8, 4.237274694870647e8
1.7693161170308524e8, 2.6539759590407604e8
1.3198454588759942e8, 1.969217502585288e8
2.006791701606395e8, 4.9269675038079137e8
1.6434677796101245e8, 2.3684196691906378e8
1.0981605765476249e8, 1.7655553847682935e8
1.356381615734469e8, 2.4105310218444294e8
1.007706731248624e8, 2.2930536220125765e8
2.4306611962127984e8, 2.9105125104099417e8
1.2466777098731951e8, 2.5616695119618145e8
3.054668477685718e8, 3.681633826579617e8
1.421950735839824e8, 2.027248668556908e8
1.1177373419367525e8, 2.179799323627113e8
1.2240660789252421e8, 2.52497946933325e8
1.979099163763272e8, 3.428905721125972e8
9.88211189472084e7, 1.4330969199125254e8
1.413415355448171e8, 1.942899657728373e8
2.728095801771583e8, 3.691786830048874e8
1.5178200812495714e8, 2.557214747244416e8
1.654630430008941e8, 2.6278933557315046e8
1.3194501132909583e8, 1.9800530827644283e8
3.510305270773523e8, 4.302033526144904e8
7.918279921966264e7, 1.820310959799699e8
1.429057008817787e8, 2.220173038365431e8
1.4541908708003846e8, 2.4536857021621758e8
1.2394301463314243e8, 1.5386021969991747e8
1.4414443764205554e8, 1.8803064410332406e8
1.3596121187340355e8, 2.632241344829657e8
3.196991262069314e8, 3.71177304676244e8
9.640974867709182e7, 2.239847676704726e8
8.477898278985679e7, 1.2289335266496886e8
8.479362597312833e7, 1.3192231629166858e8
8.688423635230677e8, 9.592032390798974e8
1.9796194119595715e8, 2.5531419878119472e8
9.88413410632203e7, 1.523577280407917e8
2.7016850707022053e8, 3.3593143198335207e8
1.1386594403136475e8, 5.127461842927598e8
5.566897437370943e8, 7.399919314260701e8
1.8858222990350232e8, 2.986997914057055e8
2.648704878205664e8, 3.6132527820940703e8
1.0793410738229027e8, 1.7503318462000293e8
1.7190744535261583e8, 3.214722188597444e8
3.2266059785238975e8, 3.571024858092751e8
2.260963219370139e8, 3.1895060589361334e8
3.011060286769815e8, 4.5852845208631086e8
2.0240054669429532e8, 5.582145811327413e8
7.770834025483109e7, 1.629580822103291e8
1.8326214562885457e8, 4.7516375450214624e8
5.529229072505007e8, 5.940776617458105e8
7.749921158714885e7, 3.0845719670335704e8
1.489319004068854e8, 2.3512050628918952e8
3.247470546151078e8, 7.063288642650898e8
1.8254096073323315e8, 2.6286455928424513e8
5.8422300484743e8, 6.366893580304633e8
1.1572967581030133e8, 3.827518504208632e8
2.94752995240971e8, 3.863938570792503e8
2.790872303249741e8, 3.3751914372407e8
1.777614063655151e8, 2.3233668663937905e8
9.236600482960565e7, 1.4438508513866127e8
7.182826006941541e8, 1.1274412154112375e9
1.1573287537260614e8, 3.504751962438314e8
1.1855802038218674e8, 2.792410401339717e8
1.1312816844051236e8, 1.9713982487874135e8
1.404557394844801e8, 2.4334254578207892e8
1.5001605210599056e8, 2.762003110549739e8
1.0668297843369603e8, 1.7159140577044293e8
3.1094944564230144e8, 5.605421243660442e8
1.905873858277812e8, 2.942375874167681e8
3.5086656272556156e8, 4.5587652368615645e8
1.0072249665198353e8, 1.7785249932471448e8
1.3514328705249408e8, 2.4429136437534842e8
3.2481660806627905e8, 4.521547707591614e8
1.3304510750966252e8, 3.6747496504923654e8
1.381618342854797e8, 2.017439210085701e8
1.1664724311610118e8, 1.761387877090392e8
1.581209692076398e8, 1.9398395634748328e8
1.9841664344278464e8, 2.76107685172551e8
1.1837799941523394e8, 1.793190701279514e8
1.7010948036429226e8, 2.3975174080947354e8
5.804484605300938e8, 6.313225832781881e8
1.4243272137543014e8, 1.8779605598611248e8
2.7227623953550655e8, 3.126211993029893e8
1.4427768148184282e8, 2.7734005100462496e8
3.439475271929053e8, 5.579970083215874e8
1.1157742955471358e8, 2.4610200520468378e8
3.4419976658292615e8, 5.369351753661356e8
1.1519286132300286e8, 3.2517644991057396e8
3.05571137058666e8, 9.34025052106837e8
1.2626722101801401e8, 4.59036153170498e8
3.8061830955205184e8, 4.263576079561707e8
1.8877876346950504e8, 2.5954220263178265e8
1.2376568806236693e8, 2.021996774344486e8
1.726299766607841e8, 2.777160273698106e8
8.106347081279089e7, 1.2947310488023336e8
9.447027364671002e7, 2.018510294898537e8
9.867945439660147e7, 1.8942479516828007e8
1.582904075805044e8, 1.9944392080172634e8
1.5435490213341287e8, 2.310299643175021e8
1.1202436132592511e8, 3.4328028288914615e8
2.363021162320369e8, 3.1607799143641543e8
1.1219893067616557e8, 1.5988213521086904e8
2.3983434816987345e8, 2.9557412078623533e8
2.4570707513078707e8, 3.199107792664517e8
1.420905731057869e8, 1.762531413768716e8
2.2679516712867108e8, 2.890223110777399e8
2.4851667431222102e8, 3.893063870259858e8
9.165684195115088e7, 1.581430214932405e8
2.077671192329437e8, 3.8300675070940024e8
2.129394887937997e8, 2.5055936122575843e8
9.886814856836283e7, 1.640015459336018e8
1.3756181439008972e8, 1.6796477980546138e8
1.287844560083611e8, 2.2034157607753932e8
1.0712392113481323e8, 2.127147182100859e8
1.0485011204935643e8, 2.1204256455786726e8
1.918354215096533e8, 3.1881151388332653e8
6.84921767075424e8, 8.876591361748285e8
1.2763163411261219e8, 1.8281375397900105e8
1.7387342340739045e8, 2.7101401189410865e8
2.3378357726180905e8, 2.919330465140609e8
2.414647925073087e8, 3.119735072476616e8
2.7548079299596894e8, 3.293379150754814e8
1.407724905934634e8, 3.4607458237329453e8
1.2020485463578169e8, 1.657387346632642e8
5.4925001028137736e7, 1.1594505243559158e8
2.4049504156600255e8, 4.889278028154641e8
3.649020435163375e8, 4.3243227313266283e8
1.2947619196824226e8, 1.84546395377784e8
5.104403447738626e8, 5.905275818026066e8
2.2895981906293702e8, 3.368370460720687e8
1.776918287702512e8, 2.713482478015768e8
1.7858348978711128e8, 2.357762085909234e8
1.765785284143316e8, 2.4740935509836772e8
3.134974859154677e8, 3.726097790241256e8
2.128831008861316e8, 2.621637166168596e8
6.127919738127269e8, 8.375290647589722e8
8.658991208324395e7, 2.087887016445095e8
5.3111854628311837e8, 5.776302411771187e8
1.3615484844681877e8, 2.5674347980473796e8
3.262560082079465e8, 4.0653352378412557e8
2.320114042377193e8, 3.019218412330174e8
1.9112922947592145e8, 3.4330252751624745e8
1.6993161384392986e8, 4.519954304940984e8
8.665712483667704e7, 1.2570636234849314e8
1.6809266678986076e8, 2.1901583964896664e8
1.4686712723018822e8, 2.228384672323241e8
6.420483664855269e7, 1.86142290717215e8
1.624438916278172e8, 2.401395208797263e8
3.034090800437654e8, 5.1338503739096326e8
1.0786285993761608e8, 1.7649949661551994e8
3.3258597931942725e8, 6.414378353343626e8
2.281621525153539e8, 5.119323413114818e8
1.043669834877397e8, 1.3106807036103241e8
1.0903671631913409e8, 1.9988893871045634e8
3.171433133353791e8, 3.945063528043549e8
1.3747020885000607e8, 5.3276736960468256e8
1.23965260244644e8, 1.9918858504769865e8
1.612227594719873e8, 2.5990689070324653e8
1.357954575279306e8, 1.9985860092755672e8
1.4802234465959632e8, 3.717827112056607e8
2.2652799820101205e8, 2.8539988570213985e8
5.808645289440118e8, 6.462977416067734e8
1.7730871150678167e8, 4.050850987566391e8
1.846173907364453e8, 2.6790255209964365e8
1.770074280263513e8, 3.497553814277973e8
1.5412318319559467e8, 2.3878105353040347e8
1.786100856916142e8, 2.408249858399907e8
2.0925437387440014e8, 3.4600049144031113e8
2.0199161281504175e8, 2.868429763374024e8
1.093855767249258e8, 1.529116790267371e8
1.9138178770303816e8, 2.4075787985623154e8
1.638551191680501e8, 2.0187914123157555e8
1.5040449319644397e8, 2.0718377169140053e8
1.1667741736284868e8, 2.0813200271326715e8
1.5838609668280366e8, 2.6021268191778788e8
1.8959630133746827e8, 2.897800121279795e8
1.1437560554274786e8, 1.7195647095802453e8
8.185409489901313e7, 1.3015452400640269e8
2.1147671254693568e8, 3.153668380657765e8
1.3993274690023598e8, 2.6420794458433223e8
1.0056306766421022e8, 2.888492336540791e8
9.010854796701144e7, 1.4322240486188057e8
7.879736236909251e7, 1.8164585688587162e8
1.485360780567454e8, 2.5518624193388945e8
1.625514989480111e8, 2.3475574609922063e8
9.72483701532997e7, 1.4328206032561514e8
2.2866642880477569e8, 2.675849706428176e8
1.4567862482989347e8, 2.741400337900898e8
2.2863130867584303e8, 3.3576308980414397e8
2.3745174123562846e8, 2.7636480746217984e8
4.3408573297139174e8, 6.635011552662928e8
1.0848881290616941e8, 2.1246174056398806e8
7.051961946209866e7, 1.9253542672902653e8
1.4156889853085107e8, 1.9667166024255863e8
1.4529894757852358e8, 1.9126767764638275e8
1.504231846676345e8, 2.5387026262186852e8
8.722891748497981e7, 1.348944515555525e8
1.3268282733140224e8, 2.2476285521112525e8
1.0795659175758404e8, 2.599675985424718e8
1.8931800400910842e8, 2.475755728807628e8
1.835924999618527e8, 4.015732306261761e8
1.2825818213133322e8, 1.7240775481897348e8
9.312797003072271e7, 1.7360787896952772e8
1.6834468711311147e8, 2.3957134772294676e8
1.4056268741966823e8, 2.9949015529699105e8
7.865232906478195e7, 1.52007803690256e8
1.2169641950112376e8, 1.5123604501095876e8
1.0241426523599645e8, 1.5344597302025184e8
1.2979541158781308e8, 2.224478388363768e8
1.134576964094122e8, 2.652179111861955e8
1.1768264611129442e8, 3.206520456203958e8
3.060612982443926e8, 3.7643344305953354e8
3.271786374277113e8, 4.1974912963631344e8
5.741824307208748e8, 7.219858526757438e8
4.2504251669488835e8, 4.6926813609853154e8
2.0173351194846764e8, 2.729408904410214e8
1.8870875951167354e8, 2.328931491447698e8
2.491825881483289e8, 3.291347596494977e8
2.531042703879996e8, 3.3089717940730834e8
1.8935259393742952e8, 2.6795639303214356e8
1.0649681392339742e8, 1.541448242923628e8
1.261137413107961e8, 1.8865944950804928e8
2.554833983805135e8, 3.3017534529761857e8
3.7832398985023147e8, 4.8778843829089797e8
7.378521589162344e7, 3.4020063861509275e8
1.9289260567304283e8, 2.5047310194131315e8
1.7111261329679608e8, 2.535950846607459e8
1.542878319019828e8, 2.2845332334588647e8
1.4385756261159042e8, 3.69584484805465e8
3.0538220949216175e8, 3.410737805819381e8
9.898054693025076e7, 1.8749059791676456e8
1.7024953094815564e8, 2.4990165912426817e8
4.3025587193206024e8, 5.596768408653071e8
1.0933539310620834e8, 2.71812565025217e8
1.1088833987667212e8, 1.797454888775797e8
1.433507046877627e8, 4.085434511457202e8
2.2020381822368786e8, 6.571558717727224e8
1.2111245017799725e8, 2.839755889664031e8
1.0134002538662562e8, 1.7497667344905686e8
1.431089635117882e8, 2.3712257310754937e8
1.3215398910491343e8, 2.1722234933343124e8
1.5632968809910116e8, 3.5838040562160456e8
1.3190564411734518e8, 2.103517264962324e8
1.5919786886977646e8, 2.048000186852217e8
9.246673228734948e7, 1.9174291651848844e8
2.840922543070221e8, 3.548094128007009e8
9.617746641165079e7, 3.862374683413637e8
1.8369045113301286e8, 3.3340250888781536e8
1.0434084775859812e8, 1.698478201489282e8
9.038253001161954e7, 1.3028829979093549e8
8.906540918138857e7, 1.2889783687923022e8
3.4537588049610746e8, 4.177192158890412e8
1.0774708511203876e8, 1.3733002461517835e8
1.8253885467524308e8, 2.6280020760128793e8
1.3415917285706738e8, 1.931887616475181e8
1.2693972951629305e8, 2.0412638524131835e8
2.2744965568102625e8, 4.592586003100631e8
2.295238888950044e8, 2.7818968761695313e8
1.3410499388341857e8, 2.1717264502548406e8
1.4202296700222355e8, 5.641722321833318e8
1.1221085182794595e8, 2.1629647366821203e8
1.0928319626315756e8, 1.4038518961513415e8
2.90967698242783e8, 3.6693709760826796e8
1.423480880903989e8, 2.731484859486501e8
1.699675526342606e8, 2.068271277446332e8
1.0048102674819238e8, 1.8568267800983217e8
1.2789239386217089e8, 2.312667947664413e8
1.397636863453913e8, 2.2786438083742836e8
1.759169615986297e8, 2.752917519301223e8
2.541602700310141e8, 3.3089821068247783e8
2.844987249353581e8, 3.6483615847221196e8
2.1623008241619316e8, 2.5516240626925653e8
1.2472749550262514e8, 1.6997134792560372e8
1.5678118966318482e8, 2.7635435080997664e8
1.310474693723975e8, 2.2765434157658824e8
1.251304500876228e8, 1.6013568690820158e8
1.1688849020915392e8, 1.6677917068449217e8
2.8307082000436527e8, 3.401940885145644e8
3.225588639771226e8, 3.7854980973832935e8
3.449176238348191e8, 4.24576475571482e8
1.1324723958895092e8, 1.7814465906932792e8
1.3058927042427249e8, 5.090211145998182e8
9.714781204784347e7, 1.630119122606859e8
3.2208387845035595e8, 3.7073701417681146e8
1.1076481461214466e8, 2.713883931758275e8
3.4189952453631043e8, 4.166825376571479e8
5.199155997650012e8, 6.060521881486924e8
1.4253717905587697e8, 1.9232634085394785e8
1.4815250025070736e8, 2.1557813435941133e8
1.1723327347509821e8, 2.038967656686808e8
1.558840289037475e8, 2.728959478875807e8
8.619767893155743e7, 1.5043172391368183e8
1.396749744659643e8, 2.6790710477752072e8
1.6533085894678947e8, 2.4006815884659448e8
1.380250802495277e8, 1.7403279637295076e8
1.0424712575343148e8, 2.4442999834836054e8
2.7720154447592443e8, 3.5089939628312445e8
1.1034650304233912e8, 1.7036528978026995e8
1.952880446459933e8, 2.4253110551408276e8
6.904972012543072e7, 2.365691180993953e8
1.601063291004706e8, 3.921605866922027e8
1.0577504458949825e8, 1.357134504422965e8
2.2449293559542882e8, 3.24815508223449e8
1.871543862521815e8, 2.5621702031772134e8
1.3137937368504736e8, 2.0670830410512695e8
1.451422304157791e8, 1.94857062489565e8
1.0586025176205084e8, 2.549731473520154e8
3.2221741849162936e8, 4.08749123224058e8
9.609976886589403e7, 1.7278220783425817e8
1.1178714514059903e8, 4.8974723027768487e8
1.9857697529638064e8, 2.9729309911378664e8
1.4952692080970845e8, 2.03886206237111e8
3.679721909345884e8, 4.9922186165905464e8
1.3187284442161606e8, 2.2167581990915707e8
1.2414858922834337e8, 3.3182620230008346e8
1.5454020677071962e8, 2.085259845966594e8
1.7236641966310412e8, 2.2330790079379538e8
1.421961756321904e8, 2.4609222156453416e8
1.5136442032966262e8, 1.9866558492247275e8
1.1692793754273112e8, 2.74258602543013e8
1.8706798189265063e8, 2.5340758248805434e8
1.847172386184575e8, 2.573881278693621e8
2.1590317754145688e8, 2.802238466038633e8
2.1148016982537618e8, 2.487819476128121e8
2.7545128268804085e8, 3.8469204496592355e8
1.1823951478295696e8, 1.833656807487779e8
1.2502174469758096e8, 1.6988796011446556e8
2.022254537033744e8, 2.592759324360361e8
1.4651938945400664e8, 1.926018964474754e8
1.433124453139763e8, 2.1361555260166833e8
2.0020978272716647e8, 2.6611045965958446e8
1.2501810599282707e8, 2.426501591912184e8
3.2140871728898054e8, 4.391510061992122e8
4.7124257954977685e8, 5.635607678941952e8
2.23430036208835e8, 3.197863926035811e8
6.031535409943953e8, 9.86874133661116e8
1.046615136917253e8, 1.6825400746596685e8
3.069690938495608e8, 5.855110516935078e8
1.2172716661809881e8, 1.925310898874791e8
1.4510850560419053e8, 2.1102429990729213e8
1.5624972251547277e8, 2.4443758368633237e8
1.612995750473806e8, 2.8941462869569045e8
1.813675214077691e8, 2.790514235016416e8
2.243750830960293e8, 5.410936376797677e8
1.0376961929655448e8, 1.7079991718276143e8
1.635282295999905e8, 2.027463859466153e8
1.7527760707712543e8, 3.8768370102691185e8
1.673815295739513e8, 2.8266518830290055e8
1.0391209303598684e8, 2.3745689012673762e8
2.776023223528567e8, 4.189217935666364e8
1.477324675633856e8, 2.2412299101832816e8
1.0424493493403554e8, 1.5716042494709697e8
1.4301047448928013e8, 2.1826474737880388e8
1.672803847750717e8, 2.5861406069735155e8
1.517518484653234e8, 2.518753358804787e8
1.2128602077247629e8, 2.2769026633351532e8
5.750813758489534e8, 6.290801438805072e8
2.501838899944123e8, 3.1992968164536e8
1.4794588195072836e8, 2.2515111357276478e8
2.4443539230690566e8, 2.8628209812248677e8
2.8604468739326626e8, 3.481921435626105e8
1.7633985531656367e8, 2.5789360345577872e8
8.78204077761023e7, 1.9102040605170283e8
8.099911468367471e7, 1.0389058850495844e8
8.008257753230034e7, 1.1260574341112569e8
1.6008574267304072e8, 1.9119806350798985e8
3.8981073397061354e8, 4.485312258489706e8
2.69556020596364e8, 3.6459190245716995e8
3.09000978253328e8, 4.681103015538322e8
9.548514604406261e7, 1.2522679314060909e8
2.356601451800452e8, 2.85473183113709e8
1.7441775956470177e8, 3.728564646974205e8
5.942781651678176e8, 6.472121324494481e8
3.0943393712878066e8, 5.531521466292391e8
2.09474205282551e8, 2.7591898483719176e8
4.207126864083305e8, 5.423436234197513e8
9.134342197527969e7, 1.7644119061323598e8
2.9464949909415114e8, 3.97831295008609e8
2.345545672222959e8, 4.104509018309435e8
5.673736355388337e8, 7.08649327995304e8
1.5331868448868105e8, 3.0781500636647403e8
1.566617453947515e8, 2.2765350230598792e8
1.1289764944499864e8, 2.067200016959173e8
1.6372983494089854e8, 2.0300450540029523e8
2.024726028293057e8, 3.5649899360782033e8
1.2875228348058158e8, 2.4597959535101214e8
1.0921528569070365e8, 2.218864939967242e8
1.5515348755757946e8, 2.175256212403441e8
2.070886699277093e8, 3.6287322521683455e8
1.5612955010040584e8, 2.9924566911791563e8
1.5265485094816753e8, 2.1923351537844893e8
1.8822647741193897e8, 2.7197629881221455e8
4.165754341507234e8, 6.70472109395714e8
7.708337475626442e7, 1.2082558241694257e8
2.6676967136763304e8, 3.1906388839758104e8
2.0322694238136008e8, 2.789232081941313e8
7.470342912826347e7, 1.840713010104518e8
2.1901822013453972e8, 2.618492833966103e8
1.2956979555589384e8, 1.8760003298763072e8
2.311085600172395e8, 2.912461901721888e8
1.5903926386201984e8, 2.1823410806392175e8
8.321193312909381e7, 2.1201061260122535e8
2.3577870833419883e8, 2.7842090157218504e8
1.6886756149457487e8, 2.316019367151442e8
1.4877598311197072e8, 2.202807798532794e8
8.474487753490005e7, 1.3858870431550738e8
1.1805796860823649e8, 1.991182720385528e8
1.3768553182722288e8, 2.0722834716648751e8
4.2167734740426624e8, 7.146422196659507e8
4.205548517123383e8, 7.630738306999196e8
8.676797843930255e7, 1.7614675688161e8
1.843490565679346e8, 2.774767596839683e8
1.611956387792635e8, 2.8647612867348933e8
1.781041904967243e8, 4.173140302183674e8
1.529111414779092e8, 3.5476693339530987e8
3.37613527622331e8, 4.422711184591842e8
1.1884181670448008e8, 2.2836605730552197e8
1.0160851383616349e8, 2.0569069241688785e8
2.0532202931461272e8, 3.16870424706742e8
1.156270038280742e8, 1.9149778532467785e8
8.229312260650207e7, 2.203466920730243e8
8.300144157530856e7, 2.0525368527680737e8
1.4473103321168628e8, 2.0773707178980532e8
1.0641944024879113e8, 1.520828156810708e8
1.7707085304763392e8, 2.1971826145507476e8
1.435648960540291e8, 2.3881223493618572e8
8.744444222741184e8, 1.1145923404511256e9
1.806767498696353e8, 2.973470582434604e8
1.5308049610402015e8, 2.0641609946369857e8
3.3544492364992774e8, 3.975375960395728e8
1.3040537963871165e8, 1.9708395056541035e8
2.4478466356512263e8, 3.0432503914837295e8
4.705051830264164e8, 5.928288586923015e8
1.0424479245041506e8, 1.8919206830924192e8
8.89928603912223e7, 2.049799753354979e8
1.3112290713523635e8, 2.935981648020736e8
2.031296926876258e8, 3.8217566319402474e8
1.0985599289205587e8, 1.506466879687707e8
2.641859957519412e8, 3.857751719192007e8
1.0847116428745227e8, 1.7914411800706324e8
1.646685255412303e8, 2.121386290735366e8
1.790078373763057e8, 3.130988765293889e8
1.0334143433580224e8, 1.7560505944002315e8
1.53141951545631e8, 3.528545234572522e8
1.8705168385731614e8, 2.415283473345273e8
1.9019634184986922e8, 2.4163632169937384e8
1.3563726186879402e8, 1.694532077859192e8
1.8838859193954346e8, 2.9465444455974925e8
1.1838533599261342e8, 1.8308687123674127e8
8.625234315204158e7, 1.6701424626378146e8
2.9299515997464186e8, 4.1851802950180334e8
1.68934811719481e8, 2.277102631628025e8
1.1877152264646845e8, 1.992560383393494e8
1.2423834237880434e8, 2.3364181458026257e8
2.4830171637930432e8, 3.36869455152408e8
2.4337652983431295e8, 4.8391298559799314e8
1.5830480033565158e8, 2.5787410006608158e8
1.072396367378825e8, 1.5422198278615254e8
3.4123346618464917e8, 5.43173874386985e8
2.112124705475079e8, 3.0542044976104677e8
1.209030434558473e8, 4.884918051101843e8
1.1922420993008931e8, 1.7106824064002752e8
1.600919405337883e8, 2.1596137546609163e8
2.456973901918065e8, 3.834364964760272e8
1.8156775147093648e8, 2.388994919518016e8
1.984668353471802e8, 4.22317649183989e8
1.3077625421028616e8, 2.0634554646569884e8
1.0234326789388064e8, 2.3014548066858435e8
1.2531465310715127e8, 1.7893115164675677e8
1.2480521479523203e8, 1.7523500179577518e8
1.663199189726905e8, 2.1840589638502574e8
2.5179870035195795e8, 3.3509864859625286e8
1.445650081906814e8, 3.21947210170409e8
1.3695697475238895e8, 2.287697835339312e8
1.3778852536724713e8, 1.8705020181375957e8
3.516569807963496e8, 4.570083400599956e8
1.0604851638297293e8, 1.5800157214430615e8
1.2091120729995467e8, 2.023745870433854e8
2.0794448282239988e8, 3.4074526707338434e8
1.4443520642122376e8, 1.966913426709577e8
8.951127877797778e7, 1.8046178630446663e8
1.1700638613424492e8, 2.2367388325805035e8
1.1502499015773048e8, 6.39798533350958e8
4.4389728712462336e8, 4.776607627892631e8
1.2955867630350308e8, 1.9054102943402275e8
3.0475836477080953e8, 4.0192685088248e8
1.1843182089567856e8, 2.322904516056963e8
1.061128022707566e8, 1.7476567024187914e8
1.1385267121269071e8, 2.367525719986435e8
1.3326789860711303e8, 1.7211430209346062e8
1.854036868578128e8, 4.04465255053693e8
2.254548670567092e8, 2.80986984726302e8
1.2009826487165348e8, 1.9532341059875402e8
1.4468260538313654e8, 3.167806803247101e8
2.4551718051496917e8, 3.562119474737132e8
1.0090755765545915e8, 2.6495251349871135e8
1.2205864400174758e8, 3.0989578271675134e8
1.9152627580172458e8, 2.5205505996274826e8
9.680617163909528e7, 1.5630923649197936e8
1.1742291206497984e8, 2.1134598199647433e8
2.1218504044658965e8, 3.1545639024690294e8
1.793405567956557e8, 2.4439665233291683e8
1.4326801489484748e8, 2.334399932344442e8
1.8426156726127514e8, 2.887277032775105e8
1.3156417593017158e8, 2.2249267694724873e8
1.4222250082617733e8, 1.9750967631586334e8
2.4295991045969072e8, 4.003944276274216e8
1.7024634996493864e8, 2.156973681054649e8
2.997977540950333e8, 4.901280633214105e8
2.6119429471611232e8, 4.336810574562511e8
1.0741831239765106e8, 2.3326966566162047e8
1.5893453233863813e8, 2.0132869704364917e8
1.0569221842501514e8, 1.3326524318475585e8
1.4698840228289726e8, 2.08803928702258e8
4.690184622777669e8, 5.770058232528932e8
1.4595439662945187e8, 2.205876525970322e8
3.1728499572031593e8, 4.8445533656629276e8
1.0473222281600708e8, 1.5804127183782867e8
8.314080637581094e7, 1.2751610700659283e8
1.605899026483586e8, 2.5096587900850618e8
1.0576869293938942e8, 2.0268992606495997e8
1.7131436099172273e8, 2.4809618823177668e8
1.193914126988064e8, 2.7206282131109875e8
1.6309828229638556e8, 2.1181765895199004e8
8.71603642585632e7, 1.5195401646456575e8
1.0681603907160328e8, 1.833750926461851e8
1.2543251014339824e8, 1.783056915400945e8
1.507007153893502e8, 3.350394753641113e8
1.3497466032784742e8, 2.5162553189021128e8
9.92829453510856e7, 2.9141416973586553e8
2.7241832980775565e8, 3.914816108786221e8
5.110902604679715e8, 5.829080354007783e8
1.2864373941691491e8, 1.9246740678691015e8
9.106445442892243e7, 1.481761410435658e8
7.616141690798818e7, 1.9783492949611744e8
2.3966059327259648e8, 3.224642513556371e8
1.758069511570294e8, 2.8797147170873076e8
1.788359787463681e8, 2.865202059923532e8
2.3061092643487868e8, 4.058844365365419e8
3.21294522133322e8, 3.72131257667933e8
1.5714431181882975e8, 2.0502070972058544e8
1.8870932405037633e8, 2.827471187464979e8
3.6369762524802744e8, 4.1298994069516546e8
1.2622513662732099e8, 1.8688921489466378e8
1.1190019343525323e8, 1.4579144763292918e8
1.585451249173607e8, 2.511883724191075e8
1.383999197091264e8, 3.095716729555181e8
1.8797809195000374e8, 2.3043842190751037e8
1.5757303470981896e8, 2.019488605407719e8
1.1114552379410361e8, 2.6015666580282888e8
7.507467739050245e7, 2.1536292918858555e8
1.1030125701275066e8, 2.37708778948756e8
2.5475509758379126e8, 3.382384868271595e8
1.1718096579555538e8, 2.700662020599656e8
1.201322402247315e8, 4.6626800056354976e8
2.0561040995669892e8, 2.7784718223128384e8
2.332061598826402e8, 4.1766944457216966e8
1.5631965552710807e8, 2.2582208760525605e8
1.122474689234508e8, 2.713721333126823e8
9.426572845841177e7, 1.6632819919496092e8
1.2150863596920228e8, 3.9081124041775763e8
1.2158651979685101e8, 2.0242430929163656e8
2.723491382194983e8, 4.5366583892905354e8
1.2609657380902928e8, 2.2932804267227975e8
9.180715096149302e7, 3.168374285901252e8
1.3290564018346648e8, 1.761969572461533e8
9.199896624367861e7, 3.739024365182588e8
1.6704737544863147e8, 2.8288444665029675e8
1.878294397127869e8, 3.8649658237592804e8
7.12011630473688e7, 9.830382962006833e7
1.8397571609524435e8, 2.8575771156852424e8
1.3538274355188894e8, 1.797887695049427e8
1.1745279522389486e8, 2.07263764313692e8
3.7347249822219205e8, 4.890459240249543e8
1.0899037778593123e8, 1.757342286608057e8
1.04478435890461e8, 1.7913432020967737e8
1.0701110776958363e8, 1.626627102929971e8
2.2433324975694117e8, 6.113658582284681e8
1.4507998571792307e8, 1.999955735771868e8
1.1271485517012183e8, 3.749372191053731e8
1.1377651408293043e8, 1.8239251902972832e8
1.7804003763728693e8, 5.785718541228704e8
2.357497392858577e8, 3.417174008236578e8
1.772432336127619e8, 2.972241579321875e8
3.108150030815667e8, 4.105875266753858e8
1.651611038257243e8, 2.0616443535600683e8
1.1330058146563236e8, 1.648531272871593e8
9.654999624934702e7, 2.0713768019263268e8
1.1577375412584668e8, 2.2094855693509e8
1.233077874454393e8, 1.8044406903537577e8
3.553114189002707e8, 5.867644818914133e8
1.6044477495748216e8, 2.2441234708353013e8
1.2806583901163767e8, 2.108535087454562e8
2.2551720983175167e8, 3.0089062911136204e8
7.739361086594345e7, 1.9720244596846786e8
1.2058219152799031e8, 1.8201077306850943e8
2.150272008240276e8, 2.6786375788861865e8
1.4299111072489387e8, 1.934686054303743e8
2.1624890187828958e8, 2.489289518385706e8
1.3150268948019609e8, 1.7813520340633923e8
2.6265009494341734e8, 3.1854439260606027e8
1.1294112471292731e8, 3.547864332618618e8
3.9088522957802314e8, 5.006982308792902e8
5.374244710923533e8, 8.708341066942414e8
8.978850670805484e7, 1.5191523042075714e8
1.454256399178453e8, 2.7647321735751915e8
3.578518887052286e8, 4.109121582668614e8
1.2589892291848752e8, 2.101303580309117e8
1.3240127313525112e8, 1.9520308921266493e8
2.1715235171034253e8, 2.6122858430761626e8
1.2309375430806081e8, 2.265508013394833e8
1.7517582500066817e8, 2.4194969559501162e8
1.780760095646423e8, 2.6127591808991838e8
1.7958340944508073e8, 2.4086176145497772e8
1.7678975378725693e8, 2.959907393507451e8
1.1186961141058086e8, 1.6754334976176792e8
1.9692470188195536e8, 7.831399786759857e8
1.3716216245931584e8, 2.4363155957733628e8
1.1607684329130664e8, 4.872784412275472e8
1.2552014299385557e8, 2.4568969055760962e8
1.4973460174648485e8, 1.9025005363559178e8
1.0708055024787511e8, 1.820159984427442e8
1.4426822760283694e8, 4.461435712336714e8
1.7107771938553196e8, 2.2566248802898243e8
1.0822014222542004e8, 1.744175676992029e8
1.6954769488217822e8, 2.4684000218604004e8
1.487076525504125e8, 1.758782517900212e8
1.6081959852131507e8, 2.5035471885063243e8
2.143003476797386e8, 3.56665693275983e8
1.0088363194930731e8, 1.698502327080838e8
1.2594115071489413e8, 2.1221956469591087e8
2.1949507004692334e8, 2.884007099609194e8
1.3043694932675412e8, 2.5045152365151617e8
