(1,21113.17)
(2,30950.47)
(3,38302.01)
(4,40527.88)
(5,39030.74)
(6,35125.64)
(7,30235.92)
(8,25025.04)
(9,19630.43)
(10,15138.74)
(11,12757.35)
(12,14604.15)
(13,19871.56)
(14,25630.23)
(15,31950.24)
(16,34745.16)
(17,33809.92)
(18,30438.62)
(19,26207.89)
(20,21768.38)
(21,17143.01)
(22,12645.67)
(23,10339.33)
(24,11931.76)
(25,17360.01)
(26,23660.21)
(27,29019.98)
(28,31400.18)
(29,30156.33)
(30,26647.9)
(31,22560.75)
(32,18619.41)
(33,14211.86)
(34,9831.96)
(35,7678.24)
(36,9223.47)
(37,15447.35)
(38,22827.28)
(39,29692.85)
(40,33271.45)
(41,32130.81)
(42,28627.09)
(43,24679.12)
(44,20206.61)
(45,15354.0)
(46,11358.19)
(47,9292.5)
(48,11749.92)
(49,17289.2)
(50,23711.8)
(51,30226.06)
(52,32964.55)
(53,31961.13)
(54,28383.45)
(55,24154.79)
(56,19535.07)
(57,14799.69)
(58,10745.41)
(59,8684.39)
(60,11142.48)
(61,17363.17)
(62,23892.97)
(63,30274.05)
(64,33404.01)
(65,32806.25)
(66,29959.38)
(67,25899.35)
(68,21435.08)
(69,16568.04)
(70,12021.49)
(71,9893.14)
(72,11393.47)
(73,17011.06)
(74,22341.67)
(75,28017.52)
(76,31050.53)
(77,30287.94)
(78,26986.62)
(79,23023.05)
(80,18434.01)
(81,13569.76)
(82,9105.47)
(83,6840.14)
(84,8061.39)
(85,13467.28)
(86,19883.24)
(87,26697.07)
(88,30731.83)
(89,30687.41)
(90,27731.83)
(91,23785.03)
(92,19457.51)
(93,14936.07)
(94,10734.5)
(95,8319.64)
(96,9658.85)
(97,15207.12)
(98,21777.18)
(99,27825.02)
(100,31478.48)
(101,31387.22)
(102,28632.64)
(103,24836.01)
(104,20239.37)
(105,15224.12)
(106,10713.62)
(107,7945.57)
(108,9066.75)
(109,14574.28)
(110,21226.75)
(111,27855.9)
(112,31967.11)
(113,31991.05)
(114,29031.83)
(115,24856.59)
(116,19881.4)
(117,14541.32)
(118,9392.62)
(119,4194.09)
(120,5143.24)
###################
(1,21113.17)
(2,22236.5)
(3,22795.26)
(4,21421.5)
(5,17265.66)
(6,12109.53)
(7,7071.67)
(8,3174.95)
(9,0.0)
(10,0.0)
(11,0.0)
(12,0.0)
(13,1299.29)
(14,3374.71)
(15,6594.12)
(16,8545.22)
(17,7258.08)
(18,4888.48)
(19,2045.19)
(20,237.47)
(21,0.0)
(22,0.0)
(23,0.0)
(24,0.0)
(25,632.43)
(26,3169.14)
(27,5157.87)
(28,5148.63)
(29,3745.86)
(30,795.64)
(31,0.0)
(32,0.0)
(33,0.0)
(34,0.0)
(35,0.0)
(36,0.0)
(37,330.73)
(38,2927.23)
(39,4666.31)
(40,7040.2)
(41,5866.01)
(42,3804.21)
(43,2117.42)
(44,710.07)
(45,0.0)
(46,0.0)
(47,0.0)
(48,0.0)
(49,639.77)
(50,2498.42)
(51,4999.06)
(52,7392.08)
(53,6272.92)
(54,3709.69)
(55,1471.9)
(56,0.0)
(57,0.0)
(58,0.0)
(59,0.0)
(60,0.0)
(61,1167.56)
(62,2676.57)
(63,4696.94)
(64,5560.68)
(65,4664.44)
(66,3984.53)
(67,2056.18)
(68,386.28)
(69,0.0)
(70,0.0)
(71,0.0)
(72,0.0)
(73,363.48)
(74,2037.22)
(75,3355.01)
(76,5209.52)
(77,5280.1)
(78,3914.12)
(79,2392.27)
(80,362.09)
(81,0.0)
(82,0.0)
(83,0.0)
(84,0.0)
(85,198.02)
(86,2179.22)
(87,3869.13)
(88,5818.02)
(89,5338.88)
(90,4651.52)
(91,2931.71)
(92,1106.45)
(93,0.0)
(94,0.0)
(95,0.0)
(96,0.0)
(97,705.37)
(98,2838.56)
(99,5045.12)
(100,7342.28)
(101,7938.52)
(102,6753.83)
(103,4234.08)
(104,1809.02)
(105,0.0)
(106,0.0)
(107,0.0)
(108,0.0)
(109,956.33)
(110,4617.86)
(111,8906.8)
(112,11901.69)
(113,12862.36)
(114,11109.69)
(115,8945.93)
(116,5675.92)
(117,2788.17)
(118,0.0)
(119,0.0)
(120,0.0)
###################
(1,21113.17)
(2,43007.86)
(3,51806.1)
(4,51806.1)
(5,51806.1)
(6,50766.16)
(7,47624.9)
(8,43419.66)
(9,38613.04)
(10,34074.62)
(11,32924.81)
(12,37404.49)
(13,46664.87)
(14,51806.1)
(15,51806.1)
(16,51806.1)
(17,51806.1)
(18,50423.24)
(19,47233.93)
(20,43084.54)
(21,38454.23)
(22,33896.34)
(23,32313.26)
(24,35355.58)
(25,43617.09)
(26,51806.1)
(27,51806.1)
(28,51806.1)
(29,51806.1)
(30,49174.7)
(31,45070.98)
(32,40281.81)
(33,34570.74)
(34,29486.19)
(35,27259.06)
(36,31033.91)
(37,39163.6)
(38,48807.96)
(39,51806.1)
(40,51806.1)
(41,51806.1)
(42,49775.77)
(43,46036.97)
(44,41417.59)
(45,36221.75)
(46,31088.25)
(47,29658.49)
(48,34509.98)
(49,40537.37)
(50,48693.81)
(51,51806.1)
(52,51806.1)
(53,51806.1)
(54,49581.15)
(55,45722.73)
(56,40657.91)
(57,35473.57)
(58,30637.71)
(59,28677.4)
(60,33861.08)
(61,43474.11)
(62,51806.1)
(63,51806.1)
(64,51806.1)
(65,51806.1)
(66,50232.84)
(67,46740.06)
(68,42294.78)
(69,37309.45)
(70,32114.71)
(71,30602.43)
(72,34605.64)
(73,42244.73)
(74,48012.42)
(75,51806.1)
(76,51806.1)
(77,51806.1)
(78,49007.41)
(79,44685.36)
(80,39612.81)
(81,34125.41)
(82,28741.89)
(83,25969.37)
(84,29742.92)
(85,36904.02)
(86,45904.85)
(87,51806.1)
(88,51806.1)
(89,51806.1)
(90,49459.0)
(91,45616.02)
(92,40765.58)
(93,35645.15)
(94,30671.3)
(95,28144.71)
(96,31244.76)
(97,39004.82)
(98,47577.68)
(99,51806.1)
(100,51806.1)
(101,51806.1)
(102,49565.36)
(103,45830.14)
(104,40871.28)
(105,35239.88)
(106,30156.34)
(107,28068.03)
(108,30666.69)
(109,38253.77)
(110,47962.68)
(111,51806.1)
(112,51806.1)
(113,51806.1)
(114,49697.99)
(115,45798.71)
(116,41069.19)
(117,35414.98)
(118,30499.42)
(119,23113.57)
(120,25324.51)
###################
