(1,3156.01)
(2,4690.74)
(3,8016.48)
(4,11136.94)
(5,12146.12)
(6,11948.24)
(7,10941.04)
(8,8934.73)
(9,6247.04)
(10,3513.23)
(11,1076.84)
(12,603.81)
(13,2568.81)
(14,5489.18)
(15,8082.24)
(16,11423.78)
(17,12239.72)
(18,11848.47)
(19,10425.94)
(20,7918.56)
(21,4931.83)
(22,2278.86)
(23,666.42)
(24,517.26)
(25,2451.88)
(26,4934.79)
(27,7667.95)
(28,10989.45)
(29,12000.7)
(30,11861.04)
(31,10790.06)
(32,8213.85)
(33,5016.17)
(34,2466.42)
(35,816.48)
(36,634.1)
(37,2599.59)
(38,5856.7)
(39,7829.29)
(40,11146.78)
(41,12198.24)
(42,11969.61)
(43,10646.14)
(44,8375.31)
(45,5840.5)
(46,3295.39)
(47,1485.97)
(48,966.94)
(49,2898.18)
(50,5528.61)
(51,8023.09)
(52,11178.06)
(53,12084.73)
(54,11826.48)
(55,10383.1)
(56,8075.99)
(57,5367.38)
(58,2677.41)
(59,653.99)
(60,397.8)
(61,1696.84)
(62,4712.26)
(63,7463.8)
(64,10851.68)
(65,11998.82)
(66,11874.62)
(67,10830.19)
(68,8531.74)
(69,5625.87)
(70,2733.06)
(71,848.36)
(72,694.14)
(73,2543.45)
(74,5263.7)
(75,7916.78)
(76,11256.32)
(77,12135.87)
(78,11980.09)
(79,10732.59)
(80,8351.87)
(81,5638.57)
(82,2982.95)
(83,832.81)
(84,404.36)
(85,2138.19)
(86,5409.88)
(87,8012.17)
(88,11345.21)
(89,12326.08)
(90,12214.87)
(91,11188.71)
(92,9020.85)
(93,6172.87)
(94,3099.95)
(95,833.57)
(96,518.61)
(97,1939.7)
(98,5055.18)
(99,8159.9)
(100,11447.01)
(101,12232.53)
(102,12082.64)
(103,11010.21)
(104,8764.3)
(105,5886.51)
(106,2997.65)
(107,884.93)
(108,689.61)
(109,2912.04)
(110,5373.55)
(111,8629.97)
(112,11613.65)
(113,12312.2)
(114,12128.49)
(115,11009.23)
(116,8986.42)
(117,6251.58)
(118,3234.16)
(119,815.14)
(120,581.86)
###################
(1,3156.01)
(2,1437.14)
(3,2892.35)
(4,5965.35)
(5,8612.06)
(6,7763.91)
(7,5953.83)
(8,3600.57)
(9,1316.14)
(10,0.0)
(11,0.0)
(12,0.0)
(13,0.0)
(14,0.0)
(15,623.7)
(16,6118.18)
(17,8528.53)
(18,7815.7)
(19,5326.34)
(20,3205.04)
(21,1213.21)
(22,0.0)
(23,0.0)
(24,0.0)
(25,0.0)
(26,0.0)
(27,0.0)
(28,4923.71)
(29,7582.68)
(30,6826.86)
(31,4807.71)
(32,2863.53)
(33,823.56)
(34,0.0)
(35,0.0)
(36,0.0)
(37,0.0)
(38,0.0)
(39,0.0)
(40,5476.13)
(41,8447.94)
(42,7680.15)
(43,4951.06)
(44,2685.91)
(45,820.14)
(46,0.0)
(47,0.0)
(48,0.0)
(49,0.0)
(50,0.0)
(51,433.4)
(52,5398.59)
(53,8005.24)
(54,7365.56)
(55,5150.89)
(56,3075.59)
(57,1288.23)
(58,0.0)
(59,0.0)
(60,0.0)
(61,0.0)
(62,0.0)
(63,0.0)
(64,4839.44)
(65,7717.85)
(66,7344.06)
(67,5723.66)
(68,3170.12)
(69,1087.25)
(70,0.0)
(71,0.0)
(72,0.0)
(73,0.0)
(74,0.0)
(75,411.29)
(76,5518.39)
(77,7928.62)
(78,7474.92)
(79,5152.4)
(80,3071.11)
(81,1049.23)
(82,0.0)
(83,0.0)
(84,0.0)
(85,0.0)
(86,0.0)
(87,344.15)
(88,5926.3)
(89,9238.94)
(90,8958.1)
(91,7003.79)
(92,4124.08)
(93,1857.64)
(94,0.0)
(95,0.0)
(96,0.0)
(97,0.0)
(98,0.0)
(99,1284.0)
(100,5801.55)
(101,8596.24)
(102,7916.97)
(103,5918.03)
(104,3680.57)
(105,1517.88)
(106,0.0)
(107,0.0)
(108,0.0)
(109,0.0)
(110,0.0)
(111,1743.61)
(112,6650.86)
(113,9071.82)
(114,8639.26)
(115,6772.55)
(116,4416.12)
(117,2170.9)
(118,494.64)
(119,0.0)
(120,0.0)
###################
(1,3156.01)
(2,8576.42)
(3,12744.9)
(4,12744.9)
(5,12744.9)
(6,12744.9)
(7,12744.9)
(8,11657.51)
(9,9834.9)
(10,7616.55)
(11,4654.41)
(12,3859.1)
(13,11303.81)
(14,12744.9)
(15,12744.9)
(16,12744.9)
(17,12744.9)
(18,12744.9)
(19,12744.9)
(20,11665.4)
(21,9579.3)
(22,6778.96)
(23,3916.47)
(24,3551.28)
(25,11955.22)
(26,12744.9)
(27,12744.9)
(28,12744.9)
(29,12744.9)
(30,12744.9)
(31,12744.9)
(32,11653.32)
(33,9674.27)
(34,7465.78)
(35,4441.98)
(36,4564.99)
(37,11147.57)
(38,12744.9)
(39,12744.9)
(40,12744.9)
(41,12744.9)
(42,12744.9)
(43,12744.9)
(44,11763.36)
(45,9917.34)
(46,7629.14)
(47,5603.91)
(48,5567.28)
(49,12744.9)
(50,12744.9)
(51,12744.9)
(52,12744.9)
(53,12744.9)
(54,12744.9)
(55,12744.9)
(56,11523.48)
(57,9477.19)
(58,6925.18)
(59,3464.39)
(60,2864.08)
(61,8073.49)
(62,12744.9)
(63,12744.9)
(64,12744.9)
(65,12744.9)
(66,12744.9)
(67,12744.9)
(68,11647.1)
(69,9829.23)
(70,7044.25)
(71,4212.35)
(72,4511.89)
(73,12287.05)
(74,12744.9)
(75,12744.9)
(76,12744.9)
(77,12744.9)
(78,12744.9)
(79,12744.9)
(80,11721.94)
(81,9851.57)
(82,7420.83)
(83,3982.9)
(84,3069.33)
(85,9214.2)
(86,12744.9)
(87,12744.9)
(88,12744.9)
(89,12744.9)
(90,12744.9)
(91,12744.9)
(92,11684.67)
(93,9729.55)
(94,7072.86)
(95,3650.35)
(96,3511.29)
(97,9861.45)
(98,12744.9)
(99,12744.9)
(100,12744.9)
(101,12744.9)
(102,12744.9)
(103,12744.9)
(104,11779.55)
(105,9679.81)
(106,6983.18)
(107,4047.03)
(108,4500.21)
(109,12744.9)
(110,12744.9)
(111,12744.9)
(112,12744.9)
(113,12744.9)
(114,12744.9)
(115,12744.9)
(116,11728.75)
(117,9614.28)
(118,6383.72)
(119,3055.15)
(120,3876.31)
###################
