1.8121063937956005e8, 4.1072450881837815e8
1.2449388465712418e8, 2.1496048897391587e8
2.003011938874057e8, 2.723222548206547e8
5.327594379024539e8, 6.506933615222477e8
1.1102327192208834e8, 2.4414834572303835e8
1.3461853578682387e8, 2.8264833722568357e8
1.492923523203767e8, 2.0527104235731417e8
1.572246698746948e8, 4.2566178489512515e8
3.0886747145735705e8, 4.0511207887045324e8
1.4281828873317963e8, 1.982071587321309e8
1.3780681067377883e8, 2.534662310571306e8
5.702771887895942e8, 6.547601552404478e8
1.1354412949306877e8, 1.721074435911805e8
1.8005139205072102e8, 7.034877487143662e8
1.4396228278668302e8, 4.966993359554032e8
1.1945509277949041e8, 1.8128568990960887e8
1.392855036789692e8, 2.2304539132123893e8
8.813844724847291e7, 1.4695019423767242e8
7.403126645630249e8, 9.617779173914261e8
1.669334448671219e8, 3.04086691357719e8
2.62149848771778e8, 3.362072752883347e8
2.025304559992121e8, 3.193787781042315e8
1.5354456685838303e8, 3.608197463060623e8
5.665164598418674e8, 6.221380586795088e8
1.8257731438007337e8, 3.766380645923508e8
1.4420942657454824e8, 2.3740766448899946e8
2.855883030862361e8, 6.108884201603452e8
5.50889223935477e8, 6.357411626470808e8
4.5852081971945053e8, 5.576539160523537e8
2.476598545215629e8, 3.633287580241191e8
1.701937245750682e8, 2.6127917491097486e8
1.4019365246685666e8, 2.8474978446079296e8
1.2282762112739211e8, 1.921888706765539e8
2.3883057947351003e8, 3.014338075870627e8
1.6499438369740295e8, 2.679036239380356e8
1.6548125800697842e8, 2.724217996431304e8
1.651066261283806e8, 3.214985444320541e8
4.188885103893151e8, 5.443485602356788e8
1.8991765259094778e8, 2.7970630949826485e8
1.568599079950693e8, 3.664568446604441e8
1.2398281821294539e8, 1.9998885350927305e8
2.4536084952738225e8, 6.349870873110057e8
1.39081708329848e8, 3.910745205951805e8
2.1603161663652092e8, 3.510546133697087e8
3.356435126736862e8, 3.873504323802544e8
1.645757479481855e8, 2.346338164852421e8
3.1324280692572516e8, 4.083113896666352e8
1.6780692947442973e8, 4.582906823769661e8
1.3869212409803408e8, 2.0746996603604123e8
1.9203527549752662e8, 2.3763533482491535e8
3.143218107272729e8, 4.005782539828276e8
1.3051935969640084e8, 2.0965796033473715e8
2.2112408856735435e8, 2.744196755483595e8
1.6771213855119926e8, 3.06926381361641e8
1.6441415709963173e8, 2.628421529440414e8
3.963527639538476e8, 4.6552449662421966e8
1.721360186243784e8, 2.3947074435719934e8
3.956485599695256e8, 4.986626974398718e8
2.746080303780306e8, 3.567925899539864e8
1.4991880437005705e8, 3.019073870350704e8
5.51672915234189e8, 6.49326851120258e8
2.604898742047689e8, 3.560225257743457e8
1.2854135037232839e8, 2.0075166839696476e8
3.805073348246308e8, 4.391560987749668e8
1.539955338028246e8, 2.3849954920016685e8
1.677750848633677e8, 4.267395344695498e8
1.3694793500806016e8, 2.0912070677336583e8
1.557868174798509e8, 2.765159486940484e8
2.730532917853609e8, 3.377397099518953e8
3.3474211365333086e8, 4.37170258443008e8
1.2249183417631155e8, 2.4687906734665695e8
1.2653397031688796e8, 2.25171660909707e8
1.7772215765380824e8, 2.67557778274458e8
1.3468367284569895e8, 1.9763127360986698e8
3.369171858915852e8, 4.1274290804574513e8
2.017194076260704e8, 5.075768833573274e8
5.2948629302160436e8, 6.498767736006007e8
2.2583575679146445e8, 3.400877868542014e8
1.603290366822419e8, 2.3221842516470572e8
6.284489622327384e8, 8.166170079223255e8
2.4432309053085518e8, 3.134822044903335e8
2.5639167363116756e8, 3.5134874708527696e8
2.5145731347219372e8, 4.8263896534159464e8
1.0254843486871023e8, 2.064416907291217e8
1.5659543119315594e8, 4.2553254936193943e8
5.690865153102518e8, 7.46563358211769e8
3.9597159466927725e8, 5.109207382258132e8
1.278142832252546e8, 1.9907192568744317e8
1.9602130945332307e8, 2.6062891584784555e8
1.4819794779278177e8, 2.4269807915845925e8
1.5491124926410085e8, 2.5080255923126298e8
1.5095187867264548e8, 2.873610537225415e8
1.552851941917889e8, 2.0088399316244614e8
1.2898204578431606e8, 1.9165155614943802e8
1.925589832994305e8, 3.860290249636699e8
1.1343019769810407e8, 1.7108102055976868e8
5.296726868742543e8, 6.467046972724475e8
1.578470274857723e8, 2.917098533461551e8
1.5755061242809072e8, 2.5267567212835824e8
1.4898529862491423e8, 2.59891730821457e8
1.1630142959942071e8, 1.7741541784521398e8
3.1844367995049816e8, 5.899811433783885e8
1.395564627037022e8, 3.0132059919813156e8
1.973976982567273e8, 2.834340247253931e8
1.6331660880072048e8, 4.698198772297136e8
1.645582126292373e8, 2.707238426533099e8
5.592416662939762e8, 6.22636897906178e8
3.2251856839763004e8, 4.129091740628213e8
2.2521900383387616e8, 3.1658669062474287e8
1.732604977385483e8, 2.4323485176941204e8
2.5052632016750926e8, 5.889364174164782e8
2.78941690818801e8, 3.487442507906097e8
1.4197281459325805e8, 1.959640314801087e8
1.3060649247960687e8, 2.4564488606124157e8
1.1782482389080058e8, 1.7533505777010024e8
1.2772618035914955e8, 2.1078475825784716e8
2.752196783353275e8, 3.741068597135192e8
2.2096771394452655e8, 3.336017353514392e8
1.5601339654917708e8, 2.2536364619453508e8
2.5775943632033658e8, 4.500164390985684e8
1.827988065777935e8, 2.4548547554415235e8
1.2982563725663044e8, 2.0291031121514353e8
3.0590086430527246e8, 4.102918025741114e8
1.1398208906622712e8, 2.2564274522048232e8
1.5143685952100533e8, 3.0502966580890024e8
1.2153109352997501e8, 3.8108895882862383e8
1.5927219767536026e8, 2.1069056967957142e8
1.3007657356996137e8, 1.951148730289459e8
1.5607210358583346e8, 2.706693721437867e8
1.2334649386541818e8, 2.004985533612509e8
2.2275080649997768e8, 3.054325076145522e8
1.4445478142010778e8, 3.301700694295303e8
2.0621072892505917e8, 4.6118206241275513e8
2.6858248227658504e8, 3.501998662671636e8
1.5941324636528903e8, 2.170897073102521e8
6.09894071569863e8, 7.432897131193259e8
1.5597162480081153e8, 2.297887427821725e8
1.6616973695151967e8, 2.69217114860006e8
2.0241747526033628e8, 2.6128362412840044e8
2.260169225732542e8, 3.284786396633711e8
1.4999300667078054e8, 2.915204166208776e8
2.4924389298010772e8, 3.369649559936058e8
1.9738145734934372e8, 2.7345771664774173e8
1.4392873871093562e8, 2.326744268954959e8
1.1372347645292348e8, 2.5710609069718346e8
3.9402749802065134e8, 6.75888971565609e8
2.186844663448158e8, 4.226575008974408e8
1.457552698588921e8, 2.2411383910898697e8
1.8826352689095065e8, 2.6194894536971006e8
1.3716902545816267e8, 1.9446678237480265e8
1.2219406977829008e8, 1.768916905404199e8
3.4655862251217794e8, 4.945465775293053e8
1.8680700133862323e8, 2.4241506154251584e8
1.5456073126870325e8, 2.7276345540896684e8
1.6676416524259993e8, 2.8194519746564627e8
1.149651267363719e8, 1.9371012111522797e8
1.5360961233457926e8, 2.4577951696356165e8
1.5183428609781057e8, 2.8244483104008746e8
1.5826803741704246e8, 2.2070112350495e8
1.7553934207846335e8, 2.245386168008781e8
4.122631586082017e8, 4.6509091121825916e8
3.1539315384547573e8, 5.738879760820259e8
1.3067422915538196e8, 3.0278402325036687e8
1.5890825007959238e8, 5.355445805828139e8
2.16431729423394e8, 2.8940403787340295e8
2.1326955922507444e8, 3.734333139769189e8
1.696393892738656e8, 3.2425491221342355e8
1.5021018934625527e8, 1.962203343344437e8
1.5476080542142895e8, 2.3721808477748466e8
1.4150327836204737e8, 3.852226204656834e8
1.5656322821844664e8, 3.2874811679150057e8
1.6370240743091702e8, 4.543450839968199e8
1.2977511682595156e8, 2.333795146812527e8
2.364575124881635e8, 3.129411719572742e8
3.521702606825837e8, 5.1742197930932e8
2.0574107054970682e8, 2.867508129881345e8
2.0342463694170848e8, 2.5877341526818803e8
1.5814176193165016e8, 4.370631014597491e8
1.3197952461882444e8, 1.7962932090441507e8
2.1252522272351566e8, 2.794832867908492e8
1.784834180722019e8, 2.4531490380269384e8
1.9091797994542435e8, 6.670091741261045e8
2.151222245272055e8, 2.7579564861524034e8
2.517344611854463e8, 4.0957652341890883e8
2.640954350939743e8, 4.675792589578693e8
1.359138052806554e8, 2.8026674248326004e8
1.7138299959528095e8, 2.6580339252940136e8
1.2025240963935137e8, 1.7708544988694024e8
1.2550923660746965e8, 2.0693894674193347e8
5.0317197149655974e8, 7.511459334399887e8
1.666635837859068e8, 6.121662118191198e8
1.8907860726283926e8, 2.727246625486805e8
4.524476021718308e8, 5.460633562943662e8
1.8639438850710928e8, 3.9775217424312574e8
1.880177941470216e8, 2.5010311164303777e8
3.5900486061593294e8, 4.4079866419462776e8
5.060188314233521e8, 5.836718601774317e8
1.7776271100398326e8, 7.098027774620081e8
1.396526736559708e8, 1.924144668616122e8
1.5495126826100367e8, 3.0175162398689806e8
1.5489351231371844e8, 2.764291549246558e8
2.1781102775468022e8, 3.395293170900718e8
1.9735747621589014e8, 2.917501362734874e8
1.3127747482953495e8, 2.015187203032872e8
4.407777094522204e8, 5.069332358074571e8
1.4746610261856464e8, 2.6914447047058576e8
1.59522323363278e8, 3.636975317023599e8
2.2156451117392844e8, 3.379625295915863e8
2.5304021303603306e8, 3.995046296221973e8
3.4836424576937395e8, 4.7215195552245146e8
1.5418361444306657e8, 2.5322188502105853e8
1.6169171891439423e8, 2.9967551733932954e8
1.7861058082743883e8, 2.976367219305977e8
1.253254052929534e8, 3.187413372746983e8
2.5695510627459154e8, 3.3084562684204537e8
1.0396218967740928e8, 2.71026415641311e8
1.659785608459652e8, 2.1482622678406438e8
1.352150093580413e8, 2.0144885893033826e8
2.475417270849353e8, 3.0984469850589526e8
1.3753945243197182e8, 4.418711190617277e8
1.2384256643468195e8, 3.1051962404896814e8
1.3976266994928995e8, 2.4475440227801728e8
1.627593767765314e8, 2.7422607468558073e8
4.4482725054517394e8, 4.987484154180379e8
1.454719289289494e8, 1.965899065918456e8
2.202222891265087e8, 2.808972731753629e8
1.1532300745182192e8, 2.0274276895906132e8
2.3026730450556812e8, 3.6463480825702643e8
3.6652019601831794e8, 4.26911257662248e8
1.4718601710782436e8, 2.0004278371495932e8
1.5943089299157572e8, 1.9930447248381814e8
1.9483909605639523e8, 3.3993011591185117e8
3.776046836796906e8, 4.675389892142688e8
1.3328612486497061e8, 2.2974402527925295e8
1.3787506755804902e8, 1.9987732551883826e8
2.121508981544436e8, 3.1667818750888413e8
1.515482126612098e8, 2.9921462932775325e8
1.033360893536303e8, 1.6169045172672427e8
1.672901380554479e8, 2.5970711814853635e8
1.3928351264383388e8, 1.920508125502514e8
1.639238496565455e8, 2.3769215720066008e8
1.7253746425826314e8, 2.2851200522673613e8
2.79707232766116e8, 4.485135924639888e8
1.5933414524366832e8, 2.1853535502894202e8
1.3957530103272828e8, 4.5471281646709335e8
1.5179964293971545e8, 2.2261570084649286e8
1.1216466179952519e8, 2.0781119673489168e8
1.8875407904789793e8, 2.3899678587605765e8
1.3280329616570728e8, 1.9913734741844887e8
1.6909645479320687e8, 2.918862401736239e8
1.9495570359263486e8, 4.277917950329509e8
3.44628897602731e8, 9.341283288549485e8
3.473929803346257e8, 4.546805566580684e8
1.9726049210607013e8, 3.0530289848884505e8
2.00990486461801e8, 2.764405343551602e8
1.3544689450004297e8, 2.5066932563068885e8
4.812612943657244e8, 5.452906420891572e8
1.3725449733835495e8, 2.3605961280991814e8
1.2026559901215576e8, 2.4394302911251903e8
6.13615324454651e8, 7.236293702772202e8
1.4711573378077146e8, 2.711181151297992e8
1.2104313727721353e8, 2.164223311883378e8
1.2176751083558829e8, 1.988673454290571e8
1.629255871308337e8, 2.395816490869054e8
1.492015415284586e8, 2.5927851814338344e8
1.8948696962908578e8, 3.461325232273028e8
2.901424330034856e8, 4.230730672300655e8
1.7019374479299092e8, 2.209676448028318e8
1.1996647931780198e8, 3.318711620600577e8
1.1537247177707131e8, 2.1862959921899757e8
1.047267580683853e8, 2.4594616630285084e8
1.3184079832489713e8, 1.8020565637245178e8
1.3241569776542766e8, 2.4209381760073522e8
2.2844313550665307e8, 2.7646033715319407e8
9.829272806733607e7, 1.789417399975496e8
3.002507521016156e8, 3.565336249878767e8
1.446441374337968e8, 2.2292834384895617e8
5.2312282351525766e8, 6.163535748977144e8
2.304132878804298e8, 3.456262095193544e8
1.1523233528152934e8, 1.999653920399995e8
1.2175583290193306e8, 2.562736084947835e8
1.7824728672006434e8, 2.6124683639334613e8
1.6810594507610515e8, 2.290783699102e8
2.2091167223854694e8, 4.6291608458811414e8
2.4431429276168615e8, 3.9521370290447646e8
1.0965226827503777e8, 1.6401472810782623e8
2.030148448403501e8, 2.873490157653614e8
1.1362438395468609e8, 2.1650474412549028e8
5.863286022436092e8, 6.781872894814343e8
1.2280472304598054e8, 2.022304188877238e8
9.79370364530945e7, 1.864165148775988e8
2.916543475841303e8, 4.628236511607469e8
1.4566751385567224e8, 2.6544292257226503e8
3.8210137255698234e8, 5.2303544410570866e8
1.2065359144922641e8, 3.6149112330499697e8
1.4447053898746103e8, 2.747899308693412e8
4.620053581086841e8, 5.583503705106287e8
2.922965692043779e8, 4.17193664876948e8
2.1481548116231877e8, 2.904286307069488e8
4.03488014433163e8, 5.100592907753119e8
2.516715581784532e8, 3.3411564329517955e8
4.6609075159557927e8, 7.481085080391798e8
1.437876201028453e8, 2.2571715489056334e8
1.1359438058244295e8, 1.795710353158145e8
2.5069766127155113e8, 3.5760040206545717e8
1.3153629367796211e8, 2.109378657293175e8
1.2672898125888933e8, 2.73475922888959e8
5.093031664895899e8, 7.861255245114728e8
2.0896620890354142e8, 3.6339816688534206e8
1.7522012903095227e8, 3.1051008166612893e8
1.1763386019224982e8, 1.7955258704933047e8
2.4558000029136395e8, 4.0769211447112733e8
2.5528787028149366e8, 3.238869330688697e8
2.449222718986567e8, 3.240639682326807e8
3.188711009055029e8, 4.175099620433738e8
1.4243643602849028e8, 2.6905293931330216e8
2.0896059444816798e8, 3.0004820124776995e8
1.4262381493533963e8, 1.7248135596868193e8
3.5538991264600486e8, 5.42276225581494e8
1.1959521486702633e8, 1.955174334265072e8
1.6348597189758384e8, 2.3779585030060428e8
3.14114196500872e8, 3.919852988137095e8
1.5525931144436312e8, 2.0604611836605287e8
3.2284206744529206e8, 3.772526773763452e8
5.572915926371065e8, 7.102737863268676e8
2.4134757020375445e8, 3.5400310246656203e8
1.6895168159364074e8, 2.8836831435460997e8
1.3596424224295306e8, 1.8297022689874753e8
1.4272328389302835e8, 2.09673537442881e8
2.7821819054009175e8, 5.65955913429061e8
1.888682781063335e8, 4.8703469565901744e8
2.6676177337504756e8, 3.077451313629093e8
1.3408810375944863e8, 4.1744393917738163e8
3.37160027960626e8, 4.809730048496012e8
1.5270785972124133e8, 2.257948855155601e8
3.826426931713437e8, 6.834893235208286e8
3.2614624929948044e8, 4.9785441837982744e8
2.0330922772098926e8, 4.672264548126867e8
1.8771857455441913e8, 2.40611696425263e8
3.243373813379073e8, 4.1528315190094435e8
1.6812993787254757e8, 2.700836330433607e8
4.038928849516136e8, 5.1372955571629083e8
1.0530119555603561e8, 2.280003592638131e8
1.103548298881723e8, 1.7129632213803342e8
1.4493414006207597e8, 2.223805109666117e8
2.742785964463771e8, 4.546441232083759e8
1.1722555566437107e8, 2.6362034514432317e8
1.7157147544193265e8, 3.337185004854736e8
1.2118638701202781e8, 2.5567472481591406e8
3.129513552417436e8, 3.600987425388423e8
1.591489426890002e8, 3.3850271730189013e8
3.902896392416056e8, 4.3479701556201655e8
1.720621120464493e8, 3.1479043234762156e8
1.4132118673356187e8, 1.8748685819192982e8
1.2372312091312124e8, 1.782785881772011e8
1.4877024142923775e8, 2.407744046410251e8
1.608038547144685e8, 3.8868061978822696e8
3.980897998333299e8, 4.931967846663065e8
3.2736094359130704e8, 3.8615028923846614e8
1.509222506012935e8, 1.9717512083356604e8
1.6643058904601166e8, 4.360341280470914e8
1.3168319532242219e8, 1.752033653982995e8
1.1643654654837391e8, 1.9466398865672076e8
1.6078002145264137e8, 2.153294986160689e8
4.146011250726768e8, 4.940121464123084e8
1.5330833906522447e8, 3.859976259394761e8
1.2000408475432101e8, 2.2543242384333262e8
3.656886622134866e8, 4.1830363618586403e8
1.3284208749233791e8, 3.0346449954566306e8
1.5364399448973277e8, 2.6932059546641934e8
3.2022239407485235e8, 4.62133192088221e8
1.0918588387250398e8, 1.764779062413351e8
1.4443857446298006e8, 4.360313071035305e8
8.587621514615873e8, 9.389038269014091e8
1.24906734649955e8, 2.3774442126835656e8
1.3238359481134558e8, 2.0702923484083876e8
1.946308108418394e8, 4.3976596247866124e8
1.6989078376493165e8, 2.2653007338733953e8
2.458907375140647e8, 5.270419752366684e8
1.4184939080781296e8, 2.4594357292184815e8
3.099523278674327e8, 5.981953079383796e8
1.1749958339175284e8, 4.028069064977562e8
1.466665380866002e8, 2.1483583848074543e8
1.4028425179916257e8, 2.3983188803862324e8
2.30413873365939e8, 3.0203081246218324e8
1.7457170375353476e8, 2.839903063303307e8
1.9501058207883227e8, 2.6394435713299072e8
1.110070540584693e8, 4.52137078338691e8
4.696448367842726e8, 5.461147054813635e8
1.8350275923360765e8, 2.4602426591276234e8
1.6629341414891142e8, 2.4368939727471128e8
2.7942441057710934e8, 3.4527612349536437e8
4.623633584427947e8, 5.120317147116482e8
1.5205831094014502e8, 2.601999223955734e8
1.6455852312537375e8, 2.736077675803814e8
1.4030434695179862e8, 2.2335089581005853e8
7.897038564009172e8, 8.480929777520367e8
1.7064916438969883e8, 2.689073794529226e8
1.9355172494054312e8, 4.514216763091963e8
3.079769860010741e8, 6.907025098048731e8
1.7123371651048887e8, 2.6536477088132197e8
3.3474349771418864e8, 3.85026653331809e8
1.6827332322385287e8, 2.270197297391547e8
3.1281865066389495e8, 4.2047794016560954e8
3.3599539636946654e8, 4.173325597834011e8
1.6674202198808336e8, 2.561177258839695e8
1.456390837388491e8, 2.5220137531692111e8
1.0950595033294016e8, 2.3305517908590886e8
1.3377547482901599e8, 2.1791856188555482e8
1.261474108715375e8, 2.2309345843186864e8
1.1595412559486099e8, 4.188606708072913e8
1.4772147862627754e8, 3.280189260639527e8
1.2513502036427945e8, 4.953915691229805e8
1.888110535341227e8, 2.691591811159509e8
1.4746589955862722e8, 2.735268194635132e8
1.1988073204252042e8, 1.883564010441294e8
1.563200862468374e8, 2.0447010037421414e8
1.1306605425284912e8, 1.6404997672926673e8
4.211850077298776e8, 5.0487560498510444e8
2.051855653970178e8, 2.654097682469745e8
1.6592660133965427e8, 3.0878495879874676e8
1.6825474329471388e8, 2.482117532740266e8
1.2024313912669703e8, 2.0909584495955458e8
1.6037484872283143e8, 2.5784470451993874e8
1.2977406305385737e8, 3.2153979706242704e8
1.6153959050247955e8, 2.1840163846448967e8
1.2231891875713979e8, 2.1651208573478293e8
1.3738961019311365e8, 4.407201022896114e8
1.708165500072823e8, 2.551585090903135e8
4.964088193201915e8, 5.645885870426527e8
1.053988346986483e8, 1.592244126070461e8
1.3656328063457945e8, 2.1139749769842392e8
4.424240023945347e8, 5.520829851544286e8
1.305432668201213e8, 2.6447666349946004e8
1.76759583529872e8, 2.3339328092805672e8
1.8662981929521075e8, 2.7925666754039335e8
1.2286636333491637e8, 1.7946155747573707e8
1.7068035112767386e8, 2.3942502962977594e8
2.1434645355215085e8, 3.143029431162388e8
1.26951973053138e8, 2.1672944017388862e8
1.5546960771912992e8, 2.713260433364234e8
2.764696961706719e8, 3.8927536277542216e8
1.37546898160106e8, 2.1687251845132545e8
2.2678069119710255e8, 3.41227115629728e8
2.6871994424297804e8, 3.329389063714659e8
4.21628110050794e8, 4.9800174607277924e8
1.3263466651303816e8, 2.2710444534927523e8
1.145227065583881e8, 2.0151831509364614e8
2.6219790899182624e8, 4.225019506027988e8
4.3973245530878353e8, 4.9282262520696473e8
2.0852571525891435e8, 2.7152680500794286e8
3.1371822527968377e8, 4.8381213707121783e8
1.6780222938288808e8, 4.5472828913941693e8
1.8120367575045252e8, 2.15199390296445e8
1.4135517130176017e8, 2.1892466554582283e8
1.783445826185256e8, 2.4885901182444778e8
1.4316553955490795e8, 2.7163310402725667e8
1.811924303928878e8, 2.785366101343319e8
1.728424244464296e8, 2.533217076859773e8
1.9372535788939944e8, 2.6914244959273183e8
1.1419743115927887e8, 1.6580476326450095e8
1.0515658181704505e8, 1.7888781504325262e8
2.0720582261938494e8, 3.6588262983813065e8
1.0055450364127864e8, 1.7502164306482542e8
1.3988379568192288e8, 2.2425018717372748e8
7.85414979956255e8, 8.978617928309073e8
1.1381690393308274e8, 1.858252338819378e8
1.730221967053809e8, 2.4026387414751723e8
1.8334803022914782e8, 2.616587294553603e8
1.2332011457592088e8, 2.1452518192257148e8
1.2905929452115229e8, 3.7434750464668757e8
1.4525290538755667e8, 2.2896861346940696e8
1.499760352398232e8, 2.8853390359117925e8
2.0146910576004547e8, 4.3236459028367937e8
2.1143413962640932e8, 3.140456478532986e8
3.858535554689733e8, 4.47459780833484e8
1.8782934287020555e8, 2.7568017121001345e8
1.906559181437105e8, 3.7779838370934623e8
1.5602504341325197e8, 2.4177454101952744e8
1.6094686307620668e8, 2.2910545754707557e8
4.440380817963973e8, 5.189800993310001e8
7.846244829915524e8, 9.101046094553435e8
1.2904421543820551e8, 2.5041028562899867e8
1.607835604423241e8, 2.3516597106393692e8
2.032156400771989e8, 2.4179163074584386e8
1.4656991905002078e8, 1.961244514752367e8
4.403627159153754e8, 7.174053458044068e8
1.6235107002565938e8, 2.7599320058290285e8
4.0848414954214096e8, 5.312599808556505e8
1.628754952812558e8, 5.1068206224349844e8
1.6207212633266106e8, 2.763523949205933e8
1.5108609455617076e8, 2.9627053576839954e8
3.312881480566912e8, 8.217754828665917e8
1.942867129389218e8, 4.370754147709981e8
2.3050577519141078e8, 3.695859267637609e8
1.4877197084631532e8, 2.0818747013729954e8
2.320781832184789e8, 4.094099416710216e8
1.1482923128262837e8, 1.8890232687789497e8
1.5598498370484838e8, 2.206695979190502e8
2.156607231540162e8, 5.04914133926074e8
1.373814998055323e8, 2.0968950048400807e8
4.6323691957624114e8, 5.1005267552636117e8
3.1826082933027637e8, 3.680436747091656e8
1.7035030028167257e8, 2.6448771692589486e8
3.066576455691217e8, 3.633862126183131e8
2.5525552183284223e8, 3.175541174600429e8
4.070077645376611e8, 5.1254047901282984e8
1.4706089864471638e8, 3.1870793003985757e8
1.5165254802694786e8, 1.9969790182246262e8
1.9521312406562406e8, 2.987176541702758e8
3.489344847374411e8, 5.201845390848353e8
1.1609705754685467e8, 1.7397489094747314e8
1.7327062333233947e8, 3.953500250282725e8
1.2902987327860309e8, 2.3032505467911536e8
1.441994275101139e8, 2.1006424316406617e8
1.3329815657697706e8, 4.674568218117532e8
1.4206249758918202e8, 2.483016732056354e8
1.6565928538696435e8, 3.279399701189157e8
1.9427321669521746e8, 2.7831574038962287e8
1.332938516224457e8, 2.0087324539834616e8
1.1785377726742972e8, 3.020442500925401e8
1.3319869135371989e8, 1.9219733269217256e8
1.2353879804189949e8, 1.767251611865297e8
2.7129266721156317e8, 3.868666405506992e8
1.4855547988830796e8, 1.9172387923254213e8
1.5174387331167412e8, 2.344171079797008e8
3.412690308893768e8, 4.258769093547365e8
4.141935328078364e8, 4.8037275898270977e8
3.976062494213488e8, 5.340097228850332e8
1.5499214340304706e8, 2.3543022892056593e8
2.922748770258105e8, 3.7039124537689424e8
2.7606098914769095e8, 4.587736722562097e8
2.809956887548517e8, 4.5635133872400093e8
1.613921802378759e8, 2.027320674688333e8
3.726393140844738e8, 4.184262711301931e8
1.500359397268989e8, 3.1550836754632163e8
1.4528461185778883e8, 3.758674758692484e8
1.7329756848990637e8, 3.1927967716839623e8
1.5059696789982378e8, 2.487494631902424e8
1.7498220183706984e8, 2.408531135726413e8
1.707209542538914e8, 3.1937542404947436e8
1.8331308956818652e8, 2.2734906045395648e8
3.9518556816581905e8, 5.201457677296839e8
9.908124911321923e7, 1.716992314678202e8
2.6524300106110856e8, 4.6926585645668197e8
4.18563351753903e8, 5.30708400736272e8
2.1536608799239025e8, 3.4077696443119067e8
3.2247397529293156e8, 4.4040877210690963e8
2.11959907661439e8, 2.7289038410454184e8
1.1736156988736543e8, 2.0997680644415054e8
2.0704883538183326e8, 2.937883251134972e8
3.7299168505751103e8, 6.254114464775379e8
2.3492036060427085e8, 3.555114478433981e8
1.218003020458639e8, 2.999280601878555e8
1.2855089761140404e9, 1.3441888256698954e9
1.438080527969822e8, 2.0971075301393306e8
1.5203551695040455e8, 2.476764855440812e8
4.00787510438674e8, 5.677608364216454e8
1.4026102687254095e8, 2.2334691032836765e8
1.5962136292850128e8, 2.814542754855992e8
2.2303353968567044e8, 2.768582971034501e8
1.6077698871054584e8, 3.118853785217784e8
4.226370498199735e8, 4.971134008362249e8
2.0492624979067802e8, 2.711175460602996e8
1.575955628990948e8, 2.3593291490496585e8
2.2870679589227244e8, 3.0639525326866174e8
3.6945030248376817e8, 4.251895774806823e8
1.6713014165167215e8, 2.860660581237155e8
2.0612631980391875e8, 2.6659662232677224e8
1.4306499576605326e8, 2.8640506431561965e8
2.684292732562928e8, 3.385626838652525e8
6.414614951878742e8, 7.009659445533168e8
1.744501426358776e8, 2.622197859066597e8
1.527047556977831e8, 2.2630545913626993e8
1.3611422911486658e8, 2.7392305162559503e8
2.4212965836097732e8, 5.016927019394401e8
1.2008338258946824e8, 2.2895193887419197e8
1.651320239470269e8, 2.4357766346974945e8
1.628307279086061e8, 3.141951754083194e8
1.2139710054007173e8, 2.5120698571220732e8
2.976674517065727e8, 3.7841988732321876e8
2.3773353619012764e8, 3.174211856326802e8
1.596756572897553e8, 3.288100357662795e8
4.6705501487385565e8, 5.028951908525693e8
2.1509025779984805e8, 8.143851382064363e8
1.3493443846836656e8, 4.003824973352193e8
1.7948101715180153e8, 2.5037883088451087e8
1.3730664481422403e8, 2.1203304564532286e8
1.107261760223249e8, 1.7047730101297313e8
1.483609054979358e8, 2.46135224709734e8
1.4155578872550106e8, 2.5774892197130004e8
1.0316221917396154e8, 1.5771347424807867e8
2.604696170917146e8, 3.5163411530644256e8
1.3265505192354679e8, 2.0606625530312255e8
1.4649914144640082e8, 1.8059132590668106e8
1.2923349147757845e8, 2.0612330975342825e8
2.0412555840901908e8, 3.1736501920943063e8
1.6636985142898858e8, 3.012413723806599e8
3.0565722117524695e8, 3.883335379557766e8
1.2245407015045528e8, 1.808658751136783e8
2.3885809293774515e8, 3.6022683882582134e8
1.689000760297393e8, 3.6996505527129495e8
1.6710960172858533e8, 3.936831853747784e8
3.110262869796518e8, 5.753129122607117e8
1.0726350798855329e8, 2.908756325844516e8
1.776229801356952e8, 2.685579035993583e8
1.3730987321266332e8, 2.4721910669621873e8
2.6004439376638034e8, 3.153011126650965e8
1.786044503530368e8, 2.9260445098631066e8
2.841206166115382e8, 3.434651151377085e8
3.2149499364112526e8, 3.848618724594738e8
2.1436232676751146e8, 2.984657263330296e8
2.9712975876923406e8, 4.391239792037955e8
1.3738133956457382e8, 2.0099375282777724e8
1.7561424319616297e8, 2.544936620763146e8
4.3537922354728335e8, 1.0207365535053144e9
1.697212853302647e8, 2.8580747861751235e8
3.3483732817868537e8, 4.22113222224196e8
1.358034169094435e8, 1.9169419419113907e8
1.9544982965580875e8, 4.933664386861376e8
1.9005074018078503e8, 2.6347198098129982e8
1.5253533619659498e8, 2.1044338815865558e8
1.4412143229571605e8, 2.0593975302850762e8
1.729132218211928e8, 3.767773312810658e8
3.433888961664595e8, 5.42429870720092e8
2.580884296506037e8, 3.7187771849507874e8
3.0155470427815986e8, 4.184354437341319e8
1.4678094433760852e8, 2.177298307919552e8
1.4234998772174162e8, 2.1575024836262372e8
2.7941586534090513e8, 4.716240075371549e8
1.9701900130892313e8, 3.280775476271249e8
1.7637439414671284e8, 2.785033207775537e8
2.6522579803819284e8, 3.837396040764152e8
2.3267704772051138e8, 6.129775734229112e8
1.416839927290164e8, 2.1792598677577755e8
3.7227360051408035e8, 4.7712181930267507e8
1.2778368205163993e8, 2.4785549275951943e8
2.0592745702555743e8, 2.938098722074913e8
1.321624788133249e8, 2.773487294392347e8
1.521384615849271e8, 2.6723494210093465e8
1.666995906104202e8, 2.814469705202671e8
1.0607139682203057e8, 1.765562583758482e8
1.3074370103648299e8, 1.7462090919898695e8
5.396060637742925e8, 6.473111164063324e8
1.4889928881521526e8, 2.0406143662970898e8
1.1641461084536843e8, 2.0088764384271652e8
2.6759448840775728e8, 4.469145636486541e8
1.3484847773080158e8, 2.896083080208735e8
3.8664880022019416e8, 5.300652612110565e8
3.8185311065623766e8, 4.5112451074909616e8
4.137719008892598e8, 5.240227278809056e8
2.9073076398043644e8, 4.5285411322923154e8
1.577448585135187e8, 2.0638865691794026e8
1.2547577230525166e8, 1.8060812151744956e8
3.97597574305982e8, 5.2105609718992966e8
1.1495547462127814e8, 2.5335072862630865e8
1.604762496181406e8, 2.1615768853139126e8
5.0046048928409475e8, 5.904311697725512e8
1.1416113547413567e8, 1.8321539940494597e8
1.016898528725028e8, 3.4909925749250937e8
1.515588192372143e8, 2.463042241859551e8
1.2486825446709569e8, 1.6107021104666677e8
1.6346757956925917e8, 4.5210675344548875e8
1.987466772732996e8, 2.8200143916729695e8
1.57893292870302e8, 2.2879762484485605e8
1.0436114732987049e8, 1.5588014358251852e8
2.4778462612948757e8, 3.207711093296246e8
1.0978333069213478e8, 1.644591682963605e8
1.494285372053532e8, 2.4381254101625365e8
2.3555555500790733e8, 3.3493414195797044e8
3.3755012623651624e8, 3.902402380536686e8
2.937981211319714e8, 3.614517104323101e8
1.278717531759157e8, 2.0862672340806162e8
2.8851338756630147e8, 3.997389019792023e8
1.7170870458789814e8, 2.4571113214470765e8
2.5381685611626184e8, 3.428037724540752e8
1.5677231573906055e8, 3.7720557389474505e8
9.045263695443216e7, 1.5365988573238578e8
1.5585009278917912e8, 2.716686198903827e8
1.5404662149420807e8, 1.9016666022620073e8
4.472311248462636e8, 5.976130632809983e8
1.4803981447128004e8, 1.9352595024346697e8
9.941965631254303e7, 1.5930232964907905e8
1.7342881073463205e8, 2.3133210369742727e8
7.044310974465362e8, 9.092869455367061e8
1.465930235300754e8, 2.833398922632471e8
2.2225762587349352e8, 3.702743803308727e8
1.4910017987640917e8, 1.9880230239259738e8
2.752090672914667e8, 3.8237168513493764e8
1.7191934808874285e8, 2.2257591278121942e8
2.432200385898341e8, 2.942814325939077e8
1.1360883886499497e8, 2.341117223390947e8
1.3540541386411822e8, 2.4272897183058786e8
1.508848754245157e8, 2.4444934437964275e8
2.628344450830091e8, 3.3351089964804435e8
1.3522017410529187e8, 1.9122447386478004e8
1.630353714208203e8, 3.70066335138372e8
4.398870001504029e8, 5.941621053204668e8
1.3941388027148703e8, 2.2716495151096928e8
1.6335564993211186e8, 2.3991403047709325e8
3.871146719720957e8, 4.6694148320902914e8
1.9067038665393755e8, 2.6892851081670636e8
1.5694088724252295e8, 1.986152996515952e8
1.7549578788039786e8, 2.903537630588856e8
1.5668042557359314e8, 2.00225962257083e8
1.691291160066182e8, 2.4795881913113245e8
1.3405398880575605e8, 2.1953035721323293e8
1.3253911699164444e8, 1.8995973796247432e8
1.5779674221609452e8, 2.5470937522157988e8
1.4569696165055606e8, 2.9638958416887283e8
1.2521206269643922e8, 4.07340052726924e8
4.553866275836616e8, 5.068776207769348e8
1.498297941818547e8, 2.3789667875962996e8
5.61959501953639e8, 6.722655232065505e8
4.240483108819209e8, 4.7428777593715405e8
1.5643725903263178e8, 2.3022626683647704e8
1.5519172479581732e8, 2.2610859728518233e8
1.950992419220906e8, 2.5609313523984084e8
2.932310888036373e8, 6.549733989772081e8
3.057527712364203e8, 4.1419538151898855e8
2.398299319650951e8, 3.680414760091542e8
4.5674139712892854e8, 5.942945859971317e8
2.3252867210513294e8, 3.930095002498885e8
4.4870178885334396e8, 6.686013348953668e8
2.340690140604371e8, 2.918844353965285e8
1.0765168674257149e8, 2.0113595001017067e8
1.5504947542587137e8, 1.900956712978086e8
1.2710070791262454e8, 5.581386445221617e8
1.8658682307765797e8, 3.353413090873142e8
1.844949161550658e8, 2.63592551486763e8
2.5128903705274707e8, 3.161835175850368e8
1.0808561300378536e8, 2.6863186225049156e8
1.1681305077956596e8, 1.8717514680982986e8
1.9253558770415217e8, 2.50072814782913e8
1.3899385255921006e8, 3.5026904424826044e8
3.838241729649312e8, 5.1265551975631e8
3.159410325560186e8, 3.887589075193972e8
1.4717924504891837e8, 3.5158160126476926e8
1.5785690584066692e8, 2.375215350081735e8
1.1115501435280377e8, 1.6791358562819323e8
2.3255891621490526e8, 4.512456536603855e8
6.60215458425548e8, 7.277050207901689e8
1.3503549073929533e8, 3.5223941353763974e8
1.4577154405161583e8, 2.4446884309627056e8
4.251108244140641e8, 6.30280617900836e8
1.8206380296399516e8, 2.837004977210661e8
1.4774431030906713e8, 2.393626817273788e8
1.5202865458368474e8, 2.2055575791272163e8
2.1842589826409656e8, 2.836283666668903e8
1.0795923645150355e8, 1.7524730791021934e8
3.238549103375492e8, 5.0771165954013234e8
1.4152289375036234e8, 2.0859398688908178e8
1.339897740718741e8, 2.5853471989219487e8
1.2736003541585684e8, 2.0787046428879696e8
2.5180870062558264e8, 3.686197159886351e8
3.773717398505333e8, 4.707540124821933e8
3.122956942991966e8, 5.868148342576803e8
2.006285720303252e8, 3.4174269680617744e8
2.2985482977913183e8, 5.750083350957154e8
1.2555378554520527e8, 1.9051462563784876e8
1.6439765383310366e8, 2.546456481444453e8
2.3014901670617437e8, 4.323883458664322e8
1.847463002114767e8, 3.0250728266617376e8
2.2358954350048965e8, 3.609881629688821e8
1.4828047970442957e8, 2.257427236710561e8
1.1832585445836684e8, 2.6636065855248868e8
1.938911468781233e8, 2.712346667604885e8
1.919795239477742e8, 3.5454025272536206e8
5.533032295809634e8, 6.22604043971738e8
4.512981413052262e8, 8.074683724995375e8
1.1252195353399155e8, 1.8522243859243917e8
2.5720731610210517e8, 3.339652840766997e8
3.304895469695912e8, 5.832282001849757e8
4.961400096164094e8, 5.809069013923775e8
1.3496693567016017e8, 1.768074467873825e8
1.0656013367937571e8, 1.729690378775979e8
3.217219868586816e8, 4.0786954787609243e8
3.5467633306485957e8, 5.0165106090404505e8
1.3929168319126213e8, 2.6064409902226895e8
1.999508979891348e8, 3.2038837877146703e8
2.9350940433320427e8, 4.0357474645085037e8
1.9257191405900955e8, 4.090614375155501e8
2.1904252744595262e8, 2.8474611803770435e8
1.6550374320459405e8, 2.2766699777132097e8
4.637149532183343e8, 6.849713911134446e8
1.5020079386840302e8, 1.9401302755472657e8
1.9656882250258753e8, 2.6850690468733907e8
1.9215527917788094e8, 2.5823774875801167e8
1.6910865100039053e8, 2.4374457156582338e8
1.642401277947116e8, 3.3242040683240163e8
1.969573602150124e8, 3.318411826903408e8
1.1538937852800526e8, 2.2010397311803472e8
1.7561208924977842e8, 2.4518987042126706e8
1.8399334528910372e8, 3.2803759055697984e8
1.4543522388523793e8, 3.573003267331774e8
1.8261094192783213e8, 2.6483218139085364e8
1.7286486461378798e8, 3.352791894485725e8
1.286989131746175e8, 2.3523141842666164e8
1.4460542355261394e8, 2.3244480803078094e8
1.9070535099180764e8, 2.6123925697532985e8
1.843765808457886e8, 3.5212413228225344e8
2.151676604854867e8, 3.3916273148612344e8
3.592293146568084e8, 4.434409425275162e8
9.784609780040172e7, 1.5232887106825364e8
4.0302617316574407e8, 4.4597348708050954e8
1.7086836281664738e8, 2.4768676343635193e8
1.541322666454624e8, 3.756147566556435e8
1.798274793867914e8, 2.461521101746438e8
1.5826625113642433e8, 2.348179358289889e8
1.5628032884501368e8, 5.625801734615275e8
1.1535983871479045e8, 2.6300691108799472e8
4.260009711475574e8, 6.050351638459738e8
1.3309660926207808e8, 4.512136047702758e8
4.492602119424265e8, 5.2775835485473824e8
2.135172669470775e8, 3.120900354225257e8
1.1306724693026213e8, 2.229528937645919e8
2.1842495599336803e8, 3.011098026318925e8
2.609210119456826e8, 3.272976267901773e8
1.1670026994590968e8, 2.186650371987441e8
1.6148891108430758e8, 2.2952419017114192e8
2.852567037778253e8, 4.667575450654712e8
1.787590997192561e8, 3.159366451908097e8
1.7657072306783536e8, 2.3653099139361587e8
2.2009027272256702e8, 4.92064516410906e8
1.3541576339221475e8, 2.2360700326424956e8
1.445332890777588e8, 2.3938224247390133e8
1.260229766292501e8, 2.326596493157026e8
1.317056283196326e8, 3.1708083734182936e8
2.1009782191240948e8, 5.556158785598899e8
1.8162580645801237e8, 2.9880277937316304e8
1.9164331720731902e8, 2.4493559025819427e8
1.3031022589823915e8, 1.7975362995269182e8
1.4547629668047252e8, 2.209644834351703e8
1.730950403142847e8, 4.9071311331634307e8
3.696016035918883e8, 4.294806398453859e8
2.765070995403122e8, 3.221385419387408e8
1.615522466165264e8, 3.513589561768537e8
1.3929454777051282e8, 1.865152654832158e8
2.5074911626735914e8, 3.872427511665249e8
1.2729530773291346e8, 2.3026478137781182e8
2.2607581139599976e8, 2.7644621164086473e8
2.794974897212856e8, 4.207923958820558e8
1.1813155060616204e8, 2.0219325920816126e8
1.6903230772507676e8, 2.364155881057875e8
1.416412938959616e8, 2.3000422062609175e8
1.8658884761829773e8, 2.4492295789408964e8
1.6981608585825777e8, 3.04333232244887e8
1.838923139376021e8, 3.038957955114702e8
1.6630996765531105e8, 3.218645058751982e8
2.3250960065103412e8, 4.128468561655229e8
1.4824330947972554e8, 1.9774915027905294e8
2.5271330579501435e8, 4.017522084988456e8
2.4677491753723294e8, 3.2097984018924046e8
4.811661006967993e8, 5.596472029156302e8
1.4290564469232213e8, 1.9591908279646158e8
1.5814392345891374e8, 3.630367559532875e8
1.2428535396048816e8, 2.9644828919939846e8
2.290974691795684e8, 3.0912040998627824e8
1.5082069226883516e8, 2.0508190488827375e8
2.2978278825132897e8, 5.1463382919601095e8
1.6001926726873025e8, 2.895892849730638e8
3.3753386072541654e8, 4.781381872461866e8
2.0929846246864444e8, 2.6771828279523897e8
3.118724398644432e8, 5.194773893330409e8
2.530617235224338e8, 4.414883867278598e8
1.9789942258449733e8, 3.2887603002064705e8
1.2246136017813525e8, 2.7994466803849417e8
1.052137329954035e8, 2.048231349250266e8
3.459360332236651e8, 4.212124969256181e8
4.229220020179424e8, 5.724696673583e8
7.43754001905725e8, 8.935921284490478e8
1.4719321861156148e8, 2.6812359819592392e8
2.2567153611619732e8, 2.968804791471627e8
1.2284901573951745e8, 2.2310996499157897e8
1.4543295344116586e8, 1.972036851694508e8
1.4898122374060822e8, 2.2022153942263725e8
1.2127246354374859e8, 1.8670898852309206e8
1.2436799537638772e8, 1.916457524610169e8
2.6873941296997887e8, 3.3432441156577796e8
1.2964366034975375e8, 1.8326627738377926e8
1.5018085555477464e8, 2.1944846457483035e8
2.5317815979653707e8, 4.373322580767642e8
1.0620074145096253e8, 2.928977889046575e8
1.2120893810322426e8, 2.124108696148051e8
1.1031629746301123e8, 1.9520048366720247e8
1.991527606760428e8, 3.213874999751165e8
5.731048410845665e8, 8.303682831249645e8
2.677720831162138e8, 4.064208797497852e8
4.418092311490087e8, 5.005341793903092e8
1.1992260568575884e8, 2.0493892692049748e8
1.6019354902945253e8, 2.5478879370811734e8
1.3777298328646076e8, 2.048651930261368e8
2.4892510811889598e8, 5.2851636849470717e8
2.3395287713786566e8, 2.959359249881672e8
1.827207210599704e8, 2.3299629715653157e8
2.5669531057970592e8, 4.2836006791958535e8
3.056138771082414e8, 3.7521081700161934e8
1.6536428062854582e8, 2.3734207765018153e8
5.956766496588631e8, 8.618432550805088e8
1.2473010174192636e8, 2.0512340511216253e8
1.6808168206582808e8, 2.1915362078025708e8
2.855817052392565e8, 3.837335195179871e8
3.954315949027972e8, 5.1064636239145344e8
2.5536607055029407e8, 4.578179994214258e8
5.837987981256682e8, 6.895357300071243e8
2.2210203020374414e8, 3.535277765193106e8
2.0885395772480372e8, 3.2902373658293295e8
1.3784773471611202e8, 2.4093317521113348e8
1.8467284336463192e8, 4.0506109392881495e8
5.198116625854483e8, 5.680784001675752e8
2.1142031161884698e8, 3.572684800409541e8
1.967539645512441e8, 3.130579109179421e8
1.367410616792939e8, 2.3579858617433476e8
2.1334746811728743e8, 3.165318710645743e8
3.0418269813431025e8, 3.734438979669527e8
1.204426937017459e8, 1.9045500741297534e8
1.1922592123174402e8, 1.8840786167004824e8
2.332455247207082e8, 3.1617934717316234e8
2.0022299697167644e8, 2.518881050135153e8
1.2573155001718673e8, 1.8855906184938768e8
9.786999215815325e7, 1.3967547639253056e8
2.221942989934232e8, 2.7468625023359555e8
1.3542472914783615e8, 2.2004701776741275e8
4.046906997065139e8, 4.882642335509648e8
1.6492305812091467e8, 2.239929038980081e8
2.906545665559525e8, 6.816713370254825e8
2.0590737690987203e8, 3.070295445979245e8
2.8804586685427856e8, 5.749962436695608e8
1.1666221440277328e8, 1.9559401277448007e8
2.1362427917117363e8, 3.7868966891937685e8
1.1376532028855996e8, 1.801710548778225e8
2.2408998804845214e8, 3.555761058714082e8
2.856721355315891e8, 4.405601385844264e8
2.5224741964082226e8, 4.654392687234848e8
3.2158445771479946e8, 5.393401061442703e8
2.2132692807131332e8, 3.653606618807591e8
1.3203343566660295e8, 2.0208654791225037e8
2.752822372955609e8, 3.7438887656223893e8
1.6315812805574977e8, 2.6586201193723577e8
1.4347903259177306e8, 2.1414153122258717e8
2.911479709836354e8, 5.649381409018277e8
1.5412433534103224e8, 2.2505839947596663e8
3.122965899829338e8, 3.689030060091714e8
2.133607011437704e8, 3.011793981601207e8
2.5163579105765545e8, 3.10360539308914e8
5.243540067683126e8, 6.217829051495239e8
1.7829934949362957e8, 2.7423648216216105e8
1.0653008640299147e8, 1.652851708616572e8
1.7932029759553555e8, 2.3403551946111518e8
2.2759354707279e8, 3.4442151516070914e8
1.435727644336473e8, 2.081861669422318e8
1.3560111980056944e8, 1.9526326815801963e8
1.3466920515862203e8, 2.4197819347151366e8
1.0210006080213016e8, 2.3909656514447284e8
1.8705244092308143e8, 2.920901166230296e8
1.528385329745035e8, 2.8534473449964845e8
1.5650570999185225e8, 2.4157078575808522e8
1.439788885404986e8, 2.166387326655087e8
1.546858342479715e8, 2.9097037030902493e8
9.736085135522665e8, 1.0468913553193182e9
2.3430279089461017e8, 2.9397446884547627e8
1.8736054700067356e8, 2.721140904815314e8
1.9536570340632245e8, 2.82743730414488e8
1.9597573548255205e8, 2.9594502483408225e8
7.202764463194036e8, 7.872440932350186e8
1.289499357275294e8, 2.233187496572905e8
1.405233113957586e8, 2.2997996073052007e8
3.064039496330626e8, 5.0060887469349366e8
1.5764014316403845e8, 2.2969009615013868e8
1.3513043428373986e8, 2.0017329431576982e8
2.1373015985967723e8, 2.752803911448729e8
1.4766384344983098e8, 3.477937117256052e8
2.2603386330024502e8, 2.848772257591058e8
1.4711298258614284e8, 2.4570204930432814e8
1.943524288081951e8, 2.5956512658447626e8
1.3101087317748643e8, 4.85331611300134e8
3.68132350593293e8, 4.118859648243232e8
1.354355960674095e8, 2.3012900957639515e8
1.5404088528895983e8, 3.6236174030136055e8
5.591709459681658e8, 6.015434298546207e8
3.1256551592625296e8, 3.6768133405503577e8
1.3856484315238956e8, 2.2686386651052713e8
4.090222401466283e8, 4.974729880023469e8
1.4718718180037066e8, 2.2601455329312357e8
1.354727481575844e8, 3.035187663126726e8
1.3751417542460102e8, 2.056521684265822e8
1.345497675247135e8, 2.0550250661747402e8
1.7437766245346367e8, 2.4231949914362833e8
1.3432236246534538e8, 2.027188947263092e8
3.3021510208266205e8, 4.446916987112271e8
3.388045971039231e8, 3.8754698191703176e8
4.566245937420038e8, 8.16515009279875e8
9.976628138803189e7, 2.5225505729677823e8
5.311450774338993e8, 6.646266235944613e8
2.5754203038000777e8, 3.6028371312465465e8
2.6006726656319952e8, 3.469365331173824e8
3.06036300128061e8, 5.671159606196316e8
2.1777835309798473e8, 4.0087222557285553e8
3.028884257573572e8, 6.780280667449619e8
1.265202249764282e8, 1.782403077110423e8
1.3711314335509947e8, 2.949026851720853e8
6.412316710001712e8, 6.956764378369577e8
1.2224436766709696e8, 1.9345165007625753e8
1.7553771738400355e8, 2.508053182479374e8
2.1190157980760965e8, 3.803353904528501e8
1.673343306613387e8, 2.3687849132511276e8
1.3177388339188108e8, 2.66925603203007e8
2.2653261110180414e8, 3.799942296204311e8
1.2861138522606559e8, 2.0379884286840382e8
5.863030717112576e8, 6.918011524366448e8
1.3983551806547877e8, 2.3092434850392583e8
1.6707500563190964e8, 2.632113050835786e8
2.06163410310727e8, 2.959743229498957e8
1.8387442103967667e8, 2.543893732971581e8
2.9580178370677453e8, 3.9878057136374915e8
1.231391942089107e8, 2.0555305398222575e8
1.5985708953991136e8, 2.1103172368448743e8
1.0091882363427928e8, 2.852923271782588e8
1.688865130581772e8, 2.265823592530302e8
2.4043493629597974e8, 3.497080083669247e8
2.6790770588058376e8, 3.358027777157388e8
1.503068083278953e8, 2.479948064652222e8
1.3212432399231371e8, 2.4375828060440335e8
1.5035330515661836e8, 2.691008460577655e8
1.7185126251571834e8, 2.369390290605179e8
2.689604032686473e8, 4.36569380406064e8
1.786316543978694e8, 2.8426467108827627e8
3.648787336976689e8, 4.790061075449732e8
2.5254779520797086e8, 3.42160367888707e8
1.2688387036630885e8, 2.0266429697412413e8
5.090350988352818e8, 5.67462942988928e8
3.323012515083644e8, 3.9652279023404443e8
3.0106761512988406e8, 3.87493084281685e8
1.4535495018803772e8, 2.874171781307003e8
1.1071952922791956e8, 2.2189479558448252e8
1.1674004827528432e8, 3.8121639800402e8
5.252883251237113e8, 6.235112254853075e8
4.644115562309151e8, 5.3344727198964643e8
3.1782319695679224e8, 6.859202054169399e8
1.4344998863436565e8, 2.363166213821939e8
2.3183857420672974e8, 3.113601511321751e8
1.3854499047400975e8, 2.181021673580014e8
1.3481199318440247e8, 4.3746543664856255e8
1.3390965328438398e8, 1.757428760856734e8
1.2521561479889968e8, 1.777674932531872e8
1.6415333312455365e8, 2.118921275879316e8
1.439604384323865e8, 2.6064470139544317e8
1.909161811764852e8, 3.386909383165226e8
3.4529153463616365e8, 4.952537522626371e8
1.5787733343176442e8, 3.91424241055072e8
1.707341557213924e8, 2.207944103216015e8
1.6419983278077424e8, 2.2637531437195292e8
1.5579347636618334e8, 2.7073663542594105e8
1.625333902693806e8, 2.2622680116496488e8
1.426373989070109e8, 2.827687812066819e8
1.5538461305479506e8, 2.387603657879011e8
1.8662758591881153e8, 2.3697612733235335e8
1.4144499034723148e8, 2.3768720100846434e8
1.4577774673599088e8, 1.9660884808727235e8
1.307861322030169e8, 1.952430320933765e8
1.1213043070527801e8, 2.4314869008379093e8
2.184716118561363e8, 2.771713288960771e8
1.376309851878813e8, 2.5172246243566275e8
1.7239850833923218e8, 3.329317191561251e8
1.0301616664894357e8, 1.7788073670832986e8
2.2289951337608126e8, 3.098853903521544e8
1.517823375617394e8, 2.111117411839515e8
4.5569500821763617e8, 7.464093608134321e8
1.6875842488131377e8, 2.411000168661884e8
5.642370452223147e8, 7.429222832795392e8
2.7233038028548443e8, 3.4435290204944783e8
1.4774706837555906e8, 2.0933814464181045e8
2.596707605429796e8, 3.544389987332969e8
2.7179319947457933e8, 3.2380534244068223e8
1.2345935878059979e8, 2.6227290276876658e8
5.1698966071010965e8, 6.851605732486072e8
1.2893031709517857e8, 2.7733858150662655e8
1.860415246605089e8, 2.514526636979733e8
1.3381654944790898e8, 2.1491363348057178e8
2.460573231799843e8, 3.148337416106568e8
1.6040435821324226e8, 2.0196850170295674e8
1.793678795095874e8, 2.3698826165769535e8
3.167262446541108e8, 4.319255760640278e8
1.8765213218880042e8, 4.941905174512214e8
2.3974420811229706e8, 2.962270322071739e8
1.6945630102475396e8, 2.4318644850694913e8
3.7984616715738165e8, 4.8486307749282503e8
2.895781103473653e8, 4.239275219035042e8
3.3388861994067085e8, 4.2610082049466556e8
1.6780972444933015e8, 2.934712155811357e8
1.5254185230802292e8, 2.2248515066556823e8
5.4907634827324e8, 7.298772416274877e8
1.401453309992532e8, 3.417960527410252e8
1.1032682985991439e8, 1.7220573375968894e8
2.3139152383243015e8, 3.2992804580955285e8
1.999857468004204e8, 2.8307054872837824e8
1.6384367192705062e8, 2.530865195503959e8
1.4965730295610335e8, 2.1870023334901363e8
1.9355686130546352e8, 3.2221197198821276e8
2.739753181947709e8, 3.5185676104774535e8
1.6743416124487358e8, 2.0876340584521264e8
1.9794012953569123e8, 2.4701083469079915e8
1.4582875623390996e8, 2.2014957602999964e8
1.5678347337791407e8, 3.035872041394304e8
1.071496832777472e8, 2.220128465454222e8
1.0316743722208865e8, 2.1300987648519742e8
2.839584779000496e8, 4.342410910577279e8
2.1732846042717427e8, 3.058154316579006e8
1.545846754225465e8, 2.7256596082252765e8
2.048798945564654e8, 2.6309738888279706e8
1.945076847558282e8, 2.4369271635950443e8
1.626560949438352e8, 2.859278691263317e8
1.514059901926483e8, 2.4669181707260895e8
1.5523032655719525e8, 2.1741246148623997e8
1.603866839350767e8, 5.0951620086185896e8
1.4268833349380168e8, 2.3715845216953453e8
2.0402316697848615e8, 2.6196138800917462e8
2.389619931077217e8, 3.3027588393345416e8
2.764846089968541e8, 3.38783888893865e8
1.7750030656285873e8, 2.6740574432631692e8
3.203361020804209e8, 4.587978264054137e8
1.7489565837158793e8, 2.5615413278094262e8
1.3465148761611602e8, 1.9856920094709587e8
1.2407866783883683e8, 2.4585141719100797e8
1.2727682316203783e8, 2.6749886614054334e8
1.7600070476617873e8, 2.8553086805828404e8
1.0489071691501048e8, 1.692146691968016e8
3.8358638588761634e8, 7.273500455342865e8
6.723384022946428e8, 9.388708819825859e8
1.3547459080567408e8, 4.6660164902703136e8
2.6602805490770638e8, 3.382680001249776e8
2.1102377194313526e8, 3.8053590250643814e8
2.86531092458446e8, 3.607678682155632e8
5.2478261316946787e8, 6.3018527113629e8
3.281771341348007e8, 4.410527442256461e8
3.283075695597938e8, 4.2228321837163216e8
1.1779127316211687e8, 1.9770519656392282e8
1.1610383869723265e8, 1.9850608799242893e8
1.756023108800606e8, 2.6286696123143992e8
5.2591232024541456e8, 6.295073639647355e8
1.3852975275147164e8, 2.2220223373946917e8
2.7551608267081684e8, 4.128290148645477e8
5.0989443316749674e8, 7.285384789300159e8
2.1204106408785203e8, 2.969297367410911e8
2.4264099796088764e8, 3.0983570155614626e8
1.3061356175219852e8, 2.30150943312519e8
2.3011308435062304e8, 3.260499026392944e8
2.0600498776995122e8, 3.4691485223885685e8
4.6225364339824367e8, 5.808151230603826e8
1.3735751853177834e8, 2.182996003663736e8
1.4159366217596483e8, 2.490321064822952e8
1.2792459377891263e8, 2.7186936791390234e8
1.5360323979160985e8, 2.4243599962441146e8
2.7560758597752416e8, 3.66942264576728e8
6.229938493672785e8, 7.464930134006407e8
2.2117121178477553e8, 3.0603995892769957e8
1.7686883573826647e8, 2.731623950400254e8
2.1617669859032884e8, 2.7055966661813456e8
1.397651369340935e8, 2.7744402000706714e8
2.9864818181517106e8, 3.7601769345427656e8
2.3892093523695916e8, 2.981275104468126e8
3.3966687050533e8, 4.2640159094562405e8
1.759370220547679e8, 2.5062000304107553e8
2.3252382396503204e8, 3.1153533842582273e8
5.061229639809918e8, 5.968333681163126e8
1.5202509825212365e8, 1.9869162548302606e8
4.460284996010424e8, 5.037745623866251e8
7.417099915284231e8, 8.095523584694889e8
1.7400703973928836e8, 2.228854719511544e8
2.2777221470811903e8, 3.7654466014713186e8
1.616706248810882e8, 2.4681276504097518e8
1.3508982537571776e8, 2.501263555704895e8
1.7503889022338292e8, 2.521505669919418e8
1.7473243293529665e8, 2.5721067511045122e8
2.1058914308587527e8, 3.8209264179922616e8
1.3224520516169937e8, 2.7319632691996586e8
2.828496572262051e8, 3.637734406003507e8
1.4220007432503742e8, 1.9670087913602182e8
1.7650581708850828e8, 2.1654049822855338e8
1.647596420381299e8, 2.9046829792213565e8
1.2491312637292166e8, 3.148640176988713e8
1.358467977201099e8, 2.6544171627648136e8
1.455807564665439e8, 2.1425873537452844e8
1.5466444731277397e8, 2.2804075803465363e8
2.0468877191308293e8, 2.812543915792617e8
1.1135649438877885e8, 3.164467683569383e8
2.0558765916627723e8, 3.4663888574454826e8
1.1010359805808416e8, 2.4163351609003553e8
2.851336399841843e8, 4.4650499091547465e8
1.265792033767701e8, 2.2547196026963174e8
2.070507758279938e8, 3.7571713488624203e8
1.7412539367536017e8, 2.390634233821827e8
1.469716352767053e8, 4.850726920595442e8
1.5657785877139115e8, 2.254684768879972e8
1.2973595094438866e8, 2.253566436985495e8
2.781097664627044e8, 3.9981621885476416e8
2.2352179921322545e8, 3.756822864991217e8
2.947788821633788e8, 3.551456604006516e8
2.207926670667697e8, 4.112101010269177e8
1.721811448733246e8, 3.5827305671251726e8
1.2724283869954206e8, 2.2295682876523986e8
4.594328459117852e8, 6.425707543541245e8
1.0164800589382087e8, 2.2425384849099934e8
3.59988806279594e8, 5.201108534990405e8
1.1266502387165055e8, 1.975250640215082e8
1.2938833017840499e8, 2.0922575072246972e8
3.7031614688373494e8, 4.5209732973067945e8
2.735862022136984e8, 5.446592701069771e8
2.4248231058612537e8, 5.913127769305438e8
1.5367985147434214e8, 3.5611056747124904e8
1.188223298051566e8, 2.0418475234833142e8
1.5496840814996663e8, 2.2884640557313842e8
2.1715953202417597e8, 3.4248561258196414e8
1.9375226763038123e8, 4.774490379874497e8
2.6352059404519376e8, 3.1469425215237474e8
1.5193835272871327e8, 2.5467543845809647e8
3.311843092754903e8, 7.516240885260684e8
1.4627546309438556e8, 2.1967560385114235e8
2.6254985469038302e8, 3.5985080326678103e8
1.7029233670015028e8, 2.6431774013731518e8
1.4850012423966146e8, 2.970521559756687e8
1.742763740615533e8, 3.2187750424711126e8
1.0896836661906159e8, 1.783455393827066e8
1.2918379297303121e8, 1.8802693196961513e8
1.3819759595387107e8, 2.064537204242112e8
3.487178900965829e8, 4.7687745539188516e8
2.857088832547626e8, 3.9713128255636936e8
1.6212241591645208e8, 2.3002701736751312e8
1.3268962150972964e8, 2.1709372485106486e8
2.812044675143574e8, 4.6158010336299443e8
1.3379397422370681e8, 2.4439122263026682e8
1.7767492019260496e8, 2.4921794673284632e8
1.694745089217783e8, 2.4622365937955853e8
1.20761005869066e8, 2.3767956143612972e8
1.4213012788210088e8, 2.5395491246154007e8
1.2539483454347391e8, 1.8763214045915276e8
1.5916768048253122e8, 2.1764774952000058e8
4.2658399672297806e8, 4.864978816357047e8
1.2621024387964715e8, 1.7461566217130044e8
2.1014217957115054e8, 2.91752368925631e8
1.845548191484507e8, 4.792138063320958e8
3.6260186587962896e8, 4.6294640145183283e8
1.6204785649384448e8, 2.5770748522555578e8
1.2826393473483941e8, 2.6771446073195463e8
1.2877223308696929e8, 1.9259454555104846e8
4.2205750206948763e8, 6.107382911450591e8
2.2841750864789873e8, 2.7384459051475614e8
4.57891267669544e8, 6.348563462484268e8
4.0816071605863667e8, 4.9503663652619195e8
1.549757114712113e8, 2.5660432734796962e8
3.1158685405078447e8, 4.037866668406392e8
3.657556376391029e8, 4.7410301878056395e8
1.2533330650494882e8, 2.7892213281766903e8
1.1678198091296181e8, 1.9976408190930864e8
1.2265594141961974e8, 1.8588104273919418e8
1.4986928647215068e8, 2.855018630548432e8
2.382229113631898e8, 2.9791987697600824e8
4.029904481795068e8, 6.507322532419167e8
1.5788256359177175e8, 2.4238215119682443e8
1.5473974231145415e8, 2.201133717833604e8
1.2599014376305826e8, 1.8747103117901433e8
1.718563433866952e8, 3.196394650344057e8
1.161155313548569e8, 3.586941079017396e8
3.3551999866874903e8, 4.081889953841119e8
1.683034324418565e8, 2.750555629457484e8
3.097153382739333e8, 4.835264497775115e8
1.6175346161344808e8, 2.1992633237339115e8
1.8030757760594082e8, 3.0360238616115457e8
1.2342876054331604e8, 2.5362050211106223e8
1.5318482639960507e8, 2.296068241184485e8
1.2979303434597275e8, 2.081575300617794e8
1.500280872025477e8, 1.9536777227162558e8
1.111745505814425e8, 2.894494577575845e8
1.405523351627862e8, 2.1490539006256273e8
1.4911585253978902e8, 2.0726316293845797e8
1.8128754018833396e8, 3.5525164161639816e8
1.464372070934699e8, 2.1351033993763474e8
1.9024718821504244e8, 3.1849670426826847e8
1.849201653240499e8, 2.5652914857448584e8
1.3709204508900294e8, 2.471400454186367e8
2.0217539400718945e8, 3.218954134738457e8
4.3534037247795206e8, 4.753154216674594e8
3.858950339796805e8, 4.4366610152434546e8
1.6287148161064342e8, 4.043018384405851e8
2.404323017011934e8, 3.107959908051613e8
3.0418648659662724e8, 5.236197605279651e8
3.570671771974165e8, 4.3261092836529875e8
2.2926917895978546e8, 2.843208982295661e8
4.006018973666019e8, 6.931801008917081e8
1.4364527050105152e8, 2.4023209010336182e8
1.7796957164608827e8, 2.2926233023620728e8
2.2100451078552452e8, 2.948785562960546e8
1.2342969676014474e8, 2.298932182719e8
1.1593759460552543e8, 2.0285332400161675e8
4.156376828856696e8, 4.769223232121809e8
2.1745525904239938e8, 5.119854556450599e8
1.4350073513673523e8, 2.3566732058398604e8
3.187859741672229e8, 3.683465776987608e8
1.6792821905778414e8, 2.663561665762012e8
1.2250103438725306e8, 2.4797055346380052e8
1.2509568970138586e8, 4.507670650982e8
1.237173895103025e8, 1.8931232016865546e8
1.2010945269856045e8, 1.989473198991153e8
4.030713275271466e8, 6.28549021943901e8
1.3544408097779307e8, 2.458812800138032e8
2.597190018228655e8, 3.124424827523821e8
1.6062530425980625e8, 3.011910534822603e8
1.863790228503738e8, 3.765058639419198e8
1.450670664280524e8, 2.1294195725803965e8
1.2745197986905871e8, 2.3968082010411704e8
1.4446214366278288e8, 2.3166857888387632e8
4.9744799116516674e8, 5.90038364305119e8
1.0060159652628447e8, 4.021068966092399e8
1.5342006289114466e8, 2.1130796939326805e8
1.7092676068316635e8, 2.854480355497e8
1.515314824238899e8, 2.088109996196926e8
2.877702381645825e8, 3.6287898757123464e8
1.6507483095738006e8, 2.5009644454053572e8
1.1086981054639755e8, 2.0030043475058183e8
1.1260075471569604e8, 2.7026574860601485e8
4.393285446037678e8, 5.351912638150298e8
2.1123420887199613e8, 4.387406881805832e8
2.4976687464115217e8, 3.334413986120258e8
5.968827136947519e8, 7.059977720585325e8
3.035387343252197e8, 3.5207073450582963e8
1.9144906571627712e8, 2.6226991790192038e8
2.1712645771669355e8, 2.892490777002034e8
2.40208345667118e8, 3.6331070109568846e8
3.129979228354522e8, 4.4645806195781356e8
2.031543878287894e8, 3.551719106623331e8
1.5640094419881684e8, 2.9849876615919363e8
1.3292075376440708e8, 1.9923181885509357e8
3.111582388577181e8, 4.1709619763417655e8
1.1560335542687288e8, 1.9881001335217953e8
1.5325805826663488e8, 1.8726663183419624e8
1.3112578781340717e8, 2.4665533642627615e8
1.4604484083641633e8, 2.5240723710864905e8
1.4142425928243244e8, 2.3844379150004792e8
1.2863216729903477e8, 2.0054692918328947e8
1.1777787806559588e8, 1.701747217079345e8
1.3304218106308042e8, 2.1823488114805108e8
1.38709501108037e8, 2.1630403455810097e8
1.163867637789942e8, 1.7548098937003094e8
6.089947559879904e8, 9.447035777538218e8
1.9321465713790616e8, 2.702381282888364e8
1.7735555004406294e8, 3.903082693547437e8
1.6013652448095265e8, 2.2605357799576554e8
1.6194754042222646e8, 3.108275432854972e8
1.2319695401295939e8, 2.4472093257456005e8
3.0042662371575326e8, 5.834750530535094e8
1.3305771364447737e8, 1.9348094151071134e8
1.8267025416948897e8, 2.4780466155889937e8
1.278983597999632e8, 1.975924640152844e8
1.1493947920369083e8, 1.9552407979527366e8
1.0125426628219047e8, 1.8503207560859966e8
1.537482154705836e8, 2.4309081068120402e8
1.5651437223584786e8, 2.542238833961221e8
1.8948285575917023e8, 3.3206831539332384e8
2.569499090382053e8, 2.9850855468549186e8
2.0589188415256706e8, 2.803309517390052e8
7.10208709725807e8, 8.920729585899332e8
1.9402868442174545e8, 3.7751379356258917e8
1.8503205962340313e8, 3.672702596462578e8
1.3344634152762333e8, 2.0074820291707888e8
1.1278426972660933e8, 2.1938687626268542e8
1.3211850212826422e8, 1.789366816283706e8
1.2696443078515959e8, 1.977483446763716e8
1.7629852892282847e8, 3.2565106608752114e8
1.4106749623891404e8, 2.039594583640198e8
1.1850953313275404e8, 1.8776365144680834e8
1.3186126983477974e8, 2.2902114657720315e8
1.4813647596196336e8, 2.1122615999931908e8
1.377641009540996e8, 2.7751553771472836e8
1.3535225105880725e8, 2.05451593556961e8
4.8163718095163804e8, 5.729886812248465e8
1.4460803748774073e8, 1.9889731514638388e8
2.762784979049661e8, 3.940038984429717e8
1.697077242542054e8, 2.661668922323453e8
2.1891299907976064e8, 4.6587131196083623e8
2.686131153869959e8, 3.6751558034622824e8
1.2677027819188458e8, 2.4761903161312085e8
2.1388934107573703e8, 3.233188370221452e8
1.6679216821239835e8, 3.306136430758634e8
3.829765427657777e8, 5.2834660671187496e8
2.0035143898859492e8, 3.7549437163283557e8
2.014599670980449e8, 4.7224107728850484e8
2.614199497052093e8, 2.9482569718408686e8
1.2437549293086195e8, 2.204986442450642e8
1.9464913739391345e8, 3.7995211951265633e8
1.2578713009818198e8, 1.839938778647055e8
2.2795657197588336e8, 3.665329356770054e8
2.4579986636035612e8, 5.615644697209083e8
1.3229613922362587e8, 3.9751890382335114e8
1.2064209390620774e8, 2.1404422779924107e8
3.0897911066582584e8, 4.410509097040724e8
1.2560867284308216e8, 2.3456047925947013e8
1.8831676597300124e8, 4.2028428266332793e8
2.3488534155452576e8, 3.2924965568103683e8
1.617471669084319e8, 2.5241020819948873e8
2.155425634105638e8, 3.344929273946691e8
4.213246711791004e8, 5.907230298923768e8
1.0214606931119268e8, 1.644728141212079e8
1.0819574213886955e8, 2.5661046900579622e8
2.0325987489721835e8, 2.806980939498649e8
1.6141646776474342e8, 2.2736707732611245e8
1.2006246487185465e8, 2.745981347600136e8
2.309256109513988e8, 3.5252143955097497e8
1.808335068562266e8, 2.4169663386332685e8
1.617385742292118e8, 2.4720132225119182e8
1.4906922124439406e8, 2.4254233566012397e8
3.727280265482762e8, 5.788980202029462e8
1.1083909456358515e8, 3.160432615059905e8
1.615812110729914e8, 2.5832925806195262e8
3.2383576568232316e8, 4.115146288339718e8
1.2510140988634491e8, 2.1351926258936864e8
2.6018802556273785e8, 3.491258912798326e8
1.8110126868542567e8, 3.20062782227628e8
1.3199123317581351e8, 2.526589185963037e8
1.628306444174123e8, 2.8377416564203465e8
1.422945425637299e8, 4.897256585871909e8
1.572161483935779e8, 2.1364324182260352e8
1.5669494750053346e8, 3.8172713441846734e8
1.6324791474994412e8, 2.5860932928910297e8
6.550990234039408e8, 8.129533928489636e8
3.421693739722055e8, 4.814145774188841e8
1.6854764303282937e8, 3.1526078355634975e8
1.4789871170801172e8, 2.093644162053793e8
1.2854637485968314e8, 2.060992293706386e8
1.9236766392560244e8, 7.65245795807836e8
1.3937797821456453e8, 2.608920401795326e8
1.4615594486945513e8, 2.6615085782710776e8
1.8291553905890113e8, 2.909850006455157e8
3.5734746896243894e8, 4.856330512822713e8
2.1903408130819455e8, 4.2893670743451726e8
1.600936458615472e8, 2.227452286908697e8
1.675091185856459e8, 2.524583741042581e8
1.4311153045491064e8, 2.1565955552848065e8
1.7342133058911398e8, 3.172824772580671e8
1.988816945806708e8, 3.2073869486248034e8
1.9805580881138942e8, 2.6159478068186393e8
1.401616888635879e8, 2.0064463660012412e8
2.5807075267147994e8, 3.752630125929106e8
1.3198243727161495e8, 2.111763437498624e8
1.9773690949825352e8, 3.8078802684738415e8
1.6751147051651362e8, 2.389188282305606e8
1.4371827331472683e8, 2.006995499481638e8
2.1142779849996886e8, 3.6408706928523844e8
1.558633980537544e8, 2.756012273694937e8
2.7863252275296897e8, 3.9006548803408414e8
1.49229594118806e8, 2.2089260090957946e8
1.3372629068628165e8, 2.1564881227569377e8
1.7530585486174494e8, 2.72992685890762e8
1.369604397440948e8, 2.3161171030363047e8
8.057970665991399e8, 9.334385394577597e8
1.98338453646951e8, 3.331400024444783e8
1.6574365142744234e8, 2.849034286795125e8
1.8062400397233543e8, 3.736150290218832e8
2.948140511002139e8, 3.997957963403932e8
1.3082408232792947e8, 1.964016230479668e8
1.9061807356388935e8, 3.116738723225179e8
5.1492815348334295e8, 5.839843994028399e8
1.2876495111944604e8, 2.1984169493966436e8
2.4096446939484444e8, 3.3470541237636966e8
2.0354867536344174e8, 5.931156491202909e8
1.5016517497199273e8, 2.3456600840265092e8
1.6126832634639752e8, 2.3110507241372788e8
5.232624112392267e8, 5.957690994056997e8
1.4895979177377066e8, 5.849655074936594e8
2.9968245282611597e8, 3.89529831682818e8
1.6397344432825002e8, 2.116296014297145e8
4.4943308151829475e8, 4.91498444861253e8
6.967878959718335e8, 7.690416588243171e8
3.430353741675546e8, 6.893768856016326e8
2.8031812768412703e8, 3.58439463359225e8
2.7429319594067186e8, 3.303879914296214e8
2.2114549863424456e8, 2.9203431602815557e8
1.214566457804272e8, 1.7300358533205402e8
1.4685127571558943e8, 2.2933450626437235e8
3.915687477896162e8, 5.1984373384622985e8
3.219118369410357e8, 5.539265705546386e8
1.538795842139685e8, 2.2813580569834444e8
2.766498462012012e8, 4.378113130522282e8
1.679143859214615e8, 5.850601545835502e8
1.398440858111963e8, 2.015056214115156e8
1.6220391819035134e8, 2.3751813747403675e8
2.257052138318379e8, 3.6597608731663e8
1.5542479690736145e8, 3.1636338327308077e8
1.8226143219531387e8, 4.0226398124736667e8
1.647166177191719e8, 2.3405486504786336e8
1.7909896562474507e8, 4.519613806402958e8
2.151402254229282e8, 3.18791695149239e8
1.108222157786941e8, 1.795055380071024e8
1.084278298202436e8, 2.3452972169591156e8
1.904688898747889e8, 3.900610081722452e8
1.511316022840682e8, 2.363623045714884e8
1.2847100723741578e8, 2.0552495426500472e8
1.0518190335202497e8, 1.788875076481515e8
1.2696255370248923e8, 6.687708251352915e8
4.916404401445444e8, 5.433163231103686e8
3.623802977769512e8, 4.506325584375117e8
1.539903338502573e8, 2.3384743657387272e8
2.2496622564516005e8, 3.162425319269067e8
1.398036849755741e8, 2.3985272961912712e8
2.4489109151679966e8, 4.422622232250311e8
2.5526804764969945e8, 3.111134583981664e8
1.7311999396053448e8, 2.2532448224904343e8
2.168026225067995e8, 4.9006249698299545e8
5.2782812720948064e8, 6.712202693234855e8
2.385016999202855e8, 3.186591178314094e8
1.8686369524036968e8, 2.7136913964681065e8
1.3618265756750336e8, 1.9987715794562274e8
1.1722930094817021e8, 4.281384438871466e8
1.6135013412710822e8, 3.018753068590135e8
4.615851699682357e8, 5.500271667370962e8
1.7525715624737096e8, 2.804263899010754e8
1.9554047040400377e8, 3.724865496883448e8
4.27753683400563e8, 5.677884106451232e8
4.236270380789421e8, 4.9036530681200683e8
1.2318021643857262e8, 2.222111407138115e8
1.5643126076058576e8, 2.8632882411729604e8
1.7375834646606076e8, 2.6753836539017704e8
1.5260436298513123e8, 2.716270607808913e8
1.7296873437464613e8, 4.1858958096629417e8
3.3298816324372053e8, 4.4384801082348377e8
5.171235728878105e8, 6.224435040677713e8
1.2891129806524254e8, 2.2538630717309946e8
2.115998770127291e8, 2.585326066484641e8
4.853581626094571e8, 5.615188477935802e8
1.9079358359579837e8, 3.094717281798001e8
1.2819391870235214e8, 2.2003373704623508e8
1.6197794872008064e8, 2.4247504630456322e8
1.232816848440731e8, 1.981362145428808e8
1.441371922674675e8, 2.665007136645688e8
1.6249390164841464e8, 3.005604891210859e8
1.460855688302443e8, 2.5493192508481246e8
1.55287838533802e8, 2.5296592973201084e8
1.9821173971869683e8, 4.027187889500541e8
3.5661978999064744e8, 4.962982301033514e8
2.661158101482064e8, 3.2400335498752415e8
1.3515355202315167e8, 1.9966060836124963e8
2.794825505863773e8, 3.5583240477233416e8
1.6126909907663393e8, 2.2353613057474816e8
1.2573237624728471e8, 3.070384918341017e8
1.5815171814252543e8, 2.1293418372938552e8
1.8950736737798333e8, 4.807611703702096e8
3.465068176460947e8, 5.006629385188329e8
2.1547671062708098e8, 2.8453826877828866e8
1.9879082187030888e8, 3.107952878769599e8
3.2225125284530693e8, 4.0032625028221613e8
1.5754541873542947e8, 2.0866635881469372e8
1.7978079133932632e8, 3.062364123351551e8
1.4981692562385783e8, 3.4397077708378285e8
1.2071777014686908e8, 1.7687415737157634e8
2.5821326157799593e8, 6.288575475759304e8
1.8837064426183078e8, 2.424167282147924e8
1.3762003554498422e8, 2.0542350482561505e8
3.336686422127185e8, 4.0209954631531376e8
1.2788350517450833e8, 1.9621992513526416e8
1.4062279494436556e8, 2.2043966240223274e8
1.7623712815498078e8, 2.7404467600446594e8
1.5537071114041188e8, 2.424630496680008e8
1.498381611122857e8, 2.172595054435926e8
3.768262655569442e8, 4.428238729907703e8
1.5613310581458306e8, 3.670180004086278e8
1.3204884636423114e8, 1.8829014504774192e8
1.4367476249391642e8, 3.232651574446273e8
1.1626506800438862e8, 1.7936340218536842e8
1.3601984903093073e8, 2.0413202796968257e8
5.0413417670766354e8, 5.694231739382935e8
1.2324895302814046e8, 2.49011447907275e8
1.697505944690481e8, 3.7842318717125314e8
1.3230494096552901e8, 2.2126832199459618e8
2.0010510953716856e8, 2.728027929526868e8
1.56780410664549e8, 2.2235323299884805e8
1.7903883177802068e8, 2.5962100391818509e8
1.640213354316672e8, 3.8546900808461434e8
1.3832808096799654e8, 2.156563006591614e8
1.3259530912327886e8, 1.8973083544414127e8
1.4863956470550653e8, 3.000114022192416e8
1.2787682846489598e8, 1.9949868291519758e8
1.3551015604041955e8, 1.786120135223891e8
1.2611191575259079e8, 3.2634713870271283e8
1.4123478824296293e8, 2.0250165926209474e8
1.6866387752082902e8, 2.319243974521816e8
1.520087730310547e8, 3.3863626463215834e8
2.7749043394982576e8, 3.4357571470790815e8
1.2891656398553984e8, 2.021949875762995e8
1.742442758190882e8, 2.1406899275084832e8
1.9776945411010608e8, 2.792674367062229e8
2.0531424835120967e8, 2.915294048372641e8
1.427559085582698e8, 4.027207097531942e8
6.817423497115029e8, 7.848615339957647e8
2.221935559399234e8, 3.1652971368113565e8
2.2895235617003733e8, 2.974891946502091e8
1.3737703017564484e8, 2.2542763101679835e8
1.2342706668822025e8, 1.8676440723444197e8
2.7688335085981447e8, 4.424743278255523e8
2.2609793577479097e8, 4.7149223069153327e8
2.0811753196791938e8, 2.4607884180690643e8
6.333933785713391e8, 8.248638250401651e8
2.7163042361684483e8, 5.874798643527828e8
5.2248655556243235e8, 6.277505340768417e8
2.148611559175791e8, 2.92422275775875e8
1.7540735895747063e8, 2.2873785428396887e8
1.4967316152631232e8, 4.8204459152199686e8
3.554824474249915e8, 4.0325075429658216e8
1.696896208788548e8, 2.8370544018252987e8
2.2795471427735564e8, 2.9030065953192127e8
2.180890348477669e8, 3.1437241921394795e8
1.3410246317242916e8, 1.911335600046624e8
1.528429888205678e8, 2.4788793109885663e8
1.604313629548005e8, 2.5355175762913013e8
1.4122664367473233e8, 3.894522371298046e8
3.411557628807868e8, 4.8150379891209483e8
2.322264933301701e8, 3.0939130887556577e8
1.0950888761828828e8, 1.7416439305203655e8
3.27290451822082e8, 4.372822021130824e8
2.4671339463030678e8, 4.34489391152892e8
1.2514082639004621e8, 2.1385383347045362e8
2.1557808074607342e8, 2.928728785263556e8
1.7299872950684258e8, 2.995975035683796e8
1.2821442842438783e8, 1.9779673675162047e8
1.4238960682649413e8, 2.2906632518203276e8
3.088709024445583e8, 3.8545776450409204e8
1.342252082995405e8, 1.9500386244564465e8
1.306315728137863e8, 2.074435916578337e8
2.1138677520047018e8, 2.7157584759375656e8
2.346281770054145e8, 3.0874239175362253e8
1.496657414415311e8, 5.0413281454420906e8
1.700354061671811e8, 2.3066209388788715e8
1.2676260833195399e8, 2.177312508514284e8
9.951921432430021e7, 2.3404025998363453e8
2.1363008813693944e8, 3.969604271899518e8
2.2683629033161402e8, 3.956471666851778e8
2.5011106613469523e8, 4.043418877636119e8
1.699017555820566e8, 2.2095839773406467e8
1.3350067813963664e8, 3.038497888548152e8
1.1731339839137779e8, 1.8494986618612832e8
1.474607687541832e8, 4.650415184840468e8
1.906569961961897e8, 2.6960128061895734e8
2.127529263851393e8, 2.698405259191871e8
2.7303792444993323e8, 3.792405699820411e8
1.425889675491424e8, 2.0961549168717146e8
1.801496243961231e8, 3.0603937452297163e8
1.596664637563029e8, 2.0157093460646954e8
1.2698587209029052e8, 3.04724384399995e8
1.5156172230227637e8, 2.624915904934672e8
1.6498197973697358e8, 2.3811075374744335e8
1.3258752597615673e8, 2.3379721694336784e8
1.2797189833681424e8, 2.1281775341324535e8
1.583859966236809e8, 3.7328668566416174e8
2.0559172331890476e8, 2.6104717142921606e8
6.353144982474067e8, 8.584386637145019e8
1.7941110003949016e8, 2.6190632040889543e8
1.8821052833326516e8, 4.3980460610118294e8
1.188447250746852e8, 4.0713955281391925e8
2.628755958004343e8, 3.5758042301719964e8
2.2752556609124747e8, 2.9236402844174635e8
1.93937354641907e8, 3.2031573836302894e8
2.189070460711086e8, 3.35596236829927e8
1.6415360095327684e8, 2.5462433733312133e8
1.488552463575708e8, 1.951149063667395e8
1.2349785144724897e8, 1.972016525907612e8
1.3256378124273022e8, 2.108380939426669e8
1.4648176244660765e8, 2.980209865873394e8
1.4943269971117255e8, 2.6649099355073032e8
1.513620287917084e8, 2.182134471224027e8
1.4590771205101714e8, 1.8409920338441837e8
1.7495964706692782e8, 2.853903755326926e8
2.434040299853551e8, 2.84632332471865e8
1.5260671553284904e8, 2.3069153199666727e8
2.0223382771131545e8, 2.73696069111336e8
1.6157510774860212e8, 2.6007651628094262e8
1.7748969271076155e8, 2.3299918326801035e8
1.6349719391773185e8, 2.9327052573821735e8
1.7709470591274494e8, 2.52698717875845e8
3.4766344493207437e8, 6.513747977769344e8
1.7370541680954495e8, 2.4838540273881397e8
1.580050161829257e8, 2.1700384170080265e8
2.0911986228982103e8, 2.776652305376953e8
1.753207942836236e8, 2.743203553854559e8
2.4321093221952292e8, 4.023984167775063e8
3.513098264922606e8, 4.049606570706708e8
2.7725066051025146e8, 4.02846495536243e8
2.1016957403421012e8, 3.569402192667546e8
1.3368645205726685e8, 2.6085199594788882e8
1.851048240535338e8, 2.818201758742112e8
1.1890799682982484e8, 1.6489407223660147e8
1.65769360407547e8, 2.3023397329477412e8
1.3174253662633039e8, 1.9540635653635183e8
1.378744762417968e8, 2.1095529681479132e8
1.3724228715483776e8, 2.3448535642693967e8
1.0993936652129081e8, 1.6774561565752813e8
4.897453102061711e8, 5.953009212019289e8
1.8638466337976527e8, 3.2067292208707994e8
1.3209878120798159e8, 1.9741886721095747e8
1.2268518857519053e8, 2.0693768845992935e8
1.273826914113485e8, 5.2215085712833446e8
1.7641894237140155e8, 2.866553838634239e8
2.6229155194101876e8, 3.108564380830094e8
1.4371122995231685e8, 2.803404749319158e8
2.2399051660686147e8, 2.9855073714776707e8
5.47948922523449e8, 6.297320803847648e8
1.2425304194085978e8, 2.194617777182052e8
1.5670012849332774e8, 2.1236368618336633e8
1.9558729859515706e8, 2.74370547802508e8
1.6265746809306848e8, 3.5788934904016626e8
1.989867602764236e8, 2.5796629567703333e8
1.5076859210657725e8, 1.9324979428040713e8
1.4349489218554252e8, 1.991534147359234e8
2.847889592501738e8, 4.381374826886493e8
1.2770281292952904e8, 2.7286026239702785e8
1.6700201672681475e8, 2.705633170244908e8
1.972416021593782e8, 2.722113182694349e8
3.3867328320592684e8, 4.183085257234787e8
2.1244667042727622e8, 2.944382002151344e8
1.4197094780171412e8, 2.0210876986876377e8
4.3171854414969254e8, 7.607612458599876e8
6.356741587227056e8, 7.445602841388829e8
1.550860967628188e8, 1.9800007729179776e8
1.4951535769629955e8, 3.8379278880840063e8
1.4244314649008328e8, 2.2272276370818195e8
2.665813841371221e8, 4.5067673269210523e8
3.4956318663758826e8, 7.220159893126048e8
1.4935622923793012e8, 2.8091407528757983e8
1.0799376554195018e8, 1.5635558093882978e8
5.081973091037873e8, 6.588969586545995e8
1.460397897866892e8, 2.003718080872674e8
1.3805099469768655e8, 2.820686323722654e8
7.716352785340513e8, 8.641122841050489e8
2.2917776880895793e8, 3.266156064031623e8
1.8181657716385517e8, 2.6831994494740865e8
1.767023892382114e8, 2.340150875836163e8
8.369183467661474e8, 9.516534162495385e8
2.354712624179364e8, 3.237591801882425e8
1.4453336908541042e8, 2.1243226029966724e8
2.0544266787864187e8, 4.76154751430078e8
1.7238684306128085e8, 2.6016941697384515e8
1.4627202125240418e8, 4.213394336158609e8
2.0051480365643737e8, 2.845089727552959e8
1.2836145629748096e8, 2.1661220030297303e8
1.2691805872069642e8, 2.6470249756568018e8
1.6318431509472764e8, 3.162166535310287e8
1.3019629356041661e8, 2.040057682193321e8
1.583072250326608e8, 2.4311547878660995e8
1.709834845533587e8, 2.663884585341833e8
1.9357012185312185e8, 3.2330826604630804e8
2.123167976084402e8, 5.027623426287243e8
2.1109876060956457e8, 3.328205139331312e8
1.626992663132911e8, 2.2014596095079252e8
2.6559471655075467e8, 3.962831103295344e8
1.1607602861856389e8, 1.6941407238294667e8
1.2596742730272135e8, 2.117213187608528e8
1.7916793743683404e8, 3.209464948372961e8
1.5753077926226652e8, 2.1164257242308843e8
1.8064485344988757e8, 5.745469585411526e8
2.1000918018795025e8, 2.6625219539116088e8
1.8554154501403e8, 2.4570979634884366e8
2.095436192977851e8, 2.4758617898483872e8
1.4053447658498594e8, 4.2134149423185486e8
1.7361084162248683e8, 3.439929051366956e8
1.6682500362997428e8, 2.492102131529108e8
1.472806453007807e8, 2.6165605268714014e8
1.5336092627624565e8, 2.274570479626522e8
1.6504533762376395e8, 2.916115017292408e8
1.706575997465749e8, 2.501300276857556e8
2.795820158374048e8, 3.7329408279710907e8
4.51108720650474e8, 8.911385252867453e8
1.1883571576827529e8, 2.1964404324939886e8
1.9578851851222962e8, 2.957909286593835e8
2.738642050898989e8, 4.4548640193963104e8
2.016721556007786e8, 3.295565757205808e8
2.566038669865118e8, 3.8486480103708977e8
1.1900426707632944e8, 1.552349829268399e8
1.46269864292984e8, 3.6943580294921845e8
1.4796776761281782e8, 2.2797651528177246e8
1.736137527681535e8, 2.5540720153877428e8
1.1104296295802198e8, 2.1060975760575792e8
1.8738200517941707e8, 5.582006278623987e8
1.5678030587592304e8, 2.412836810319755e8
1.9304136023675966e8, 2.6118518303875056e8
1.6228647144667068e8, 2.1802612575370893e8
1.3354541790457624e8, 2.769251538718621e8
1.4730307251890686e8, 2.355087565066925e8
1.3809086138749138e8, 2.2620654788868013e8
4.011740683547433e8, 4.8380877626599807e8
1.460888913854374e8, 2.414307519972554e8
1.3623415740975615e8, 2.7342487469100964e8
1.853096080859439e8, 2.4104773654173568e8
2.0561008366750836e8, 3.2950177510402864e8
4.076486534525705e8, 4.4687296128852695e8
1.853914165219769e8, 2.376680797898119e8
1.1440755045426999e8, 1.997624952515218e8
1.1923616641377878e8, 2.0252288164568073e8
1.7463445298022506e8, 2.222955712366964e8
1.2934929706103653e8, 3.6467569527170485e8
1.9143870153999794e8, 3.1265612042860395e8
2.699174886935245e8, 3.298280601227948e8
3.156096584522294e8, 5.1787513860805553e8
3.4715135059742486e8, 4.772734731923571e8
3.2317134277716535e8, 3.729450276641742e8
2.308594743610925e8, 3.238001880526342e8
1.369971060568023e8, 1.886055527555931e8
3.733040748682904e8, 6.25845498756063e8
2.194813628733724e8, 2.863180574303658e8
4.263961855746386e8, 4.9645405036677253e8
1.4244458083108467e8, 3.2547505626952714e8
8.154409614786874e8, 1.0322326480716273e9
1.654350598056518e8, 1.9877195609413886e8
2.4208478827005917e8, 3.328615814389774e8
1.277482697124568e8, 2.405531581975501e8
1.3051157068992947e8, 2.7727325851114047e8
1.440765296393e8, 2.1429144175543055e8
1.6762299323888195e8, 3.0544132670441306e8
1.3020789792872207e8, 3.146052036520527e8
1.3549458826764965e8, 2.227612383014085e8
1.2571806933056678e8, 1.5637811484867895e8
1.7361141062123007e8, 2.380788678550512e8
1.7114784822292036e8, 2.5477642715459856e8
1.6781042611685574e8, 4.756838098892782e8
1.470836835117292e8, 1.910691660245481e8
4.263270364606154e8, 5.2664379017802304e8
1.5148894962866986e8, 2.103171481925484e8
1.3069197754532085e8, 2.0687465139168012e8
1.7028239371079597e8, 2.5308733535443664e8
2.1056162009052482e8, 2.9561426109096014e8
1.3821562944703707e8, 2.967032532976272e8
1.4442073561029196e8, 6.38249041076346e8
2.024953472614673e8, 2.970473879630285e8
5.766118783159387e8, 6.831524733741456e8
2.1537143446543136e8, 2.6436020965417385e8
1.2301509380300763e8, 3.2087479719097364e8
1.5026065852176794e8, 2.777204376148357e8
1.8861454416033867e8, 2.6043526176723635e8
1.4176094148044214e8, 2.4289936510284004e8
2.1079494609512955e8, 4.5742969092729115e8
1.2279063100966604e8, 1.8594413816348973e8
1.4299482315529376e8, 1.901269586478719e8
2.5241344708376786e8, 5.749358211717323e8
2.3368782824859604e8, 6.74023595957815e8
2.004125112932343e8, 3.263173415332495e8
1.1780237388497671e8, 1.7619042169978884e8
1.5156006897799003e8, 1.9847809157695067e8
2.0331268064768484e8, 3.302245833216039e8
2.1161347515319052e8, 2.6175856530930635e8
2.9244649676793134e8, 3.55111715447481e8
1.8663122606748495e8, 2.623768053988521e8
2.2292944304861182e8, 3.1865645960444784e8
2.1799335624245653e8, 3.68335567338975e8
1.3340889094433954e8, 1.930250065036942e8
1.4020159349631038e8, 2.880818474422601e8
1.5765753022949982e8, 6.069874820941894e8
1.1668603858749147e8, 1.525536004068915e8
3.027414814605449e8, 3.7129966958570814e8
3.5719853928387636e8, 5.936138387131675e8
1.4176903367924964e8, 2.0282040829894257e8
2.768980319035098e8, 3.465950420930246e8
4.1684975391663796e8, 7.402046471990336e8
1.812637183527198e8, 2.676874804430204e8
2.2202426661728182e8, 2.997137946151581e8
4.0893226583892727e8, 4.667788255679233e8
1.9291263967130497e8, 2.5397808534199044e8
1.3877442978373164e8, 2.0015448756136405e8
1.4419424518592784e8, 2.1502035036024162e8
1.3744626620645297e8, 3.5607019286349463e8
1.3499922661192954e8, 1.9138551248488462e8
1.4792171602653852e8, 2.553006358365944e8
2.666992494560752e8, 6.286513631405444e8
1.2296658667617081e8, 3.250394155999461e8
1.9079707944909555e8, 4.290952684640646e8
1.0655205671700592e8, 2.131120297708597e8
1.1458761483393534e8, 1.8676789561586368e8
2.1592148377329084e8, 3.450681399133689e8
1.0883339559509271e8, 1.840007005491275e8
1.691888007631646e8, 2.28653991111195e8
1.6649549792981875e8, 4.109603955574418e8
1.7053957771024624e8, 2.420599294123633e8
1.8532599532217327e8, 2.400221349498415e8
2.883453692512922e8, 5.812396097788607e8
2.0647841794988158e8, 2.903773698001711e8
1.4841203910853785e8, 2.2179890480295596e8
1.625605271791644e8, 2.1092317211239335e8
1.4208474760289055e8, 2.0585464666327778e8
3.0359200943450606e8, 3.688574141469901e8
1.6454463239075157e8, 3.486187144667197e8
1.4910159646996024e8, 2.286695595832852e8
2.6078240133140385e8, 3.0617281646968144e8
1.8559884547013885e8, 2.521419273645931e8
1.5049368567904213e8, 2.574976239318393e8
1.1931487329112574e8, 3.011373800112086e8
1.2473891139403567e8, 2.5952486460442436e8
1.547276477649312e8, 2.1719028352776062e8
1.2053194871880162e8, 1.708378464931544e8
1.5529760964895606e8, 2.260064314173901e8
1.1766459661150959e8, 1.784572284624829e8
2.5791060874384746e8, 3.7159317966017765e8
2.5968888424993315e8, 4.942003243538308e8
1.5479851088508043e8, 2.241533643737125e8
1.441733216574745e8, 3.5122208125201505e8
1.4553807094126868e8, 2.2254938099381453e8
1.5261388134242156e8, 1.9142479881423002e8
1.904561700039335e8, 2.751259527638016e8
2.5252824963382602e8, 3.3660293517788863e8
1.9589908450407064e8, 2.5314171987967616e8
1.7574603292781484e8, 2.3581827367501727e8
1.5768388342326987e8, 3.104913165183258e8
4.2696149471117413e8, 6.803633927787161e8
1.4156443513195482e8, 2.1892644967235324e8
1.485816968754375e8, 3.596229493212285e8
1.5801730951857975e8, 2.4989273651567218e8
2.070371773261196e8, 3.423387356620166e8
2.3563133685140583e8, 3.1430183864258057e8
1.6296432319005984e8, 2.1608234941776186e8
1.356398245112492e8, 2.2678698438924187e8
1.2407430610016343e8, 2.4727489436435378e8
1.545297076882475e8, 2.184288953905285e8
1.6260018808858362e8, 2.8639022543933004e8
1.6879017847371143e8, 3.0864319958119255e8
4.374745622788125e8, 8.887326752673652e8
1.68361332272117e8, 2.2344290551263118e8
1.3157198815728395e8, 2.84231742107351e8
1.0911729766885613e8, 2.717803834287917e8
1.4608173556291825e8, 2.952877496919457e8
1.3987236761452606e8, 2.072469893965502e8
1.4152607250144508e8, 2.0252608176333e8
2.421982907118755e8, 3.752596904550944e8
1.0092892639191958e8, 1.4018347845874506e8
1.569337280236685e8, 3.811213151185223e8
1.4902301286896804e8, 2.0593559550524065e8
1.3956289354923394e8, 1.8359844292441285e8
1.3098087009669374e8, 2.361712567962698e8
2.7642846398998564e8, 3.3450226778941166e8
1.394663397505969e8, 1.888895599804904e8
1.5223599890594256e8, 2.3612245791989926e8
1.3758841924746546e8, 4.953699927887666e8
1.689493886190923e8, 6.702495950077332e8
1.3402799590111165e8, 3.9718324058422905e8
2.230226723854808e8, 2.7739850841525716e8
1.5295935987306494e8, 2.0880679544823933e8
1.6921260718917802e8, 3.264778391408406e8
2.0238885362539715e8, 4.73161765929559e8
1.2110428319459935e8, 1.970511868968378e8
2.2124030179150018e8, 3.310449008889783e8
1.390891495900437e8, 2.231047775230707e8
1.2915284702334021e8, 2.160749989580966e8
1.2779268739761242e8, 2.74792648720071e8
1.384925381861997e8, 1.7835483271759272e8
3.0294662865081435e8, 4.1072156085407996e8
1.405164479080583e8, 3.103897614031527e8
3.2507467439073664e8, 4.859783420925813e8
1.5382016301739085e8, 2.2315773015771416e8
1.2048555701009706e8, 1.6162485156525338e8
1.322017060336889e8, 3.02291801348643e8
1.756840985913025e8, 2.4278144062946203e8
1.8961695386867058e8, 2.535468897718516e8
4.4653456340228206e8, 5.045753966492462e8
1.627743809136108e8, 2.8004548578853804e8
1.3218373611965702e8, 3.7853882457651436e8
1.6950715183924785e8, 2.6934737018554854e8
2.5142312123601907e8, 3.053476033638159e8
1.3114810952947377e8, 1.9044230415274814e8
1.811657209825206e8, 2.903282516823314e8
2.545357639256278e8, 3.145657272479974e8
1.2478629638232554e8, 3.866403721080822e8
1.352607991944686e8, 3.2054633203677803e8
3.690355449596588e8, 5.929614848604585e8
1.4549498150140756e8, 2.397798470521845e8
1.2312240826434912e8, 1.7676214034461078e8
1.538873169855975e8, 2.3246208583566615e8
2.1739225851326236e8, 3.957757513261003e8
1.222182802539044e8, 2.007032079826518e8
1.6927438797173283e8, 2.1615555864636105e8
1.7241650127011457e8, 2.6771860183166033e8
1.7910259757214248e8, 5.0646956640264434e8
2.1966442337716526e8, 5.2191383266779166e8
1.423731056342938e8, 2.3830344462665668e8
1.7745129710491008e8, 4.060961967874075e8
3.300879875217351e8, 4.3206508785786223e8
2.256486036990271e8, 3.728830709959333e8
1.8844558479355642e8, 3.8107351334649473e8
2.2637105086438617e8, 2.789311870542353e8
3.173095435598008e8, 4.2178571898391026e8
1.7947306719951877e8, 2.465982946000389e8
1.3308592035054998e8, 1.9020528335441518e8
1.796884741057601e8, 3.4446258315358907e8
1.2040800316443506e8, 2.0790253081655818e8
1.065369001498767e8, 2.699651934088418e8
1.485672288858129e8, 7.806258945952808e8
3.905368655723823e8, 5.505657596202041e8
1.4074415011460444e8, 2.08387742398381e8
1.6279177651963368e8, 2.5395452587938637e8
1.5091641902034733e8, 2.9634153019243973e8
1.9408983315110695e8, 3.1896571671009743e8
1.4954595867466947e8, 2.5415765455003098e8
1.5126694455545542e8, 2.3272242448755884e8
3.114054124150699e8, 4.1163080098522705e8
1.2240227248522836e8, 2.4019583263293368e8
1.3591994857935894e8, 2.2842833871552253e8
1.1558284803982933e8, 1.7769337300022936e8
1.4564065227413177e8, 2.0421575093274832e8
