1.5189512333998805e8, 1.9983529597015944e8
1.5971117218617564e8, 2.0580547351252452e8
1.406350225717599e8, 1.8363109472780403e8
1.7476109860071173e8, 4.198519554486595e8
1.6308142781969494e8, 2.33294951153296e8
1.0713691577549416e8, 1.62383350348617e8
5.971502459351503e8, 7.652103140621352e8
1.417867693768447e8, 2.4615348763448125e8
1.1210729583971708e8, 1.889120335162222e8
2.672538917252256e8, 3.5922235380638146e8
2.870705770340881e8, 4.668584662075552e8
1.966794591294116e8, 2.6887180813669217e8
1.5291631988042656e8, 2.96910938816995e8
1.386936233169852e8, 1.8568924104810348e8
1.317554226550729e8, 1.916024013999327e8
1.519993046801817e8, 4.5619996367813903e8
1.0902132422800398e8, 1.8463647363535246e8
1.106525916576961e8, 1.4685189049831223e8
1.3946955887921444e8, 2.1379997625225893e8
1.421716319012028e8, 4.298456998296904e8
1.6928498205699366e8, 2.4944739251118147e8
1.6137162025191855e8, 4.247633173677092e8
1.304463533164184e8, 1.7395260693748698e8
1.1209398537313773e8, 1.7323677858191898e8
2.994394283630477e8, 3.765943020607397e8
2.5337685631105125e8, 3.3989902381431395e8
1.7010268522283784e8, 2.2299964787398985e8
1.6864768687292698e8, 2.2867070370854217e8
2.494131699303611e8, 3.546572588447512e8
1.3603971539363948e8, 2.1458735309819153e8
1.150938380439741e8, 1.7728138378654733e8
1.2483156493609898e8, 3.9572682108386385e8
3.5248361392092437e8, 4.074150981895924e8
1.9184612881848446e8, 4.1656713762089676e8
1.6735234681395152e8, 2.5023005299394387e8
2.7281037233526874e8, 3.492518768963003e8
1.7530487406431535e8, 2.5905573110796463e8
2.659458366421279e8, 3.694221005929588e8
1.4151169584395012e8, 2.0994858992432156e8
1.448663552530952e8, 2.858913338461013e8
1.7576496105051604e8, 2.4249736054453838e8
1.7474148726911053e8, 2.2676856745786667e8
1.8347390365109873e8, 3.16371384024539e8
1.4213725762732485e8, 1.8773666164828998e8
2.6155673695442432e8, 3.2469540605673045e8
1.789045113742111e8, 2.861468284082671e8
1.5250152199329674e8, 2.3572665434683618e8
3.627522806289876e8, 4.600675728150915e8
1.295497012566902e8, 2.47503869884514e8
1.177626104537762e8, 1.7617238700403208e8
1.697848801209873e8, 2.382382191509074e8
1.1791484433407182e8, 2.3336257223841673e8
1.2575732837052964e8, 2.0982589290881056e8
3.264825470418531e8, 3.719117558503551e8
2.099373547291467e8, 3.019141306975665e8
1.8896383732658777e8, 2.416167454188873e8
6.26147733126649e8, 7.48478162320655e8
1.440314642623485e8, 2.0221777309548634e8
3.086876145281032e8, 3.954154397214717e8
1.2198641425748575e8, 4.9106710451440924e8
1.2142302366278423e8, 2.3400495036356312e8
1.7267228680698335e8, 2.7683746556261784e8
1.80223607306695e8, 3.173703357178692e8
1.7269929304972765e8, 2.256388299024038e8
4.429824509941234e8, 4.890634962079942e8
1.7311767061172795e8, 2.5950832743511856e8
1.150180869884901e8, 2.1014814554465705e8
4.1546098067666686e8, 7.09756440631566e8
1.972022994691361e8, 3.354607518962499e8
3.1350577248711705e8, 4.092141303779735e8
5.886368901057973e8, 6.98423276663201e8
8.692108554071115e7, 1.862422026806368e8
1.3106956294496241e8, 2.1352858692320663e8
1.6390149370281473e8, 2.6298901071230647e8
1.9984198197820508e8, 2.96490577324365e8
4.309631123883353e8, 7.167450680856873e8
1.0822433160537906e8, 1.6081327098206967e8
1.393243490491071e8, 4.5268749047107524e8
1.1475583498164631e8, 1.6984035913906983e8
1.7311702951637903e8, 3.669631043353969e8
1.575933461086384e8, 1.94943736999459e8
1.5752995478171214e8, 2.1834319120097032e8
1.8617338116681492e8, 2.6120939005688998e8
1.3159724467789863e8, 2.0593714288475716e8
4.27279686690238e8, 5.420040302979531e8
1.5985424767177114e8, 2.1858255383786657e8
1.3677420626457074e8, 1.7717804359406844e8
2.6864051764522666e8, 3.2338486090762466e8
1.703110195803198e8, 2.5557026065929034e8
1.4013057940772957e8, 2.1818191220970267e8
2.00810285708273e8, 3.1879707993431675e8
1.3495753075732973e8, 2.124911707024381e8
1.934035374694195e8, 4.8388581431679773e8
1.2325733066083479e8, 1.9283723512897837e8
1.7764109375145644e8, 3.5651194035837895e8
1.664027099073225e8, 2.3937325252068305e8
1.992720695564415e8, 2.6467280692168182e8
1.3241717474014135e8, 2.2801614791063e8
1.2269599762853208e8, 2.721606286359573e8
1.5684908470250025e8, 1.9740392633282992e8
2.0247939131105047e8, 2.8851711057410634e8
1.60921560818569e8, 2.840834761645986e8
1.8451591127816382e8, 2.6341685110541138e8
1.608601542707556e8, 3.095801295532432e8
1.367764084279348e8, 2.084091308714615e8
1.4808649952276936e8, 3.530204990145549e8
1.42540805253569e8, 2.4832477725779882e8
1.5522368177367178e8, 2.2457623661992142e8
3.463427850949438e8, 4.499667504641624e8
1.725401078305068e8, 2.150613710161936e8
1.5277118301810673e8, 2.25306620127268e8
1.868712731553721e8, 2.729811575096548e8
1.3660509879644153e8, 2.176436152816924e8
1.3154504577219984e8, 1.9324041671537375e8
1.1172425414195037e8, 1.4702235876946762e8
1.6022701868270886e8, 2.1257960959314758e8
2.3389229079468453e8, 3.079950362084701e8
1.885803382277153e8, 2.4154941310264942e8
1.6625712366789094e8, 2.4859817609074584e8
1.4231302886963546e8, 2.186965192060708e8
1.6444959024880743e8, 4.149485419609012e8
1.8531800289284635e8, 2.521582877707851e8
2.1736139039065078e8, 2.699379448314826e8
1.7168909631707042e8, 2.3000214046339473e8
1.3661217421996057e8, 2.143651147226943e8
2.2140791833187118e8, 2.8265671633841676e8
1.7327907542124245e8, 5.727351804627345e8
1.8374196524199945e8, 3.8925474255083627e8
1.3540203178551072e8, 2.3932556531376585e8
1.5674992846068162e8, 2.357047780438795e8
1.3266523108476226e8, 1.8378972489840108e8
1.2980095939555787e8, 2.0848092859373832e8
1.1839367451308298e8, 2.040010313796546e8
2.2028261464477348e8, 2.735628154426484e8
3.6095358978996617e8, 4.5113957222246486e8
1.1976356975191188e8, 2.0023879136740518e8
1.9014047987827766e8, 2.613010353298836e8
1.9334397343204257e8, 2.843614205081187e8
1.4889874774965757e8, 1.996446124604165e8
1.8960874102735695e8, 2.9592485910047317e8
1.7482383442458433e8, 2.537102842702474e8
2.2612305122052214e8, 3.206652821394495e8
1.3188191911470658e8, 1.7806382955619597e8
1.6567848569936678e8, 5.2981996952439415e8
2.0692165579393193e8, 2.57724843941754e8
1.8716086271976882e8, 3.0062327423519033e8
1.472025023349954e8, 2.423297924033553e8
1.3392962251779559e8, 2.3234263309383136e8
1.5775427858064198e8, 2.1412933752170536e8
1.2963667404107939e8, 2.1185947118615413e8
1.536172627583346e8, 2.550035091081081e8
1.3676566839569452e8, 1.8884064591111377e8
2.2545011046594253e8, 3.191671969028918e8
1.4199241346564102e8, 2.307260083681309e8
2.0427393457606897e8, 2.5547421261217764e8
1.4529968631934574e8, 4.038339375366346e8
3.934705852273076e8, 4.4964959350783044e8
1.5549059496018144e8, 2.507542803151311e8
1.744419937622379e8, 6.424403761584994e8
5.73569695182212e8, 6.486183873001008e8
1.4328353050731438e8, 1.9483408353767982e8
3.564704519009415e8, 4.49109614320037e8
1.4640634980874974e8, 2.3050577826973137e8
1.256833697863257e8, 2.008099290597629e8
3.703989903585026e8, 4.601504050547687e8
1.9338265051006597e8, 3.0381139183528095e8
1.2682095360188825e8, 1.7160762314835554e8
1.4952240255571267e8, 2.072915677297481e8
1.48719427436994e8, 1.9217984519761762e8
1.5714148817537493e8, 2.5874206146662328e8
1.2239314723005965e8, 1.8264563376898897e8
1.1372157126338372e8, 1.659642544798879e8
2.2861755636235538e8, 3.994824648274341e8
1.793682604872881e8, 2.185219675482576e8
3.2615295258120644e8, 3.7191269659388953e8
1.264575913000561e8, 1.8782869190411162e8
1.483082680692934e8, 2.0216248149795303e8
3.278626097233275e8, 4.0205934465976286e8
1.4267928981159484e8, 2.3826990399253404e8
2.131347674832849e8, 3.097114023935411e8
1.664896878683126e8, 2.790553087802694e8
2.054642402672625e8, 2.772085588520548e8
2.4734052771918565e8, 3.185485298131489e8
1.5176339746976513e8, 3.1135382885555696e8
2.0172147485857207e8, 2.5258333690461886e8
2.098598667718662e8, 2.688322379399964e8
1.459373271231237e8, 3.040015666808086e8
1.37261322653722e8, 2.459491154853543e8
2.2603392288149312e8, 2.8753506351019627e8
4.1730940955595857e8, 4.996510405597933e8
1.6391306369532534e8, 2.3183892276336053e8
1.535382951243099e8, 1.8910747397603506e8
1.1548501185198486e8, 1.7277349932944623e8
1.372364131790222e8, 2.089413472918432e8
1.7728485912153393e8, 3.748081185419357e8
1.369637743458097e8, 2.049249942367172e8
3.88886947970235e8, 4.8549149615500444e8
4.589162451260057e8, 5.796706382180346e8
1.1425236415904601e8, 1.8843597868229917e8
1.6264203287039143e8, 3.8672559041354924e8
1.4336716198943856e8, 1.8605274715051278e8
1.262986885912954e8, 2.036135540174843e8
2.99975927345297e8, 3.6330739562877506e8
3.941294604445522e8, 4.420722393921078e8
8.770711835446139e7, 1.6089507119229424e8
2.121388478933281e8, 2.788105714313546e8
1.6206162939683542e8, 2.2903260835790488e8
2.048559669486034e8, 3.0551861325430125e8
2.719326746648577e8, 3.3162154780642486e8
4.017265481680066e8, 5.0463408877959555e8
1.7960180636363578e8, 2.1363933428695512e8
1.3791605515175727e8, 1.868607200670724e8
1.3912860825939327e8, 2.1225360317327935e8
1.8551624547894275e8, 2.6900275380033666e8
1.581870076242547e8, 1.8888424369605032e8
1.97118395080546e8, 2.52230217752438e8
5.78157227221353e8, 6.540171694560585e8
1.5503425462458494e8, 1.9757605847253552e8
3.2316993801654595e8, 3.9477824891343606e8
2.3860231516556334e8, 3.167692312605266e8
1.5285035250495103e8, 2.1948234425869933e8
1.0824290090443182e8, 1.695478816427093e8
3.121630980587328e8, 3.657158397555141e8
1.2579408773550192e8, 1.6899636291482005e8
1.8778215184993398e8, 2.2621482993537825e8
1.2410067042399915e8, 2.1795198530403522e8
1.8584800589937565e8, 4.09135507170065e8
2.2252372962427753e8, 2.843255783409593e8
1.7796959128290853e8, 3.0421582977314985e8
2.2656266187915042e8, 4.012471915775657e8
1.6113120532407826e8, 2.1215481878045952e8
1.2876654843435422e8, 2.2349883443129215e8
2.1256511235446694e8, 3.6907894471671414e8
1.765649893251448e8, 5.0239124249107814e8
1.5213763771768475e8, 2.3415344634390193e8
1.5753634748840052e8, 2.3056202540020952e8
9.388714586339937e7, 1.726521294161714e8
1.479774493417793e8, 2.3840237831210965e8
1.5801069230023637e8, 2.2240189411530674e8
3.759617243402051e8, 4.446806971279374e8
1.8351182753030702e8, 2.5453131638771933e8
1.3110761814697582e8, 1.937821529243765e8
5.273114232730798e8, 6.182403030441587e8
1.867949861262912e8, 2.8825631238883454e8
2.4009908657793456e8, 2.991817670668478e8
1.492788400659743e8, 2.0344137246188948e8
1.9250802596178886e8, 3.3956268636981356e8
1.599641278657175e8, 2.1921188905824763e8
6.245005159687734e8, 6.945459807325709e8
1.873310415426552e8, 3.112587631818703e8
4.5307922437101823e8, 5.184810439245542e8
1.890480945350891e8, 4.6198071318995124e8
4.6893317555649996e8, 6.172058414254578e8
1.0184480392090836e8, 1.660642717447041e8
1.5694402662691844e8, 2.6790878920126787e8
1.8371390271668646e8, 2.4271514728719306e8
1.8656067601557675e8, 2.9450113926845497e8
2.1036378290676403e8, 2.693268058822687e8
4.23327135130077e8, 4.8204006340115094e8
2.1041011319796473e8, 2.691134659143145e8
1.1058242162716374e8, 2.204999132604186e8
4.8331878715241396e8, 7.150204705636425e8
1.7543053600477052e8, 2.6693348699796855e8
1.6407609197034854e8, 2.8050542768586284e8
1.1788413286456938e8, 1.8155187822539866e8
1.1850849735252546e8, 1.7224265845028758e8
1.945348822945413e8, 2.887709657829895e8
1.2150828299762839e8, 2.0456341082397613e8
1.847720407805201e8, 2.5652649038433003e8
1.7375684459717816e8, 4.685537514193945e8
2.3058070785103205e8, 2.814007981161476e8
1.3488780144721723e8, 1.9037113681222478e8
1.7473287648019895e8, 2.552831761903193e8
9.69610854562293e7, 1.5815541872503603e8
1.8547218487919602e8, 2.815344589630431e8
1.3227202028618227e8, 1.9166072537768757e8
1.2512738750735427e8, 4.210634326667011e8
1.6367835611671805e8, 2.3202565514565396e8
5.926272318247766e8, 6.601371337924153e8
2.5364570665216142e8, 3.076112823682895e8
1.6874467181635553e8, 2.6135548061909166e8
1.388184564559737e8, 4.1037720435950744e8
1.1150392024509236e8, 1.8767779964678466e8
1.477917930382311e8, 2.1952327574164352e8
2.2220016983788347e8, 2.9941546562739205e8
6.980898177152911e8, 8.515108628522899e8
1.637218424388782e8, 2.1904236466404715e8
5.439651311917778e8, 6.109781482327492e8
1.634218093740967e8, 2.656150157952351e8
1.7097838548915944e8, 2.0998827638690472e8
1.5185119916319537e8, 2.172768911846313e8
1.8169915224410534e8, 2.4550050536764643e8
1.1060997660742353e8, 1.5322306695216468e8
1.9940976831470862e8, 2.849409495262465e8
4.0208871558840406e8, 5.1041689113011974e8
1.5137421339566693e8, 2.4503279067843738e8
1.7764912621548846e8, 2.719637408797374e8
1.8158401699510852e8, 3.374092575979882e8
2.1904249337791637e8, 3.1454116454129773e8
1.4007528565737244e8, 1.951008227812153e8
1.3079538597379614e8, 1.7327618031100687e8
1.388536943179544e8, 1.9040202541445544e8
1.5429839874125797e8, 2.1729665522703752e8
2.1221680826461717e8, 2.57847065153341e8
2.271105715501502e8, 3.102934065364965e8
1.47214328428619e8, 2.455425192488369e8
1.4157145735747296e8, 2.12855987705051e8
1.339043721980238e8, 1.845207943890336e8
1.8188708391936836e8, 2.5719376112151664e8
1.8862281063940018e8, 3.634473643824493e8
1.3962813940953988e8, 2.3555979000785488e8
1.750702836607637e8, 3.050147892261996e8
7.911984668404785e8, 8.702064194966463e8
2.1899799722744045e8, 2.9413409481171465e8
1.4687342118613878e8, 2.4428337938574585e8
1.3018981421035838e8, 2.0788705366804606e8
1.9006998084888962e8, 3.589095754594794e8
1.4215045209942722e8, 2.0947751333678967e8
1.8727844277448988e8, 2.6018277591710198e8
1.3321324528337319e8, 1.8163018547172472e8
4.2561980898387146e8, 5.544584290503438e8
1.1851046006101936e8, 1.8015863964697596e8
1.4151792673485166e8, 2.1956655686542943e8
1.3485784415621138e8, 1.7987324434491357e8
1.3421462821678238e8, 3.4628963515796494e8
2.1425313999070865e8, 2.7636999596943736e8
1.819158615267719e8, 3.198178565370079e8
1.7463450789007953e8, 2.2742247558799726e8
3.540943034233304e8, 4.6488260437762153e8
1.2029621910124366e8, 2.1430229106990233e8
1.5039292243480772e8, 2.3035246998807883e8
2.1698963748336786e8, 3.686343697342349e8
1.765438036989742e8, 3.445105144725921e8
2.811239667782215e8, 3.673515134822342e8
3.175621375685166e8, 3.82553490121909e8
1.4884752443911368e8, 1.9699974135154846e8
1.8723461855444595e8, 2.752227111923587e8
1.554613628107867e8, 2.1090892785217103e8
5.685674776680607e8, 6.906290274854995e8
1.817655561814844e8, 2.348685495225398e8
3.478139450819265e8, 3.903341319833896e8
2.4576340567639366e8, 3.2307711591456866e8
6.574479997571656e8, 7.192714559461203e8
1.8240293635857382e8, 2.644867747137117e8
2.0028063986393583e8, 2.852623580698947e8
2.4412406802973616e8, 3.018427469429331e8
2.1236938366550183e8, 2.900543065651282e8
1.5237821328951278e8, 2.2946965248076624e8
1.2220081673992795e8, 1.723558226383361e8
1.416324472361658e8, 1.9183998923167607e8
3.92807893097629e8, 4.852001265378253e8
1.7177952776324952e8, 2.4059958311863315e8
2.0975056289765573e8, 2.8110462376357114e8
1.40563436742315e8, 2.4665224683407402e8
2.0515924042776877e8, 3.5833037558584553e8
1.1884640285808304e8, 1.7287706898964456e8
1.6082071997067532e8, 2.967026358948819e8
1.8376158281762528e8, 2.5230216744488227e8
1.9667306249821514e8, 2.6118775291663963e8
1.8325972404318303e8, 3.085391379224633e8
1.2937664471245593e8, 1.9194843755248377e8
1.8975492043797612e8, 3.207557929413431e8
2.4519736330219254e8, 3.0217622232310677e8
1.598051795450453e8, 2.542541004482036e8
2.7146359503958696e8, 3.332312002920361e8
2.727758909605344e8, 3.527282652408231e8
1.8284398964742747e8, 4.2577187100445884e8
1.2510669495994177e8, 1.9900788504485005e8
1.357839068306272e8, 1.8314156071038628e8
1.0974212340601954e8, 1.9997305493231153e8
1.2341870901375733e8, 2.8256327504132557e8
2.899559924410189e8, 3.5646007944571275e8
1.6252627898855346e8, 2.4051669059423983e8
2.6091229085314882e8, 3.538902647637971e8
1.3030615208480114e8, 2.1510515832265264e8
1.9760489487909806e8, 2.511034230872535e8
1.1741840355283543e8, 2.083441262674415e8
1.1901817765843856e8, 2.323680330351767e8
2.0728555134726366e8, 2.6093515985809985e8
2.193346804466459e8, 2.825520464115197e8
3.1155355637939334e8, 3.6549090214333373e8
2.161721209316367e8, 2.7224707206092316e8
2.19620147800734e8, 4.327904712874548e8
1.3490452825417516e8, 2.0523381016035634e8
1.228041497993661e8, 1.8159326029663265e8
1.526932448791937e8, 2.0741786943662512e8
2.228830257919755e8, 2.8254268050725543e8
2.6286850055894458e8, 3.272710170740257e8
1.3017476523689045e8, 2.2942862949138924e8
1.0836256243235525e8, 1.419545946557099e8
5.3068047573207974e8, 5.988764943993549e8
2.072157790860333e8, 2.739119332523434e8
1.9271142940889117e8, 2.6439029548796278e8
1.347928249340371e8, 1.7262846252878308e8
1.6829317390811485e8, 3.010827647928977e8
1.1211696164194632e8, 2.129624333686138e8
2.1726734147411728e8, 2.971083901343579e8
2.885747198855302e8, 3.6651844665449554e8
1.7009616788955432e8, 2.4649935396456987e8
1.515961708185758e8, 2.410133633465713e8
1.510467972461172e8, 2.1789967872223854e8
2.13311445254356e8, 2.6882722327771866e8
1.0593681861838125e8, 2.1020964349754253e8
1.6514526313521576e8, 2.3968681493538374e8
1.7219235442083234e8, 2.7233302312725013e8
1.3885721063246602e8, 1.9483119896490026e8
1.4428694979291373e8, 2.2935754215233913e8
2.3686226759327483e8, 4.064235404833899e8
2.5594077276996434e8, 3.785242906705236e8
2.185651779050441e8, 3.3680198798863006e8
2.995614574548976e8, 3.41366255925709e8
2.4395640690804586e8, 5.527578672182087e8
2.967713036459256e8, 3.6242423424245715e8
8.495089401958227e7, 1.7708202333963424e8
1.2083299400080654e8, 1.8357602971557766e8
2.0920197399472466e8, 3.591607268094792e8
3.3121727951296e8, 3.903995368983284e8
4.823111198906159e8, 5.603690565727016e8
1.9659894942703673e8, 5.577223725253888e8
1.6527530725698972e8, 4.479981190391362e8
3.218267312266892e8, 4.962413583213421e8
1.8797898779512373e8, 2.4995324806158823e8
1.3024682545935975e8, 1.7839015542236447e8
3.067711268869009e8, 3.77731117395249e8
1.374725500933691e8, 2.2046525452007723e8
1.1324395448713392e8, 1.699082692024775e8
1.4380820769677368e8, 2.1293614915127152e8
1.4517250159239182e8, 2.1720687403576776e8
1.5410808887231764e8, 2.998087586512238e8
1.7715232724709213e8, 2.369314524509215e8
1.5470252779540944e8, 2.543891176144651e8
1.3857737023768166e8, 2.0633224998474592e8
1.3537800504358718e8, 2.3313711940422255e8
1.3866617755928046e8, 2.817117319723189e8
1.8563680129820895e8, 4.2803677007516176e8
1.3352088234548305e8, 4.217206647881245e8
1.2208014503485614e8, 2.7036293679008216e8
1.1665950756781644e8, 1.699556163672736e8
3.204869360462682e8, 4.0041391648784107e8
2.569114741113788e8, 3.09224908270971e8
1.4317072608778936e8, 2.2568920714275712e8
1.642151672603276e8, 2.1648036325745186e8
2.443121572722765e8, 3.2437903451327384e8
1.3915993342933494e8, 1.8881444104105225e8
3.316204933227052e8, 3.85993907621387e8
1.7974876105173382e8, 2.338599531674638e8
1.387146323846223e8, 2.974907470103105e8
3.196666036167409e8, 4.278079576700009e8
1.496799773807176e8, 2.2232220510429755e8
2.424604687878346e8, 3.1709722146176505e8
2.822850400848569e8, 3.485776663660569e8
1.4231958839314133e8, 2.853856614080627e8
1.9128893990601712e8, 2.4295841626648414e8
1.9038737540065938e8, 3.1743409303827477e8
1.1823263345196971e8, 1.9848875578384367e8
2.0956142841337463e8, 3.0024647508006483e8
3.8510480588072157e8, 4.8613547515860736e8
2.5653904538106036e8, 3.776005680863047e8
2.3022826541131756e8, 3.21204755115291e8
1.2968441980758248e8, 2.5203545983859548e8
3.085603803796215e8, 4.136940233652993e8
1.8534335369897076e8, 2.6490286362297547e8
5.061367305784309e8, 5.80527589360992e8
1.4270158917992422e8, 2.1965559414327216e8
2.1745814669824e8, 2.96899747500293e8
1.3022794872371782e8, 2.446905956518486e8
2.4472918669718596e8, 3.159861441115245e8
3.164038693676211e8, 3.9128962423521954e8
1.4312508350238946e8, 2.0419485185369188e8
3.9450049355627453e8, 5.405955004998901e8
2.0539477656120113e8, 2.9058964848457855e8
1.2791844615499711e8, 2.0050484885412294e8
1.1730638631198765e8, 1.8192687826694977e8
2.348059946227197e8, 3.1461008137008125e8
1.6908622543889415e8, 2.8823274102238816e8
1.8926738770007464e8, 2.852377882154537e8
1.958830452383674e8, 2.4640889758695444e8
1.755498015660037e8, 2.1378289635108334e8
1.6911598894657564e8, 2.2040887227931488e8
1.2835988952477382e8, 1.8188060421040002e8
1.7315780886125156e8, 2.360464323808211e8
1.8174967798279694e8, 2.772847380978546e8
2.0656529080561703e8, 2.997341825962582e8
9.412318874872807e7, 2.523908584299813e8
1.9646645987287658e8, 2.980787180596341e8
4.4365277981073356e8, 4.8768205052300435e8
2.0072488454414245e8, 3.0975909507719576e8
1.5560404107200435e8, 2.1296376576879925e8
1.3322182412209284e8, 2.4585373750490585e8
1.4916528005307332e8, 3.635234960400065e8
4.480051896594667e8, 5.366806430605344e8
2.170872110802802e8, 5.777421647414836e8
3.814795639065359e8, 4.490404160240158e8
2.9742971471016437e8, 4.149855221561911e8
1.4643959261297548e8, 2.706627712019458e8
1.5251760970666048e8, 2.9045933165366423e8
1.1025670295233884e8, 1.8259249124504754e8
1.807170566046837e8, 2.4211978687440535e8
1.5906434374456742e8, 2.2517936587565175e8
2.448354300799594e8, 3.0138156500675386e8
1.0281073131611161e8, 2.4540328848108348e8
2.3031355290912387e8, 3.899116521192807e8
1.794203666245607e8, 2.4457755464134282e8
1.3212707716330417e8, 3.0024370553584725e8
2.0128002667991832e8, 3.1865589928894854e8
1.190444846426619e8, 1.9354911155263835e8
1.3510714043044496e8, 2.032617909857811e8
1.391074594365578e8, 2.1014110732539487e8
3.1077202277167773e8, 3.753100911710448e8
1.3595957476655528e8, 1.9566035658448267e8
1.5359747613762048e8, 2.378963103602153e8
1.3157479424799979e8, 1.9113905322242722e8
1.5097259432266128e8, 2.1715517220320785e8
1.518851592918725e8, 2.5030599269678816e8
2.2396815813684392e8, 4.317053257766656e8
1.1402508274286863e8, 1.8005704679066572e8
1.2442731328845596e8, 1.9755476752803352e8
1.3881484531011283e8, 2.000554611670468e8
2.035066479441288e8, 2.834641560241116e8
1.4984252793301272e8, 1.9740123582735342e8
1.0535211521099044e8, 3.268482230098505e8
1.2800909723750298e8, 1.845444642727659e8
1.5564242000908956e8, 2.4978829228655508e8
1.497480459436939e8, 2.5777672097784728e8
1.3749792444831792e8, 2.2205302943181327e8
1.903405507759098e8, 3.386464261054418e8
3.332827337665225e8, 4.488092349040137e8
1.3173530024435467e8, 1.6628466628237393e8
3.156690697582222e8, 4.003812672031132e8
1.6433278347090375e8, 1.9851792837109756e8
1.5397467426243633e8, 1.953394550852573e8
1.3524761964539468e8, 2.0213357530366072e8
1.9573426754345602e8, 2.729954030794803e8
3.4744933957865137e8, 4.178456482059652e8
2.137211038457567e8, 4.938362463349141e8
2.378339328274939e8, 3.206777884379467e8
1.5392163832894284e8, 2.9625171279616123e8
3.2479428206344837e8, 3.7085906102931994e8
1.0555095448624843e8, 2.3220195286220926e8
1.222216943098592e8, 1.8454226218232623e8
1.2519625890234186e8, 2.0961785425180456e8
1.9792728617848918e8, 3.126359081802476e8
2.005263862723462e8, 2.5728988430869934e8
1.5015069971914282e8, 2.2170136305431202e8
1.686763419179571e8, 3.0751780994882673e8
1.361221387206261e8, 1.883275964635106e8
2.1854313638341996e8, 3.0790241398053205e8
1.8567527811730623e8, 2.5324759729850194e8
1.0876692972302505e8, 1.5745151008554643e8
1.4497282987196717e8, 2.282871670393419e8
1.418724125885081e8, 4.3222658930362433e8
4.169147387347975e8, 5.448703338251181e8
1.6041161891072157e8, 2.475820294207104e8
1.850092982822432e8, 2.4125047860934523e8
2.1237923109251308e8, 2.87689394843381e8
2.737986909885783e8, 4.225546270790344e8
2.1181752164863798e8, 2.591124058412076e8
1.8140768502902552e8, 2.449836892251533e8
1.7523979180655134e8, 2.906046488165221e8
2.3809089368739474e8, 4.215818635840018e8
2.193640403404651e8, 2.927495864261297e8
1.4980837960283056e8, 2.1018721273797345e8
1.6108840962374175e8, 2.721163546575233e8
2.0487595740963113e8, 3.325787945593884e8
1.773464004461844e8, 2.767666626711972e8
1.592056922596496e8, 2.260957272133177e8
1.6924162182452127e8, 2.0239784021467787e8
3.261839905639888e8, 5.465577879603045e8
1.5622844396544263e8, 2.5070086103162593e8
1.8643466439170912e8, 3.795875497725725e8
1.4612145921857128e8, 2.3714799824454898e8
1.7578360064468628e8, 3.350662758994691e8
1.5142214583854848e8, 2.1450352444769478e8
6.455730566627104e8, 6.948255458892432e8
1.4173486711789554e8, 2.2886758441336474e8
1.2194350436555673e8, 1.7098360710155398e8
2.5621964455840138e8, 3.7301803002033854e8
1.4890715217858824e8, 3.090348588941146e8
1.4140834167027503e8, 1.8689957149115348e8
1.357528211272386e8, 2.0824374971312025e8
2.817066797360561e8, 3.532456654727682e8
2.085857057792338e8, 3.14693855804329e8
1.771060535229811e8, 2.487166000850187e8
1.2671963091768265e8, 1.723682034237099e8
2.2675207306714883e8, 3.1082188051183933e8
1.1602068576103288e8, 1.6954949259281594e8
1.3343616964545684e8, 1.841005685048165e8
3.1537527393088835e8, 3.922193619397986e8
2.0570168402212977e8, 2.5892381537663463e8
2.4694746312644538e8, 3.3886042551875955e8
9.942894079072715e7, 1.592650697211445e8
3.698667326919353e8, 6.610045523840053e8
5.994988802893488e8, 6.94691975387001e8
1.0661079896998143e8, 1.481856790819554e8
1.261517242530098e8, 1.91507753705919e8
1.5102549649027827e8, 2.4976255562236005e8
2.1542315194851443e8, 2.930551842003159e8
1.412833975980792e8, 3.015983567105406e8
1.4747674897267187e8, 1.9565331856543732e8
1.6872204176471543e8, 2.2880682408691067e8
1.8404631442237386e8, 3.643347000658375e8
1.8339188744769228e8, 2.2937255633286837e8
4.027536548645545e8, 5.064622424654555e8
2.4050134556515887e8, 4.8944780556387097e8
1.7481271798457512e8, 2.3980348655504704e8
2.0808998210740736e8, 3.1203166459047663e8
1.120103631420634e8, 2.154759602692713e8
1.5151968208953297e8, 2.2001275456733876e8
2.4106031361834195e8, 3.277669258035685e8
1.581216394108034e8, 2.1961235528244212e8
1.223570087839014e8, 3.4746421115631413e8
1.3927618764695227e8, 1.9783432875014237e8
1.955931980855745e8, 2.703951379632265e8
2.053617660618591e8, 4.4826917125827014e8
1.3352798198622698e8, 1.9325141293109328e8
1.9055428302209455e8, 2.4475880784040678e8
1.3521157878133702e8, 1.9534205040954894e8
2.739762407431232e8, 4.670810862880645e8
1.5408003215765974e8, 2.4973567196725884e8
1.4375204301721266e8, 3.652926492223542e8
1.5131160070694327e8, 1.9502467997417814e8
2.710687873214843e8, 3.038841910301996e8
2.281427280444874e8, 4.3214517102203697e8
1.610135204472374e8, 2.2048023370194018e8
2.1092925674554896e8, 2.6608715554346433e8
3.601594303760968e8, 4.277051909791495e8
1.708763904726565e8, 2.8527253524902296e8
3.949561920182592e8, 4.4073954767489284e8
1.6079292656577778e8, 2.201197110550229e8
2.7183878400980365e8, 3.5085746933216316e8
1.5496957189129752e8, 2.0438321985398227e8
2.4666622972150424e8, 3.5676370277742165e8
1.8256766661744767e8, 2.5806515481701857e8
1.5238131933500344e8, 2.841623673481139e8
1.9745865470316565e8, 3.506447687689846e8
2.1589495541180342e8, 3.0511370487318796e8
1.3595217932508332e8, 1.8925237122164935e8
1.4318253099884638e8, 2.4165825321501854e8
1.5510277185217157e8, 2.1367306095507056e8
1.937691653657131e8, 3.208566929411853e8
3.481039288635441e8, 4.009748691240469e8
1.263780376147814e8, 1.757370455865148e8
1.6152815546179238e8, 2.442649277245039e8
1.474926735495567e8, 1.885398441689652e8
1.6548444515295774e8, 3.500273599273449e8
1.217907440591244e8, 2.00098239604352e8
1.769806321470862e8, 3.017315516620771e8
2.352374095777935e8, 3.009656856534211e8
2.409751502491852e8, 3.506496744208533e8
1.5438999358360586e8, 2.0818314108802187e8
2.97392185503457e8, 3.6498682979767483e8
2.139865148470031e8, 2.735497920643888e8
1.9105518815427497e8, 2.6409688498264757e8
1.2829220787899786e8, 3.511291194517507e8
1.2334186511560729e8, 1.5604562169906676e8
1.2334558460445513e8, 2.017515120672345e8
1.3066641772644156e8, 1.8214837024515432e8
1.1007975317071459e8, 1.749071863764727e8
2.0611389181592646e8, 4.729143516618614e8
1.5335902604292014e8, 2.5085780798790345e8
1.997203405965098e8, 3.845988906680485e8
1.1581034370011179e8, 1.8142620059563106e8
2.089037012135468e8, 2.8013996833694625e8
1.4486845408694535e8, 2.4906457046526775e8
9.796943164595377e7, 1.7355634449967974e8
3.0842927697496504e8, 4.2626953629925865e8
5.296827674742171e8, 5.879227204595428e8
1.5159409684273428e8, 2.6112034650982416e8
2.3344862438382342e8, 3.1893946899879533e8
1.4718360360338378e8, 1.9522673417809755e8
1.2750890655884403e8, 1.6079146739860755e8
1.6584323469849598e8, 2.3043320561917466e8
2.4500609703881797e8, 5.435543395896232e8
1.3998594394223383e8, 2.7202688006915164e8
1.5211489014473465e8, 2.0919695827938545e8
1.4844395143826377e8, 2.3107745061420852e8
3.228911528804504e8, 3.710275740525563e8
1.8820631814399686e8, 2.5543493153732553e8
1.5560550009684467e8, 2.4914191922171396e8
1.1889559557540107e8, 2.25084893058342e8
2.69182514245007e8, 5.55624906959647e8
1.5808643484485587e8, 2.3410432914956468e8
6.098675896358413e8, 7.556822571385239e8
1.876095992816326e8, 2.752893925323028e8
1.7431477577642167e8, 3.492953799731277e8
2.375361698239455e8, 6.05057326957136e8
6.327669245609448e8, 7.180864171159128e8
1.3208498094223538e8, 2.4653150991178036e8
1.8242625697842988e8, 2.393854379938642e8
1.5073829860117972e8, 2.1550252721944425e8
1.381164720061928e8, 1.8570783827435523e8
1.1113041554163563e8, 2.3910784429349935e8
1.4062518815270087e8, 2.449594183149194e8
1.6749215046391994e8, 3.217033522027637e8
1.5656237726855564e8, 2.5030079222830966e8
1.918094609717365e8, 2.674478646193476e8
1.5896639856838623e8, 2.5520497466986573e8
1.374503505227837e8, 1.928199053644594e8
2.0232819402600938e8, 2.38783053382676e8
3.9518232153000057e8, 4.546417558366072e8
1.5872169703468528e8, 2.3330253564548504e8
2.5339319183936304e8, 4.448863015544466e8
1.395886523457635e8, 2.1279137663314083e8
1.0906336089106089e8, 1.7886302140301698e8
2.8637937717909086e8, 3.576179720405734e8
1.914673402771883e8, 3.453539923135706e8
1.7085034933090597e8, 2.3621890308280048e8
1.1669335601239446e8, 1.974792519872463e8
2.203421692766435e8, 3.767420709871656e8
1.4036843240715054e8, 2.102466077046542e8
1.2355543581573302e8, 2.680857539460285e8
1.0796548030473326e8, 1.7300768962092677e8
1.6760821384712207e8, 4.039860384338076e8
1.099626064814141e8, 1.703037612658847e8
3.3151000013021845e8, 4.3286628221100634e8
1.6263454702547616e8, 2.2988199675104508e8
2.3804985914415547e8, 3.027046455237613e8
2.0913339091140792e8, 3.117334254522995e8
1.4283920901222348e8, 2.311784813054379e8
1.52692252347603e8, 2.1199934387876114e8
1.864942869373367e8, 2.881280343024042e8
1.6456599331242052e8, 2.036960149509208e8
2.7045568885756403e8, 3.4496290968436074e8
1.4946897362781674e8, 2.0169719077139458e8
1.5020590384735113e8, 2.866287133894389e8
1.1084293767290582e8, 1.63443370324946e8
1.6827076464262208e8, 3.172655521273316e8
1.5965331734782237e8, 2.5007648332807624e8
1.2057530847257522e8, 2.0789468196176898e8
1.6832542688966113e8, 2.3409050917551276e8
1.4101114149760103e8, 2.4417601557515544e8
1.8415337658509037e8, 2.3571326937019944e8
2.1844567852163452e8, 2.8663846214695024e8
1.5782513110854492e8, 2.6256554771588004e8
3.081928316427308e8, 4.107741512980703e8
2.1754398633362755e8, 4.6101548697606766e8
1.4114783691344473e8, 1.943937748620466e8
1.6745626817315188e8, 2.684723663603639e8
2.1206363641338325e8, 2.57781691137234e8
1.47405796596473e8, 2.156201423688827e8
1.4406335333429843e8, 2.1889375080879954e8
1.6962282664272097e8, 2.6886647636250544e8
1.0467424499426372e8, 1.4978639576200983e8
1.715907044654172e8, 3.103784208604143e8
3.1565591151260555e8, 4.5558091952591246e8
1.7350029822934192e8, 3.261492789048315e8
1.6360798152633375e8, 2.3492105814111415e8
1.686944139071519e8, 2.238278270788482e8
1.7007713627198094e8, 2.894477270780859e8
1.4992173878015226e8, 1.9347166779012355e8
2.1273994438475144e8, 3.6420792029059184e8
1.640708031621514e8, 2.3700316601275456e8
1.571689652840545e8, 2.2897331128795248e8
1.6593809109444338e8, 2.3658834202822217e8
1.6677666816093037e8, 2.611261361021477e8
1.3048445616148032e8, 2.148281576652305e8
1.6826900602890292e8, 2.4707330138032487e8
1.137539235557483e8, 1.6497110288350958e8
3.2543788451395565e8, 4.3453492578113365e8
9.748785485126774e7, 1.512452031396542e8
1.526483877822277e8, 2.921174746071726e8
1.2597065491096777e8, 2.0062594053175294e8
1.5027523603480342e8, 2.2603910559092456e8
1.7963619058787468e8, 2.638576399347685e8
1.601433336145358e8, 2.6173179270655134e8
1.7405912818522748e8, 3.3464022397977585e8
1.6245539397520918e8, 2.826430415453067e8
1.5364307765066725e8, 2.3588424064102393e8
1.4479853349309105e8, 2.163032169507575e8
1.7607659836735973e8, 2.924394588150867e8
2.7947063481899947e8, 3.528975447902821e8
1.3578699419011998e8, 2.7637789308057535e8
2.0203252817956644e8, 2.6331940795112866e8
1.5950883717821792e8, 2.36888059160974e8
1.0257980173635218e8, 1.4426673884100434e8
1.6893463174751776e8, 2.3636882134508178e8
1.402244020707219e8, 1.9081391801486674e8
3.4353404959560055e8, 4.3625814738415074e8
3.729740956432062e8, 4.581037763174222e8
3.0421924474516594e8, 4.225707128087958e8
1.6801922252191913e8, 2.3057321788819408e8
1.413337404770264e8, 2.0539026537425146e8
1.4849168681641987e8, 2.1103475657177114e8
1.2051654210189508e8, 1.833715196335921e8
1.3713005659591603e8, 2.0829123923666903e8
1.2905975908181484e8, 1.8785078852907738e8
1.7504273770669758e8, 2.5052770997355562e8
1.7571491897333786e8, 2.4755381678896558e8
1.828895515246614e8, 4.9142403372768474e8
2.136523163578882e8, 2.6386378685993952e8
2.3693613239568874e8, 3.0521505916144204e8
2.2025240578565237e8, 2.8726315643553245e8
1.6280863233773395e8, 3.11165403200324e8
1.3186788088549735e8, 2.1419387767734507e8
1.680654766608115e8, 2.926647602870728e8
1.7309805870303345e8, 2.5599400322834802e8
1.2519142021339072e8, 1.570509658875084e8
2.1477714723481712e8, 2.9737495515835166e8
1.8254550552576116e8, 2.690449304631451e8
2.2274995355075097e8, 4.8931896739021236e8
2.3519799980016533e8, 3.085080086931122e8
2.1011600989310235e8, 3.3393949158174664e8
4.4623423134021837e8, 5.037786297074192e8
1.657082881471646e8, 2.3710427822987208e8
1.2374503823877904e8, 2.0376494020713478e8
2.0087838573861453e8, 2.4703513684033394e8
1.1020596452086395e8, 1.780995682352632e8
4.29884132060982e8, 7.596322721444699e8
1.2497366708716054e8, 1.9541496005547282e8
3.15947536981766e8, 3.7325938673160046e8
1.7805527549423176e8, 2.6376479193219444e8
1.8006051123483065e8, 3.314559658134534e8
1.664289555450781e8, 2.3485805454994115e8
1.572785425968785e8, 2.2099862830490378e8
2.097222793945878e8, 3.851420987706271e8
1.8258920217834327e8, 2.2376842680020913e8
1.3174601836796004e8, 1.9128326532824486e8
1.5709567482267663e8, 3.9100617477506554e8
3.4644112871120274e8, 3.9597810304323024e8
1.45984361031665e8, 2.081967559700338e8
1.5121707572116458e8, 1.9498083099897438e8
1.1203562800774151e8, 2.0230209124502105e8
1.9815569666475415e8, 3.3444444185657877e8
1.6182204324085057e8, 2.3173645859371564e8
1.2568037493544827e8, 2.7718697962327653e8
1.491710800134052e8, 2.3311611396511844e8
1.4589461322933817e8, 1.9671413925854364e8
4.4196046017861253e8, 5.532918334526997e8
1.6392966337281847e8, 2.393947965447189e8
1.749463208910809e8, 2.7128144516867137e8
2.6878657961176014e8, 3.487840343954717e8
1.3328552180656314e8, 1.8707121775388485e8
1.5649962609333438e8, 2.1707129756033286e8
1.0046837700136481e8, 1.519521154913609e8
1.0323719109878562e8, 2.3442067543594378e8
2.0410008388225234e8, 2.5673352737098116e8
1.752262586947158e8, 3.123223836720352e8
1.8312533652321833e8, 2.6001453144322813e8
1.8941796747553378e8, 2.3987871394938853e8
2.3487903830234492e8, 3.1029324892961437e8
1.743793991695651e8, 2.432035099765128e8
1.9193275663941944e8, 3.898768569200833e8
1.614527817794591e8, 2.1256531109630823e8
3.6633903003283846e8, 4.9219492578088725e8
1.9495495276855645e8, 2.464702330192271e8
1.4652862831883276e8, 1.814944614072386e8
1.8736121456554067e8, 2.76148914453955e8
2.044471954521128e8, 2.664168108105749e8
2.356216240950492e8, 5.018955892860796e8
1.434744408864845e8, 2.3187624026552844e8
1.9273194036047485e8, 4.5446307807065356e8
1.5737592330747923e8, 2.153989615464933e8
1.508526186918568e8, 1.949802675522154e8
1.4345991650443637e8, 2.0536898370210928e8
1.4188028246060103e8, 2.1506948667153075e8
1.694427663395918e8, 2.5413000611334777e8
1.327190644852398e8, 2.8561586073986834e8
2.5664737402789623e8, 3.1827222720319664e8
1.571154418525698e8, 2.401074888135085e8
2.489833766127796e8, 3.5580102077012414e8
1.5094446816128072e8, 2.971810574721568e8
2.3817431252030617e8, 3.417563345794847e8
1.6168579761472785e8, 2.624435635254086e8
1.9778416613580015e8, 2.3945965625299543e8
2.2693846327118367e8, 2.848810838223313e8
1.7907757519057578e8, 2.4575338043974262e8
2.27432820371274e8, 3.680362861089778e8
1.3535045681427628e8, 4.914699128294332e8
1.588981834099271e8, 2.335301948721558e8
2.3701641513533172e8, 2.84719785923242e8
1.3976354414840606e8, 2.0925249139081317e8
1.3560248316815162e8, 1.857140735017362e8
1.4020472652142033e8, 2.2856836647362754e8
1.4095579534704822e8, 1.846146141432326e8
1.7003790814342827e8, 2.3704998929864737e8
1.6853576461855835e8, 3.0423026786424625e8
1.99376604671899e8, 2.853296606885892e8
1.567917006460459e8, 3.015051141509436e8
1.3942882494693178e8, 1.7982799389917502e8
1.5177805567669618e8, 2.974704762899649e8
2.6725959054753235e8, 3.4716355316978836e8
1.2978206290805444e8, 2.0630781639614156e8
1.4671488241203594e8, 2.3030517682185838e8
2.107240658382241e8, 2.7693864156991625e8
1.2257600026851505e8, 1.8339445158518094e8
1.6504506733194634e8, 3.751719000519533e8
1.498109552477665e8, 2.1552652964996895e8
1.2098840505387244e8, 1.7361494827888972e8
1.2841135690586472e8, 1.7611720231266254e8
1.9175175341872835e8, 2.5755295402446064e8
1.499677417555471e8, 3.6464730448723143e8
1.3913165653964972e8, 2.1937453989733833e8
2.6082715898179585e8, 3.8475392420929927e8
1.499681822627141e8, 2.099692508275589e8
1.7567067762309015e8, 2.3555145079622325e8
1.5974450169699842e8, 2.1480415004942212e8
2.125542368983599e8, 2.9956690013690907e8
1.2582516520794535e8, 2.883278985444918e8
1.7853533245326257e8, 2.5581069460766953e8
1.5782165134415972e8, 2.343116788481734e8
1.4607939323933026e8, 2.0382594196407804e8
1.8656536956434512e8, 3.1421489278075147e8
1.7905411709840876e8, 3.2265620314582086e8
1.8278685627282688e8, 2.3391303067612147e8
1.480806238658254e8, 2.1623377054212126e8
2.9298857638936764e8, 3.604615415200938e8
2.4707889768202654e8, 2.8452033241892874e8
1.3160136601446176e8, 2.058990356899071e8
9.229924780697542e7, 1.2911533894686732e8
2.0175480295975655e8, 2.6589300660350525e8
1.523779568200957e8, 2.4941577591804284e8
3.39519120326597e8, 5.048941212864111e8
1.5020149364263105e8, 2.1361532639678523e8
1.6713107815841863e8, 2.024490601104642e8
1.5373073383914173e8, 2.7452662087274194e8
2.3994338423031366e8, 4.495220795664261e8
1.554182184900307e8, 2.2713738328384778e8
1.7296694972902507e8, 3.1134428967355335e8
2.346061900558335e8, 3.036272898472642e8
3.987614860996183e8, 4.47939053046178e8
1.5353750111314845e8, 2.093145382564899e8
1.2749247622829346e8, 1.644361289989729e8
1.1822046943045615e8, 1.6853894412833625e8
1.0083198017894284e8, 1.7768031270786718e8
2.9135701883458555e8, 4.0382028367026883e8
4.335362208340837e8, 5.0912362620928043e8
2.2820232657149562e8, 2.814679938910948e8
1.4075654599475121e8, 2.423144905093395e8
3.068223033716816e8, 3.521354283005901e8
1.7892184882451048e8, 2.4283985676190266e8
2.1213521614877215e8, 3.571456087685754e8
2.1159607554253125e8, 2.7778847395549864e8
1.5433895405831525e8, 2.4958354643504876e8
1.335695552850763e8, 2.8242132064961517e8
1.3559555962399486e8, 2.922332419733963e8
2.979459307731714e8, 3.7160246854219615e8
1.5192147972248858e8, 2.9795154591662383e8
1.4635776313382292e8, 1.949064381543484e8
1.3113420073713665e8, 2.084602911301973e8
1.167278334602035e8, 1.9430854703123653e8
1.3231886495423971e8, 1.917925854642335e8
1.9634745048423734e8, 3.041883315778449e8
1.4711387599909535e8, 1.9369142731926137e8
1.9625651361579648e8, 4.6482867299185854e8
1.7660138133431798e8, 2.1112663938724548e8
1.3479209537534082e8, 1.9040422085700366e8
1.553132516354617e8, 2.1086767455124298e8
1.7303376240829772e8, 3.5814352873368794e8
2.0842212779020703e8, 2.7073961793689823e8
1.886851210948131e8, 2.7063504185967374e8
2.0211317775507993e8, 2.6665574019529903e8
2.0634787950049707e8, 2.675787004514744e8
1.3128505545287834e8, 1.8550063932547542e8
2.5264158126833802e8, 4.099495252327776e8
1.497549963065794e8, 2.0139326238410574e8
2.0732116761170796e8, 3.058602728346672e8
2.03352324451081e8, 2.6145831195848802e8
1.1396163916042276e8, 1.752766716594667e8
1.8897235156892875e8, 2.880133767946476e8
1.950504336601969e8, 3.130273310510775e8
3.2619166910678554e8, 4.121252040080631e8
2.643146513564215e8, 5.147617464934351e8
1.519484438398366e8, 2.8043550836774534e8
1.448358189158989e8, 2.1936362607345068e8
2.26737218516234e8, 2.838643770117989e8
3.012638297088639e8, 3.991803601316558e8
1.2970780272210504e8, 2.2077584620848638e8
1.1381609774719161e8, 1.6745262560256582e8
1.5325715187406287e8, 2.2726409877494624e8
1.1479967815995178e8, 1.6422201721516642e8
1.0871283444619136e8, 1.770632573466477e8
3.8015873717480344e8, 4.686624137942763e8
1.6794477107530046e8, 2.3818347173303577e8
1.215281033613833e8, 3.1000523702119935e8
1.4090954484718907e8, 2.782111396074216e8
2.1939378924765873e8, 2.6988064586610264e8
2.691567505561741e8, 3.652883869864033e8
1.0665896421206428e8, 1.6131768303130317e8
1.39465131286924e8, 2.132688471161261e8
1.3615942665331933e8, 1.814437933731036e8
3.4732596958292824e8, 4.665681295945516e8
1.4611289486251402e8, 2.9889270993552876e8
1.6231513369810265e8, 2.465728817170009e8
1.523471536167756e8, 3.562816139969881e8
2.685439225018655e8, 3.9982544570821136e8
1.6930713320534703e8, 2.475815378710632e8
2.0251663642155302e8, 2.735300245415274e8
2.166581576788936e8, 3.466925398143254e8
2.5530780660975704e8, 3.395217605628508e8
2.6712706813848197e8, 3.538167465590857e8
1.0565095841297449e8, 1.8885776524376413e8
2.946316222773563e8, 3.5820420430244184e8
1.2790221228796408e8, 2.2591638180355555e8
1.1450116280262901e8, 1.8351607628014413e8
1.3639162643054312e8, 1.8816364804926997e8
1.5799500190719828e8, 2.3706033101402462e8
1.3329364297186024e8, 2.27845465781525e8
1.2703153637090039e8, 1.801745646460026e8
2.1217243553280059e8, 2.86098389839147e8
1.48939314661023e8, 2.2075864986908224e8
1.628317828401714e8, 2.3703461041766497e8
3.7631691998631567e8, 4.2723881966344696e8
1.0475528402027129e8, 2.4508428639428437e8
1.94738012089716e8, 2.97367765210136e8
1.1633428870856638e8, 1.8434386067263314e8
2.259800296313646e8, 3.04243833165218e8
1.863886598555035e8, 2.3543410454212493e8
1.8331703027305526e8, 2.345090543935497e8
1.2269683122577544e8, 1.7451954511179256e8
1.5012725634697527e8, 2.798583141411481e8
1.7579204257877567e8, 2.433956499047977e8
1.2090117078974588e8, 1.8684631998783237e8
1.9787951054874578e8, 4.1848117357970786e8
3.801461439141234e8, 4.6200245818584365e8
1.5586981539678112e8, 2.2699233751401287e8
3.336759512684427e8, 3.8765052949387133e8
5.635221634982901e8, 6.027953358632027e8
1.551704588793863e8, 2.3005710191918927e8
2.328521158417378e8, 2.872796730346246e8
2.0277179614494887e8, 3.342547551010904e8
1.5982340391215137e8, 2.4604367643444684e8
1.6075204691304505e8, 2.4019118552983892e8
3.355044687692055e8, 4.0156981149827945e8
4.84528262559885e8, 5.449739144539291e8
1.4056745966430643e8, 2.2964136447021717e8
2.691655758059593e8, 4.9600259444297343e8
1.3445855587304226e8, 1.8197148523369098e8
1.265725632429282e8, 1.782201806940093e8
1.2827028667793348e8, 1.694459624364502e8
3.191037487730842e8, 4.0646002960350347e8
9.093858769786282e7, 1.824772001458781e8
1.2872722021405095e8, 1.7186319664740375e8
1.594578244565815e8, 2.2911333231883818e8
1.3604920238601536e8, 2.6576570404321328e8
2.1805353602370253e8, 2.7289734981675744e8
1.1879157307426466e8, 2.6280188599297386e8
1.8405474540918958e8, 2.384410806844025e8
3.229563646267058e8, 4.190679922432479e8
4.294457655192435e8, 5.864909181556734e8
1.2172247866417934e8, 1.834179118689193e8
1.6136033020827305e8, 2.5196297914418948e8
2.2939194734491107e8, 3.6072963833796823e8
1.2162199377292484e8, 1.886713056808792e8
1.349266431528649e8, 1.8258339796803686e8
1.1236082877236159e8, 1.6531197448751265e8
2.959157649671691e8, 4.7341091901507336e8
1.3200404271456389e8, 1.8978291596000043e8
2.1726006453310576e8, 2.8800570356237924e8
1.7537065665741998e8, 2.4442573641414526e8
2.5066545467971924e8, 3.7166057931158507e8
1.3588250026289642e8, 5.355082771837261e8
1.087041194736507e8, 1.8846004345685652e8
1.7146164237788218e8, 2.2479570876995507e8
1.495086078001298e8, 2.0878507948793653e8
1.692045420494231e8, 4.832437321828355e8
3.3084167294083565e8, 3.937263725406763e8
1.9754780586090207e8, 2.948308670990256e8
1.9886140810677233e8, 2.6415158178603986e8
1.1502396938135268e8, 1.5246963495914277e8
1.668893885500499e8, 2.4105522018014047e8
1.4930211533543062e8, 2.1338700019200262e8
2.3329719178150305e8, 3.7418280488548756e8
1.5646691470537895e8, 2.2987452261865032e8
1.434756397671728e8, 2.1260272224775675e8
1.1285175920693453e8, 1.9609406449937168e8
1.7520067619522458e8, 2.627401738272297e8
2.5717876510993075e8, 3.327541170992729e8
2.308479338617158e8, 3.0628941795885783e8
1.3978303331007817e8, 1.9263544342512017e8
1.757813452525086e8, 3.8335382121790487e8
1.3437451312742284e8, 2.68328606944642e8
1.4988309532594582e8, 2.5397012401691237e8
1.0441044889702684e8, 1.563277718960838e8
1.2005894734899771e8, 1.8378656907361862e8
3.882604012029143e8, 4.8699366743366665e8
1.6792262007412657e8, 2.3515259402995324e8
1.582192423049332e8, 2.4456284486753848e8
1.6819648766806525e8, 2.0604863024286383e8
2.049744629059839e8, 2.703269460087781e8
1.4612637355670577e8, 2.5181831287145603e8
1.164409788421167e8, 2.2815996960894573e8
1.5120588310089794e8, 3.881293071959755e8
6.939017970391761e8, 7.477772077502928e8
1.8722487300645924e8, 2.3849885717180413e8
1.4658665906333685e8, 2.7308358300348306e8
1.6692396007139343e8, 2.2876545201906738e8
1.3169449425047565e8, 1.8744455362894455e8
3.599268635208997e8, 4.334788144219247e8
1.5116443288626555e8, 2.2762455061008075e8
2.4812581057358527e8, 2.9495490017589986e8
1.915720161359838e8, 2.358356262249126e8
2.0579582245960215e8, 2.9051654876802254e8
9.942549122806782e7, 1.3755315574108613e8
2.97975560321827e8, 4.0017959185662985e8
1.4141996398327067e8, 2.3719628484282336e8
1.7623352315212816e8, 2.1714974858715823e8
1.8737591837909868e8, 5.019072047088674e8
1.9817976501796487e8, 3.388532389012192e8
1.6868103471895584e8, 2.744236739701787e8
1.4028141599562398e8, 1.7725762030495685e8
2.703244483643517e8, 3.6066287561112505e8
3.075579008924702e8, 4.077248669909771e8
3.5003386046190476e8, 4.513412050409537e8
1.5814907616775492e8, 2.2375943055452833e8
2.52749762870742e8, 3.451692841303434e8
3.27228456004061e8, 3.9315424220914954e8
1.544456168564804e8, 2.330475076506727e8
1.2113144981166837e8, 2.1161510413389686e8
1.8619324042819574e8, 2.908791123925914e8
1.62004031453353e8, 2.4428654639284158e8
3.397320778536621e8, 5.703161258826659e8
1.7452950063793138e8, 2.228310662925329e8
1.2026867422652768e8, 2.2742694417737752e8
1.1254984185263781e8, 1.738572509649505e8
1.6458749809132722e8, 2.437666986553056e8
1.6648003513984862e8, 2.1956871117189434e8
1.5494899322730055e8, 2.3501924632831284e8
1.7634138812892684e8, 2.6121369796099788e8
1.8579293588246748e8, 2.5094379149267155e8
1.8317744106213084e8, 2.6434787065542617e8
2.3299766994769636e8, 2.7856916445398915e8
3.10012051522251e8, 3.507524369418695e8
1.959456247873078e8, 2.3136599677537808e8
1.4646866323855406e8, 2.249347657462636e8
1.997564049082495e8, 2.707610484976461e8
2.5340937723435137e8, 3.2420578345980996e8
1.0841150241422081e8, 1.5288746672391483e8
1.5313998685498208e8, 3.558003658955784e8
5.014423769748593e8, 5.721298126881049e8
1.1509850692134829e8, 1.9912216427346486e8
1.9224530010486865e8, 2.4941769451048714e8
1.613446211982238e8, 4.130019011717453e8
1.7332913169095856e8, 2.376000504327809e8
1.6189332670852768e8, 2.5513773683534375e8
3.925070376247922e8, 5.1100718114898854e8
6.164394061158149e8, 6.789047830774804e8
1.391846754680165e8, 1.8986064190771353e8
1.492180476277875e8, 2.273303001479035e8
1.2284189705381298e8, 2.082876059297297e8
1.5060960759752318e8, 2.1669885565113652e8
1.3424237459684783e8, 1.9135004726821515e8
1.6814000858638296e8, 2.1923141477603316e8
2.3674883545819274e8, 2.875448354479728e8
1.6579916743160793e8, 2.785098918769763e8
1.2650719752490258e8, 1.8092230207708856e8
1.765564372868172e8, 2.785913259604021e8
2.043876000003201e8, 2.6502309946959975e8
3.261417415448093e8, 3.9978163856669366e8
2.1361785811839995e8, 2.525965355436801e8
1.522367168819787e8, 1.9116380570486617e8
1.5321597037219718e8, 2.4064974984114075e8
1.6427006694609085e8, 2.2283291911517745e8
7.029004647279273e8, 7.91401011965561e8
1.6413541157435074e8, 3.4133977211978793e8
3.693478435071314e8, 4.190530039536129e8
1.6686102853949785e8, 2.20051218109127e8
1.104719141370015e8, 1.7597162748883718e8
3.0817934766822785e8, 4.02204319183829e8
1.7248296579632178e8, 2.0720065665250865e8
1.8369194183789295e8, 2.4322377446999517e8
2.1045904053065017e8, 3.5692781256992424e8
1.971631533232324e8, 3.04602782254484e8
1.3078789434142946e8, 3.998500099154477e8
1.6487203900191972e8, 2.4800419987232414e8
1.9948701999739033e8, 2.5736359894845098e8
1.8310531241850272e8, 2.241876825603423e8
1.9162328471838462e8, 2.678963849114558e8
2.578380619093872e8, 3.429427934895437e8
1.9529449204440466e8, 2.738364624888142e8
1.6350622836868614e8, 2.5964289551585847e8
1.7866170644149238e8, 2.9095592044822764e8
1.1723187264371291e8, 4.5804732624076307e8
2.5595285407597235e8, 3.9224809281576e8
2.6494239457499003e8, 3.499166755829029e8
1.3389410172876458e8, 2.3299126855492014e8
1.8828086948517445e8, 2.461556108426911e8
9.982455093050435e7, 1.5059351748445833e8
4.247681608443489e8, 5.504466227839565e8
1.2319744390821366e8, 1.9288494639961433e8
1.4834765163021964e8, 2.0130810968337712e8
1.415986594582629e8, 2.3088485327188164e8
1.2749837755939376e8, 3.022582793262066e8
2.0035230477425542e8, 2.91159689655344e8
2.3249715725563067e8, 3.467367769549324e8
1.9428710181625485e8, 2.7837994997013617e8
1.7359325941655684e8, 2.2590205882586113e8
1.86749487538621e8, 2.918266115711748e8
2.4131449379748574e8, 3.714479611025283e8
2.1880367920409706e8, 3.9728161452205086e8
2.115399477215426e8, 2.757405149001604e8
1.5185438321466416e8, 2.6019851475733346e8
1.781898893362044e8, 2.5029319155169147e8
2.277030238887733e8, 2.7839051587749594e8
1.318067389085811e8, 2.3349456473338217e8
1.6255773500837144e8, 3.0640450824934417e8
1.3201413801520187e8, 1.7873908533005416e8
2.0474620849581316e8, 2.965606443617223e8
1.6176853451982158e8, 2.1535877953783235e8
6.12199729121648e8, 7.339779134045761e8
3.1184362111667454e8, 4.236218682796041e8
1.9717390374746847e8, 3.0531547336882937e8
2.1485303518310383e8, 2.9243538065218234e8
1.911498485788674e8, 2.557004507576067e8
2.018141988337114e8, 4.148660811770241e8
1.4876512318827352e8, 2.067509042341182e8
1.6242711195503005e8, 2.465845140231733e8
1.4282379114874378e8, 2.8243447786480796e8
1.3702142588559717e8, 2.21702451136343e8
1.4542067108336833e8, 1.968570504787652e8
2.3742615357594684e8, 4.163495833629692e8
1.4539322096004397e8, 2.458169816195244e8
1.747163840962177e8, 2.295579049554591e8
1.0357830403987423e8, 1.53857919797957e8
1.572974367981974e8, 2.2314863960219988e8
1.3962157864020225e8, 2.0555082233630544e8
1.4511666937733677e8, 2.0661590271349394e8
3.179494961767134e8, 4.736049140463294e8
2.362884013371792e8, 3.180390588233555e8
1.3626267666080764e8, 1.8813092027786815e8
1.8350970323703137e8, 2.5103979797337022e8
1.2857128425988296e8, 1.7512942106051037e8
1.4745733824849674e8, 1.94418831887945e8
2.6623214751818883e8, 3.8865510522806567e8
1.390655787147961e8, 3.2754746941451705e8
2.6032004756009078e8, 3.0802377937427205e8
2.4122696875984347e8, 3.198834895067353e8
1.996794448203168e8, 2.714426731789599e8
1.447308157941471e8, 1.9550446713832656e8
1.2592715883294535e8, 2.076454763419449e8
1.8040594516764385e8, 2.701410660445577e8
1.6376911055310556e8, 2.2396886317650875e8
1.9436318461144572e8, 4.4765498948359513e8
2.3808096604014578e8, 3.080582964539588e8
2.7980940970460224e8, 4.10239277710567e8
2.836410352278147e8, 3.390501910458169e8
7.2239505748427e8, 8.501457562314646e8
1.487715150267991e8, 2.19486952346515e8
1.4761585531952912e8, 2.1705534602379748e8
1.9825695174761087e8, 2.8136657874220014e8
2.931248521277347e8, 3.8407160681347394e8
1.7285938294101483e8, 2.3546343551478496e8
9.750957443758741e7, 1.6376593234417683e8
2.79958937124716e8, 3.733841604681969e8
2.6112838709641537e8, 4.133563588190714e8
1.4183976778671372e8, 2.736785120093389e8
3.5034211080125535e8, 5.3548261216470724e8
1.4434458282527277e8, 2.2004157922639376e8
1.1714106438613181e8, 1.6624047425213167e8
1.3613948701357907e8, 2.3009822164232036e8
1.8100223254164395e8, 2.2832384525199777e8
1.165852947412742e8, 1.7306976227411574e8
2.3856062637201092e8, 3.094565881514218e8
3.085562991177401e8, 3.6736707997126526e8
1.467425996094035e8, 2.4744515039734188e8
1.2332576702130252e8, 1.7460281731692123e8
1.48599897599877e8, 2.337274377448592e8
1.494576196054531e8, 2.073563925030601e8
1.713063620893287e8, 2.879955560547819e8
1.1085826134175745e8, 1.6104126808524102e8
1.203627026440308e8, 2.125324698140725e8
1.4659608570922774e8, 1.9948344551350483e8
1.7501532011752334e8, 2.400416060972186e8
3.8838390429696035e8, 4.763793254275863e8
1.5740471409790197e8, 5.014363720099357e8
1.434241783467165e8, 1.9683720167230192e8
3.678855605903757e8, 5.3630337634747887e8
1.3818511478574848e8, 1.9503111074320295e8
1.5314153017371863e8, 2.0017009040400276e8
2.4627076911621594e8, 3.0037900986707616e8
3.019394828591023e8, 3.757123242516575e8
1.7793930609644848e8, 2.693015500542519e8
2.4302519122206435e8, 2.8089186762811744e8
2.1336962232468298e8, 2.761700875617085e8
1.972364428564542e8, 2.700919385160256e8
1.8180401110715383e8, 2.456380043275124e8
1.5213421118647987e8, 2.6474774548784006e8
1.3215406633365913e8, 1.6758585631521246e8
5.156742037733886e8, 7.076387078338755e8
1.95607904265104e8, 2.619494299069117e8
1.3629350020351738e8, 1.918921053738285e8
1.0840673279774518e8, 1.681154938085754e8
1.8933335456232795e8, 2.850278788384235e8
1.802519357867001e8, 2.4812808340569657e8
1.385862040120332e8, 1.8044907693130243e8
1.1940126973412801e8, 2.0991884630056927e8
2.2228562753344667e8, 2.6176529915455765e8
1.2089304927644359e8, 1.9161355863023674e8
1.1867178895362431e8, 1.8010010805555943e8
1.4513227192534775e8, 2.0389090689364573e8
1.1798550267507583e8, 1.8065513219748545e8
1.415475765432194e8, 2.1063680404312357e8
1.205415113500887e8, 2.075334038223571e8
2.4004543149882746e8, 4.1332775419273126e8
1.7809703498874977e8, 2.3900072623219413e8
2.1361864731697538e8, 5.936320202858268e8
1.31342755425451e8, 1.9845088952764627e8
1.9990493293628612e8, 2.38881841966522e8
1.4716256933614188e8, 1.9615453601906422e8
2.0361067726969683e8, 3.832115864801977e8
3.604335596598425e8, 4.4699149901111436e8
2.105837635534847e8, 2.795974249782387e8
1.697615038999417e8, 3.033402266865614e8
4.895962865822959e8, 5.587055799861469e8
1.3589766141955027e8, 1.8632756242609885e8
1.432318887053053e8, 2.1136280863967746e8
3.8258235157694685e8, 4.689041709664482e8
1.2510007063494061e8, 1.883891891352707e8
1.7354533887075287e8, 2.649782757516474e8
1.840041845291425e8, 2.3945487366954175e8
1.0439656559144989e8, 2.0584383081455877e8
1.372925430870997e8, 2.287288820562391e8
2.896294678608995e8, 3.645151197273661e8
1.929061885273221e8, 2.971968729258532e8
1.3731974653195956e8, 1.729351521689862e8
1.3203904960228361e8, 1.8234383832001993e8
1.5591600261777285e8, 2.456903382713729e8
1.4897529850538802e8, 2.5739388223822993e8
1.340397975864161e8, 1.958799754930874e8
1.3393695787725858e8, 2.3089526391836202e8
2.224909286520231e8, 2.970762542012102e8
1.668428205979526e8, 3.0200273921150494e8
1.3491850649458113e8, 3.508306891733452e8
2.5823435841926283e8, 3.233126208559308e8
1.6903970388180596e8, 2.170467099570044e8
2.6988297689448935e8, 4.6168671375184387e8
5.1538512509933203e8, 6.902983578682247e8
1.2772123219069168e8, 2.529860508213949e8
1.3486769746418542e8, 2.7774093211317074e8
1.8565180184229487e8, 2.5981018947880697e8
2.082905253837071e8, 3.0433005617089516e8
1.5786742328601328e8, 2.4641859542365652e8
1.3035265325611988e8, 2.1137922968918905e8
1.346320840325917e8, 1.758402449525647e8
1.4550863821911174e8, 2.4703428344894767e8
1.7672761881140453e8, 2.3212876557851094e8
1.5614807162646303e8, 2.5637426560564008e8
1.6600195575069982e8, 2.5305291691105112e8
2.1703723302949584e8, 3.1188063019473034e8
1.7233665928787196e8, 3.7882237669940317e8
1.7052391366375333e8, 2.1785190820025554e8
1.6051826283709857e8, 2.4609533670278835e8
2.4350156353725415e8, 3.8220232438263804e8
1.50935301261089e8, 1.9320991919408074e8
1.1900291522620699e8, 1.6661706299124026e8
5.0361933226653445e8, 5.772596066962621e8
1.023941447754151e8, 1.5593079751348406e8
3.379194836363159e8, 3.722910232713845e8
5.585412477994683e8, 6.31843965575578e8
1.3393457763905784e8, 2.324498977271352e8
1.3581970300467318e8, 1.699639794720946e8
1.865758755800376e8, 2.4071212254443985e8
5.523273997211813e8, 6.229244820362583e8
2.187283302612739e8, 2.486962684639531e8
3.8825860675511175e8, 4.6183939661484945e8
2.0388996168243083e8, 3.018212953690364e8
2.3136592685943264e8, 3.667564426487031e8
2.5730713883491436e8, 3.3212383309537244e8
2.5483974793977818e8, 2.985263815327786e8
2.1521204199818492e8, 2.785319099210002e8
2.4584067720409623e8, 3.288273991321745e8
1.3334917276446918e8, 1.99265164848914e8
3.950815977387159e8, 4.395163218726403e8
1.9838302985850325e8, 5.222960918538034e8
1.3243602984959754e8, 3.1131704695040244e8
1.4210234353562778e8, 2.3133323081387788e8
2.707078094409987e8, 3.271682425541833e8
1.3497740969711173e8, 2.947999873675131e8
1.222422302192217e8, 2.2704881459334716e8
1.3069712848769787e8, 2.1769249594368097e8
1.2598153417311019e8, 2.5231581473505893e8
1.4285996020565102e8, 2.2016800326291683e8
1.6503461538194647e8, 2.0132253624909976e8
1.5235582842205584e8, 2.2097117991968623e8
2.1657772146428597e8, 3.403000388439496e8
1.801950641303712e8, 2.6703212243602493e8
1.1724502496573657e8, 2.3363402993295e8
1.31080894323097e8, 2.2201614601798257e8
1.4597150800270322e8, 1.932088695636105e8
1.5004932860474384e8, 1.969458752078225e8
1.36802851799041e8, 2.018241618829186e8
1.3249696481170988e8, 3.353383519852119e8
1.8884965954267177e8, 5.870174994996877e8
1.970983463967293e8, 2.6414697327979097e8
1.6302290717161074e8, 2.693915951466418e8
9.149710163059251e8, 9.901364130133538e8
2.0463857246043047e8, 3.6324439599250305e8
2.5351069351817945e8, 3.262308248892222e8
1.5369463094036245e8, 2.3656208429699576e8
2.6613490807074744e8, 3.4669608073363096e8
2.235393513033198e8, 3.262449825469392e8
1.955740362825766e8, 3.6905282209051085e8
8.197299575308703e8, 9.542770008792386e8
1.696427074193457e8, 2.378627713370057e8
1.4490003112246528e8, 2.324758731053233e8
1.4959755495934132e8, 2.225897989261681e8
4.030877263519108e8, 5.307820010220288e8
1.6457529705289108e8, 2.5080093154825324e8
1.3573038431142938e8, 2.357584279505046e8
1.209548873330753e8, 1.9347561183903015e8
1.5655237150620803e8, 2.850364671116365e8
1.2096508765256593e8, 2.2597912105399758e8
2.3519122270656553e8, 3.202753056907606e8
1.3422688778608418e8, 1.7751222178032863e8
2.1372502929416642e8, 3.256602894076351e8
2.4515072445885918e8, 3.184148777070237e8
1.3710277366340196e8, 1.7766862978555536e8
1.407093310180641e8, 2.0731946098391965e8
1.548279725432324e8, 2.111694576682773e8
1.767459600686135e8, 3.729692661025371e8
1.1725323188008983e8, 1.5642800887394568e8
1.8592809241283828e8, 2.476071297549654e8
1.4458878160125238e8, 1.9955043193689588e8
1.65437052815644e8, 2.2916249846753645e8
2.3551673623671508e8, 2.950910869441527e8
1.5695513947612882e8, 2.1758912481648114e8
1.3283121893607391e8, 2.2668656040132755e8
2.9151922032482344e8, 3.456187288262984e8
1.9752014891538644e8, 2.5087179156709188e8
1.3274583968881233e8, 3.9055657782830524e8
3.244576125390589e8, 3.6303694355027515e8
1.5432154155918923e8, 2.22197688443182e8
1.233947891341589e8, 2.001753921771417e8
1.911163893755698e8, 2.6382698620964026e8
1.45758156433913e8, 2.084846725040248e8
1.307973607892433e8, 3.92557997584822e8
1.5233310546686167e8, 2.6099940158575374e8
1.3896330442074886e8, 1.9760724466249722e8
1.6811042931350744e8, 2.6710024731016374e8
2.41855002172111e8, 3.4087176108293843e8
1.705506200465805e8, 2.5071666522724998e8
3.0329676972502875e8, 3.6438704061025345e8
1.5176767184049693e8, 2.246649835272725e8
1.8240169870189e8, 2.704226386158614e8
1.29868582024087e8, 1.956305389408108e8
3.149747984533039e8, 4.4160212429132926e8
1.4438531524440545e8, 2.4743203583794188e8
1.4800315163020873e8, 3.338566145417124e8
1.494412437869565e8, 2.4852470908000162e8
1.8076820143966064e8, 2.6380057216236377e8
1.3427466052440858e8, 2.1375805621014118e8
1.5164769978868374e8, 2.3492950205659083e8
1.7969399560696575e8, 2.5157854472744513e8
2.4804387239417854e8, 3.889134026203916e8
1.2952939797594522e8, 1.8368438384162903e8
1.5869833665007284e8, 2.075386725581151e8
1.717778009813102e8, 2.584760855124214e8
1.3214837428356646e8, 1.9160120447921196e8
1.8966476855137837e8, 2.4041641396932793e8
1.4513491494539008e8, 2.1106598103125286e8
3.282817624858667e8, 3.987895898693475e8
2.082272324309596e8, 3.0329236473543656e8
1.241450377498067e8, 2.0014369522932374e8
3.441482488714277e8, 4.544774049953614e8
1.7080471408319554e8, 2.571215901304243e8
2.138173587651179e8, 3.762993365044954e8
4.278367538460199e8, 5.1410360353885573e8
1.1551537601382886e8, 1.8035270926610786e8
3.1787603778773713e8, 4.081453887055579e8
2.2462518537924227e8, 2.8609155481472826e8
2.930830281280694e8, 3.3261884270249766e8
2.0856023240039957e8, 3.1577668780758965e8
2.4309866418914133e8, 3.6393567366472423e8
2.2605191865226418e8, 2.9743147431380343e8
3.665310743852421e8, 4.52868649674661e8
1.6268290395392343e8, 2.6788750215405458e8
9.94225953429105e7, 1.5141450646361184e8
3.2056877103108275e8, 6.238130098709965e8
1.722398938136735e8, 2.5854837138606805e8
2.5350660958882847e8, 3.649435659652557e8
1.970365962750965e8, 3.0922356889769673e8
1.345135607066639e8, 2.1374610570379695e8
8.67601897368899e7, 1.8562918117061767e8
1.350081529127858e8, 2.1682778532171485e8
1.4191542219715646e8, 2.125593621920588e8
1.404050957492418e8, 2.3395858929012418e8
1.855757897202951e8, 2.4940333979766127e8
1.4218159982949084e8, 2.5237859767149758e8
1.7757516777099136e8, 2.6231857587769887e8
1.953965840936083e8, 3.27882153966787e8
2.2762066730125117e8, 2.82680014621629e8
2.891403491438049e8, 3.2962195870960516e8
1.3566657374946398e8, 2.504287315569057e8
3.6764101937616646e8, 4.3076309174311703e8
1.0858268763512723e8, 1.762205691084047e8
1.3700856396130717e8, 2.4970688467978764e8
1.7176117428244403e8, 2.1661988808997267e8
2.2557041609034678e8, 2.888738507446937e8
8.774008099457891e7, 1.4876788501573297e8
1.7622951766254562e8, 2.5768016196332178e8
1.389292541557229e8, 1.767320268715839e8
2.0175718416772434e8, 2.380536394750899e8
1.335459249538849e8, 2.0859135417917445e8
1.6244893600552097e8, 2.2651813184188545e8
1.675569425006371e8, 3.290868543302152e8
1.572530124640839e8, 2.5229915216500595e8
1.6755863261467943e8, 2.434973793911139e8
1.4949183935338232e8, 3.763220459524153e8
1.988258634470091e8, 2.977654821275997e8
1.3138724060101528e8, 1.9770191774923077e8
1.450474355898798e8, 3.2895382886107683e8
1.4640724419658384e8, 2.694622330717706e8
2.7081260671015596e8, 3.4380239527752244e8
1.724818897805902e8, 2.285796205197939e8
1.4006054943627787e8, 2.1641177980060753e8
1.589832449486913e8, 2.2770840223973933e8
1.288146528683411e8, 1.8870534613474494e8
1.7843960529609203e8, 2.4348146732896015e8
1.7074552212781784e8, 2.15229010907239e8
1.660372372738773e8, 2.077887343085092e8
3.5472604903923833e8, 4.1810829467530024e8
1.7403241817283106e8, 2.3038548496381214e8
1.1794233444394268e8, 1.707433824954751e8
1.3826638869546628e8, 4.1386863075852776e8
2.050697086929621e8, 2.656097968967911e8
1.2972884454174298e8, 1.7259915755629277e8
1.9022619043709448e8, 2.848334916604497e8
1.8092319011972785e8, 2.43975553234365e8
3.290133281446778e8, 4.300524375050313e8
1.5818561576113188e8, 2.1766917128664672e8
1.5603834711217248e8, 2.9217667885753155e8
1.710814562694482e8, 2.508460541163746e8
1.5626837171508998e8, 2.1326812143190506e8
2.6467564963484418e8, 4.421692506315492e8
2.019964235757499e8, 2.9236840714257073e8
1.478998931553114e8, 2.7449325915975237e8
1.8299080863896787e8, 2.2675461426094112e8
2.723209435159343e8, 3.1994342281300074e8
1.0572508360203084e8, 1.8968149615149164e8
1.7102642743488848e8, 2.985780097677431e8
1.5180970693806794e8, 2.110249210077275e8
2.2003581997305542e8, 2.8593796616572404e8
1.0737163612708275e8, 1.5193104280558512e8
1.3262874692677528e8, 2.402719299120816e8
1.585467610773232e8, 2.1949897938317123e8
3.1233632503980863e8, 4.122214606331863e8
2.1473072452919614e8, 2.944708116293934e8
1.9917583061294106e8, 3.1579220581920326e8
1.59862734811599e8, 3.2499196263044083e8
1.1280591267018455e8, 2.3242666241985273e8
1.7000881519121882e8, 2.3524040657850453e8
1.8343887185285133e8, 2.366900846325765e8
1.2183054691525292e8, 2.929964393520235e8
1.6162262477357125e8, 2.230441965805134e8
2.1323143512441012e8, 2.738179604675086e8
1.4799739699594697e8, 3.0958969814954555e8
1.2742900896641997e8, 2.637277854818856e8
1.4330626473576933e8, 2.222494703742353e8
1.4287264239716786e8, 2.4596835032155532e8
1.3378253696948023e8, 1.9197723001854733e8
1.5357767839156297e8, 2.4570923847881603e8
2.049352096194832e8, 2.73421893523306e8
2.4847509193650717e8, 3.821938905653932e8
1.2154228470511281e8, 1.9263852998120725e8
1.5292452729942423e8, 3.231553405772415e8
2.1004535933960703e8, 2.6011272084731275e8
2.0559688992970634e8, 6.012976316974239e8
1.5633175393969187e8, 2.2367799358988625e8
1.3664284357915226e8, 1.9513669462580916e8
1.3915767535093424e8, 2.1263674347244254e8
1.464370546600388e8, 3.126980983316636e8
4.1241063492879516e8, 4.837159961735981e8
1.7721633189020643e8, 2.6976905209383076e8
1.5773900341572684e8, 2.4335240450192386e8
1.7018439985440895e8, 3.3918366690867066e8
1.615899484502147e8, 2.3031644536140895e8
1.3629959268028736e8, 2.3551233354649094e8
2.2635487312840587e8, 2.799612553276913e8
1.409271097859953e8, 2.460587882796695e8
1.6056127210135186e8, 2.4725027820950478e8
2.1055533083465707e8, 3.1000239010222214e8
1.5961943546647793e8, 2.3508852669280532e8
6.565428194685818e8, 7.534954778275628e8
2.2085401990226218e8, 3.2460959021282077e8
1.552611382567256e8, 2.702378037840741e8
7.744953789241012e8, 9.230598119414835e8
1.5185764423721796e8, 2.6367558829959208e8
1.9901332053088766e8, 2.450381931271448e8
1.7461461443937805e8, 2.2167326408893716e8
2.2211988395832697e8, 4.3807843438151336e8
1.38058427274062e8, 2.0828460080222976e8
1.1474505165276796e8, 1.5849271923643935e8
1.4224761984854904e8, 2.1305118140948635e8
2.2776145727932554e8, 3.4534829150109756e8
2.9842193238158053e8, 4.706719470833806e8
2.4905106830353594e8, 2.9756316206174093e8
2.1483160806819367e8, 4.48262581221631e8
4.2784661317023873e8, 6.194732000641235e8
2.9816851761738276e8, 3.885852826542284e8
2.0669235481195164e8, 2.792837099846202e8
1.8889431865935472e8, 2.71575505877262e8
5.3230091610466605e8, 6.341529055990508e8
1.4803195550288466e8, 2.0939079416372982e8
2.753874560888108e8, 3.4123475946123165e8
1.893688896375221e8, 2.3246941726127627e8
1.7087866614109355e8, 4.316365308662271e8
1.5646329110117665e8, 2.2602999442845535e8
1.4551364236826935e8, 5.577099349870402e8
1.5374188582341224e8, 2.0394458565941685e8
1.7377092413480073e8, 2.301336496178523e8
2.5236605895341164e8, 3.5837989972338367e8
1.0674561220305845e8, 1.591908128207397e8
1.1869132034246622e8, 1.8341817314391693e8
1.2910875558840585e8, 1.7832418878205115e8
2.2153506988518625e8, 3.290867427172109e8
2.9327092101689124e8, 4.465427744230188e8
1.7240794667391402e8, 2.3100442903076288e8
4.241016640792697e8, 5.036890288032077e8
1.7087286595093247e8, 2.2564993568635374e8
3.601033758773108e8, 5.710058722319188e8
2.000650058054622e8, 2.5448103873450318e8
1.9675942916834298e8, 3.2189548745408213e8
1.7069558671971425e8, 2.320040134571542e8
5.143749943127538e8, 6.52329186848211e8
1.4433843781387073e8, 2.6428791473215875e8
1.8834955501590702e8, 2.6698469358855245e8
1.1938506558328374e8, 1.933706533128686e8
1.3119128530146722e8, 1.9252973260707223e8
1.543230268618916e8, 3.973856026879383e8
1.531748779976534e8, 2.1926636371180403e8
1.6656228372794953e8, 2.2926909748254418e8
1.3194429309088346e8, 1.7544804552288926e8
1.2199306907633936e8, 1.6818377990539113e8
2.5420917862134758e8, 4.7583401556048423e8
1.0300013711032921e8, 2.322832267002942e8
1.6864136383882383e8, 3.978338807913132e8
2.105017823178282e8, 2.905394471097256e8
1.3383350204580034e8, 1.7943724951922357e8
3.164843203980568e8, 4.327656521555519e8
1.3907493345592275e8, 2.0168030817126518e8
2.55194138036987e8, 3.5039486767554736e8
1.7123519672209296e8, 2.684135834583439e8
9.685743087188324e7, 1.6159969148766765e8
1.1050856445907119e8, 1.510322717373322e8
1.6107464543270648e8, 2.552840896821355e8
1.9374938358489332e8, 2.4706307656680068e8
1.3931094533563668e8, 1.9910051735279867e8
1.6047212456947076e8, 2.9620643494498175e8
2.489995856697604e8, 4.486591153132345e8
1.4322153244458148e8, 2.1516252548292083e8
1.9141117259861448e8, 2.8716383053010774e8
1.5530737449306878e8, 2.2617115331673452e8
1.9422319006445247e8, 2.6428189308516195e8
1.1669485628740484e8, 1.8404204173856583e8
1.689582976942911e8, 2.2714545618709964e8
1.1636672464043358e8, 2.0087784092111742e8
3.3853211385434806e8, 5.2036593767300457e8
1.7147339206212375e8, 2.2390446822810918e8
3.564675413948944e8, 4.099902728748541e8
4.7337428339480114e8, 5.35523300116644e8
1.501887013672692e8, 2.1194575177743363e8
1.6845475231378853e8, 4.5943722761379814e8
1.3318098226360512e8, 1.9437075845244053e8
1.834483923312998e8, 2.5352402955671868e8
1.3193692296392855e8, 2.404377363880746e8
1.47502293623922e8, 2.141979931852378e8
1.7329347466928884e8, 3.166491188532944e8
1.5106054750770438e8, 2.398918786243707e8
1.2029412406936748e8, 2.10673461928088e8
1.3828532970061773e8, 1.899310750587891e8
1.6150746183895952e8, 2.2336033847606468e8
1.512182760582888e8, 2.195487187805449e8
1.7551747851112407e8, 2.5289505573730826e8
1.9222982705649403e8, 3.1202570226543003e8
1.3063721213400894e8, 2.298845166504881e8
9.368676645867974e7, 1.4817382944009137e8
1.819759296301853e8, 2.2801706558172995e8
1.0712063221076526e8, 2.0440569876135394e8
1.539111336528133e8, 2.4518437181189615e8
2.893817531728954e8, 3.865188380322288e8
3.786599855437399e8, 4.646698897499899e8
1.1108744386549065e8, 1.7357620328464314e8
3.948849361014245e8, 4.687570825819088e8
1.7622269379626536e8, 2.1799463979828683e8
1.598406701323091e8, 2.407624045212273e8
1.1965573714053598e8, 1.968660088511165e8
1.5686884094214854e8, 3.0138956191538054e8
1.9290923436699075e8, 2.695526937176274e8
1.383025380897946e8, 1.8249583571783826e8
2.1952631053454858e8, 2.879364748591266e8
1.748250521350632e8, 2.3752829856823272e8
1.4582643742100868e8, 2.0502722053752935e8
1.785050550776067e8, 2.2949604881399903e8
3.475223088737462e8, 6.596001505994614e8
1.2706854898870382e8, 1.7828242546896502e8
1.4010423840605697e8, 2.811324110068509e8
1.6639418647301856e8, 2.3399912174281543e8
1.9649922059205112e8, 2.4516869568208882e8
2.1353077449874115e8, 3.0254298780234164e8
1.522660122535712e8, 2.5205886341068935e8
2.5242203708990237e8, 4.1866467234018123e8
1.2861180457383114e8, 2.0050130124037662e8
1.3359037669627555e8, 1.7118623615923002e8
1.9047850843858612e8, 2.691446530123391e8
1.3329981389727831e8, 3.450468333032196e8
2.33502819804785e8, 2.941334978316725e8
1.3509583012151584e8, 1.8444825334707958e8
1.4242576994576934e8, 2.140486776569483e8
4.728592167151948e8, 5.389701733947985e8
1.9160664357164747e8, 2.3641375743741524e8
2.6666070078075722e8, 3.6262300717077506e8
1.996452162809924e8, 2.687648471577253e8
1.5291795606221905e8, 2.197915528941079e8
1.3138876403792594e8, 3.406987856000474e8
2.1156156454482448e8, 2.9467561819663584e8
1.0465987730272892e8, 1.9895625827935773e8
1.666521945535296e8, 2.2215478376021436e8
2.4072107228895044e8, 5.171864855694156e8
1.1980017068213753e8, 2.054308897728768e8
1.8727493131701937e8, 4.273589971784367e8
2.4213721645247182e8, 2.966123304024741e8
4.842299827547972e8, 6.235140838005733e8
1.601542827787502e8, 2.6073972653328615e8
2.4514347214912122e8, 3.291290921519132e8
3.208135698836964e8, 3.858070417574954e8
1.43604293574493e8, 1.865263552263172e8
1.4484041895651078e8, 2.0647018605611417e8
1.7125501642306373e8, 2.3830393026272243e8
1.0085175589151001e8, 1.5936323445198113e8
4.449259839660818e8, 4.843422369286587e8
2.6046169778486344e8, 3.3266826891218746e8
1.8394002126349378e8, 2.6954866843903935e8
1.5420253232388422e8, 3.2296918818013847e8
1.3399631445151184e8, 1.94584260200789e8
1.4403929594753173e8, 1.9683962529034194e8
5.972992358832349e8, 6.353947432005476e8
1.7255114671698228e8, 2.3248593167407805e8
1.1947532710252136e8, 2.0503784793344545e8
1.4109029345593965e8, 2.731346332970986e8
4.036783492077189e8, 4.472687493675697e8
1.914887789368504e8, 2.8909176868824846e8
1.396665962848201e8, 2.3249184496914715e8
1.410038133426013e8, 2.1316063246427187e8
3.231104798237059e8, 3.6917161029792476e8
1.4787475020815665e8, 3.699547743991301e8
1.6147281630115312e8, 2.723112813756629e8
2.1232183517242846e8, 2.952112897811662e8
1.6749156536574292e8, 2.6251413331928402e8
1.3882752970953235e8, 1.8724146961092758e8
1.710435063462115e8, 2.2381653835051367e8
1.6963324673070955e8, 2.939617755436593e8
2.2977845827520725e8, 3.237724281453348e8
2.307396366354895e8, 2.9707119400219053e8
1.461886723482618e8, 2.498914700113234e8
1.3841241226481095e8, 2.0426400311666e8
3.866868611733334e8, 4.5633592739652437e8
1.3649814972369584e8, 1.9586863074192747e8
1.8671460193280026e8, 2.3102724506113905e8
1.526610560136699e8, 1.8770773778913534e8
1.9423024625311545e8, 2.7373243200115484e8
1.6840140795393455e8, 2.4796578891224426e8
1.4742579921396533e8, 1.931137473098758e8
1.2974137057800125e8, 1.7530672243417397e8
1.3256485812601025e8, 2.093408348208967e8
2.603658580556695e8, 3.1141352422436184e8
1.816516170341495e8, 3.605541952802229e8
1.8326453096180063e8, 3.709706605069529e8
1.642034896408618e8, 3.160003835154095e8
2.4633249854030675e8, 3.041889736522837e8
1.8487051095754915e8, 4.02576664570751e8
1.5291935562899342e8, 3.82474157070613e8
1.4630229624207717e8, 2.0320213169559082e8
1.5327019949036643e8, 1.9863366240725812e8
3.048500620266928e8, 4.0969792049774253e8
1.5944269603736612e8, 2.1631630677639532e8
1.5491956772085312e8, 2.386800196498446e8
1.8351836859965643e8, 4.0012364737080085e8
1.8502359766774002e8, 2.919449714287089e8
1.6454105342897364e8, 2.5625322475635877e8
1.8958846803598145e8, 2.885365684298947e8
1.44358438866281e8, 1.9311281941867977e8
2.503580132305017e8, 3.219527093375512e8
1.5935177364742985e8, 2.3583816251655346e8
9.213931065980168e7, 1.328563072629689e8
1.601142338340521e8, 2.6522076958983207e8
1.3109538142610656e8, 2.184532123307872e8
1.6058649842869624e8, 2.3375439054935414e8
1.677789433842566e8, 2.7008620455377823e8
4.279786641805791e8, 4.6115521051899827e8
1.899866059614808e8, 3.2212631964358383e8
1.1319098994299196e8, 2.249033688439373e8
1.394223884780514e8, 1.939170522687557e8
2.6350174629167724e8, 3.7400125430305314e8
1.2536712552216499e8, 2.1993914891405222e8
1.935291536068383e8, 4.074238422149288e8
1.5707533239223188e8, 2.1613239389282015e8
2.0006106636891887e8, 3.1150150101610976e8
1.156691903648646e8, 1.8311346559215558e8
2.5354670070657802e8, 4.112108455082682e8
1.586571396677332e8, 2.01225375237734e8
1.9204969224913654e8, 2.432431259875711e8
3.782975965623347e8, 5.1946815767528784e8
1.261659693633506e8, 1.724265388683676e8
1.6455518889987335e8, 2.4799740138078266e8
2.5906147833319446e8, 3.4298831526479053e8
1.6605127661632624e8, 2.6722626297292632e8
1.4557060956389904e8, 2.078405966234507e8
4.20522869048856e8, 5.2485421347415185e8
3.273922010466873e8, 3.833574593094186e8
1.480977096049162e8, 2.613238952005909e8
1.653423273403501e8, 2.265413447820722e8
1.7804445090837154e8, 2.8468849408396006e8
1.6961745067318156e8, 2.428239037861397e8
1.2081667648081551e8, 1.9127807938378888e8
1.6160612770322528e8, 2.3630103464782146e8
2.1618402689417213e8, 2.6839085406133074e8
7.405185480484586e8, 9.090284839697124e8
1.2903954956822003e8, 1.8727772809488827e8
3.766187828551786e8, 5.545911821747805e8
1.5911091277495834e8, 2.4980135863270116e8
2.103101633699919e8, 3.2236850411120325e8
1.6822425166936314e8, 2.1062281459049135e8
1.9728843439773443e8, 2.6719809921086332e8
1.7829985023925927e8, 2.571584000685347e8
1.3113122254970656e8, 1.7374006951641887e8
1.5491299427967855e8, 2.0309877358312696e8
2.2429218002780947e8, 4.685200129655696e8
1.7809491021084425e8, 4.472188057297414e8
1.4345844877885717e8, 2.672168758191447e8
4.583894132284566e8, 5.2975705194881e8
1.3799132040494698e8, 2.4187292012851995e8
2.7647342282649153e8, 4.9446206911898214e8
1.3160843914311726e8, 1.6787753407812664e8
1.3717368340132007e8, 2.5674327307668197e8
1.8081922807770216e8, 2.7745258655473375e8
1.8304700507334447e8, 3.0825751061125803e8
1.669428004302954e8, 2.4838982936242e8
3.3063691413698673e8, 3.597575902865956e8
1.5518580132303667e8, 2.5028868167746758e8
2.374876622761046e8, 3.2524938789995956e8
1.802636946035367e8, 2.2041400874516156e8
1.4191093343993312e8, 2.257416827323975e8
1.4428345814393577e8, 2.5798711097945184e8
2.6640140251331452e8, 3.1065712433630866e8
1.480532520574223e8, 2.8291159318312305e8
2.9254399392809564e8, 3.654096015862947e8
1.7523486209701374e8, 2.2738415918245718e8
1.3611464033460835e8, 2.36046256160608e8
1.1795789020367086e8, 1.9039029424880502e8
2.0413435289023378e8, 2.980269069426364e8
1.949031247714052e8, 2.6394953983325854e8
1.2778268201368588e8, 1.926950734672645e8
3.5684535627901334e8, 4.709635648701718e8
2.9002345502946985e8, 3.568348253773904e8
3.1231012263022095e8, 4.1039856853645676e8
1.4611265900796473e8, 2.271927105941528e8
2.264973451066005e8, 3.1583328829627824e8
1.2098388909744439e8, 2.2883653813839668e8
1.014867248029175e8, 1.7234258085618106e8
1.744520947033106e8, 2.4217807893353826e8
1.2693899288032538e8, 3.7821751714193195e8
1.498857824679403e8, 2.0904552691988206e8
2.0186240730925557e8, 3.02881697782568e8
1.1698727213494335e8, 1.8539512437343314e8
4.043809563936356e8, 4.7017805296055055e8
2.1178388753120735e8, 2.4882967881736925e8
4.234291140729118e8, 7.360897995445889e8
4.14338637735415e8, 5.137160816469267e8
4.0990164710865223e8, 4.971506733207759e8
3.6804725409948653e8, 4.1647661315847886e8
1.4241787794226357e8, 1.9983335780827612e8
2.1966805584926823e8, 2.7767590046090317e8
2.242443028711934e8, 3.4226979538575494e8
1.557968196132626e8, 2.0599100987512177e8
1.3842707718865734e8, 2.3575837084627485e8
2.2150241636339396e8, 2.9257673905074996e8
2.5249460622943908e8, 3.152376842991631e8
2.4688395188296092e8, 3.3809015342537373e8
1.6207441717613944e8, 2.1876610934620017e8
1.703068782164912e8, 2.960467093805248e8
2.0749310977515456e8, 2.7673653443679905e8
1.5492541927382267e8, 2.0604162332436278e8
3.3021698108195686e8, 3.9903558693863046e8
1.6624681882688296e8, 2.6473771419096014e8
1.2399795817588873e8, 1.821252085291961e8
1.258187539682447e8, 1.7605973722847784e8
1.400641783474929e8, 2.6890781093884087e8
1.4323015055961522e8, 2.601230550809145e8
2.875548847233902e8, 4.311893435870964e8
1.2630545961600927e8, 2.391122802251666e8
1.9258391713794643e8, 2.8646311564061695e8
1.4516978301451927e8, 2.3455206648163468e8
1.115194245834248e8, 2.1690911990988138e8
1.9233937967922655e8, 3.0458956153307974e8
1.45262060762066e8, 1.8555890418115094e8
2.163178959588557e8, 3.537279045662183e8
1.6598597180365974e8, 2.336379146767636e8
2.32721799637235e8, 3.2651595691468215e8
3.5826491271406424e8, 4.8283019741041386e8
1.7006740568166405e8, 3.0320977232301366e8
1.9647501703202942e8, 2.767263393821415e8
1.495465638389076e8, 2.2115275353872707e8
1.8669392260690144e8, 2.3785721991117984e8
2.5910659690947136e8, 3.579213598877781e8
1.2639420240440448e8, 1.883737487070907e8
2.3651385607158646e8, 3.387843662700885e8
1.3272510831289876e8, 1.786128437171783e8
1.360416749132428e8, 2.0306791717723104e8
1.305181658335478e8, 1.9995254033781052e8
1.3284800505257998e8, 1.877791285713438e8
1.3521755777515832e8, 1.9098694578157407e8
2.2899776382330954e8, 2.886986303289391e8
2.3541759334700212e8, 3.263029883653663e8
1.4415575205140272e8, 2.2026101958684433e8
1.4779201935680014e8, 2.0760969159461248e8
1.6950790100964013e8, 2.9260339649718577e8
1.6986507247877073e8, 2.508891218503576e8
1.255312311689678e8, 1.6775867445466152e8
1.4863330680202267e8, 2.0124199492284673e8
3.025837147386882e8, 3.5741799517276204e8
3.7379329463003033e8, 4.567546257194441e8
1.5274250228640926e8, 2.1514866363248363e8
2.894169722544574e8, 3.112141392239054e8
1.604619624618314e8, 2.715098745003323e8
1.2581565451089431e8, 2.2364929725330767e8
1.2893414540111788e8, 1.8015662630040637e8
3.472106463194601e8, 4.09970173231741e8
1.7931790339698315e8, 2.3222269087431878e8
1.3695526038236976e8, 1.837704531979848e8
3.7731631199160296e8, 4.8411084353931665e8
1.7045581801508525e8, 3.158346906059522e8
1.671704721636001e8, 2.579564792291488e8
1.437624892366247e8, 2.328109190874997e8
1.850036982871865e8, 2.6687397082181343e8
2.042729626999492e8, 2.6725301748372832e8
1.804827601543429e8, 3.0701388303783107e8
1.8220661106945166e8, 2.6719797697891858e8
1.3934960464826337e8, 2.0698678718217564e8
1.4174278050079125e8, 2.0570655908579302e8
1.4544278407529467e8, 2.441386313084399e8
1.180984138197657e8, 1.9716707201276523e8
1.5980794975397512e8, 2.524029328081418e8
1.4036046239169133e8, 2.0704120541123605e8
1.738395226124418e8, 2.659745199471758e8
2.583284872091101e8, 3.132483232609416e8
1.4789605631504136e8, 2.2076480766558704e8
1.5742957839093873e8, 3.94912920587542e8
1.5088716083642122e8, 2.2377186440569142e8
1.9610543025238395e8, 2.889653305189575e8
1.4375922016085768e8, 2.5909280600217748e8
1.2611508005865915e8, 2.6545569762331995e8
1.8748099170549113e8, 2.6136782305512628e8
1.0587542649853434e8, 1.656234157714382e8
1.696251398691685e8, 3.268982414971247e8
2.025950593521023e8, 3.6259050888030916e8
2.701996720466661e8, 3.970625732769254e8
2.4976990766819024e8, 5.081039223320268e8
1.8336259331801227e8, 2.5523604042847282e8
3.186282434830275e8, 3.695537716149701e8
1.4186841421733773e8, 1.8720915747057918e8
1.2387219853012119e8, 1.8488382304362118e8
2.197374125626837e8, 2.902411427470473e8
1.4461779439720902e8, 3.1788104512039804e8
1.508582595376989e8, 2.2807009835653442e8
3.992448864743563e8, 7.81789225423135e8
1.6807060994820052e8, 2.0741265274510062e8
1.450403887453204e8, 1.9685409084713465e8
1.401192474483077e8, 2.839549403914835e8
1.4976625648555136e8, 2.2758891512828034e8
2.9592794997923696e8, 3.3951361801806486e8
1.539778410668935e8, 2.1137278328136262e8
1.4839654579543814e8, 1.8570373885657835e8
2.2380651038350007e8, 3.4066629450181335e8
2.018935708272375e8, 2.413466861955134e8
1.0173116691306481e8, 1.604495343889722e8
1.6941167542004147e8, 2.6147057056584883e8
1.5753603640698227e8, 2.1184259448046982e8
1.253857317910912e8, 1.6932549166282362e8
1.336277954186606e8, 3.464850078628137e8
1.4204025978026858e8, 1.898709729259478e8
1.6256889489009362e8, 3.4593660139255714e8
1.5231403283669645e8, 2.0885437167142788e8
1.4584298928239283e8, 1.9434374085186002e8
1.8368777565664008e8, 2.4064102083772966e8
1.5962134318099666e8, 2.315599683541739e8
1.701022328898408e8, 2.652529220386532e8
1.1578779656346083e8, 1.7075295138582593e8
2.2008879303736553e8, 2.8090026561278456e8
1.5584062605226168e8, 2.047584238983141e8
2.531471416582868e8, 2.987138531236915e8
1.3164771009332886e8, 1.9560878680133957e8
3.624100720095307e8, 4.445333669590138e8
1.3671290084248868e8, 2.3593491160501495e8
3.616102226302799e8, 4.2065819212801564e8
1.2660630248904434e8, 1.9686168248476362e8
1.8464968448110566e8, 2.762029097945868e8
1.7758058377248687e8, 2.5671372899003193e8
2.1047053670229846e8, 2.6921142996446466e8
2.3322074676714537e8, 3.051373932937552e8
4.573606384138028e8, 5.3139880944887054e8
1.1599095474942225e8, 1.946272679426924e8
3.252952541058512e8, 4.0667440571774507e8
1.8021722907858953e8, 4.007372610558109e8
1.680247238788324e8, 2.231389726873701e8
1.8253819256347302e8, 2.349770030252878e8
1.370796034535016e8, 1.7354205193339106e8
1.6546363517519772e8, 2.8694508130769867e8
1.1274148006027573e8, 1.9513593330214223e8
1.3090175554567581e8, 2.6351862608914486e8
2.1795449108534712e8, 2.7399067316006327e8
3.29436397470425e8, 3.838439935125283e8
