2.1996468742148495e8, 2.476692897495173e8
4.036858471684626e8, 4.620570447843631e8
1.5088513648491654e8, 1.8865925684750777e8
1.0392909419309284e8, 1.3237677679441184e8
1.1290610887491474e8, 1.9254194981468225e8
1.6533554986406583e8, 2.7658788763577104e8
2.1776238224411187e8, 2.6731166832169136e8
2.8242315816764605e8, 3.5031097248771715e8
6.252458076877383e8, 6.876272137387507e8
1.59121038399367e8, 2.2957908587181756e8
1.0573235223631316e8, 1.5691040723496628e8
6.092149817607278e8, 7.049732641116543e8
2.0505114127544963e8, 2.695738281384732e8
1.8351908648656556e8, 2.3808791120578906e8
9.378245953869566e7, 1.7725521243001863e8
7.651928208142185e7, 1.0277244638681196e8
1.7469822741955942e8, 2.354580482055374e8
3.868877105868948e8, 6.105010506944499e8
1.0358757293496184e8, 1.830846351788263e8
1.3878476883938876e8, 1.906917386384103e8
1.6635207112584892e8, 2.7824375577663153e8
1.7223266165291122e8, 2.4035227618217978e8
1.2180232787765837e8, 2.2739186882167786e8
4.0279837170737934e8, 4.49895890798775e8
1.3655745746627244e8, 1.9941154790231296e8
3.2339951225297236e8, 4.312753253794192e8
1.2971117746473897e8, 1.9531862733066532e8
7.369972130486384e7, 1.4781889871387258e8
5.629887175613959e8, 6.184656050648123e8
9.607697370243731e7, 1.2682067055789612e8
8.488793433865194e7, 1.60051565785681e8
5.0739006345969164e8, 5.500770896685243e8
1.3341205609530894e8, 2.4577969034699476e8
1.206902892200068e8, 3.061886860435343e8
1.4674920747524753e8, 1.908012930050397e8
1.723973921016191e8, 2.4559502248304254e8
7.263390897891034e8, 8.109293434663576e8
1.342592503511303e8, 1.889175964849902e8
1.964430729818721e8, 2.6392341273904267e8
1.0062460000427385e8, 2.974731877120606e8
3.4469671222072273e8, 4.43514654882697e8
1.564125182573595e8, 2.0330604730064458e8
5.93345814137491e7, 1.1643454606310777e8
2.758530500274125e8, 3.4716204778580415e8
1.7667923258623528e8, 2.4280509653141037e8
2.32783233765408e8, 4.6816770645921427e8
1.2714931789133355e8, 1.7895484254765394e8
1.7253662352685863e8, 2.6795372272828373e8
9.669852412529722e7, 1.5477916735396764e8
1.6938293631905332e8, 2.4499563315125763e8
1.7194340795724627e8, 3.615462180753411e8
1.017673048151525e8, 1.5911521049525124e8
1.0531218314355536e8, 2.919877097972012e8
1.579397988857051e8, 1.8831935653161588e8
1.3881750069226483e8, 2.0545843452753043e8
4.1544701982818186e8, 5.938529298813803e8
3.399222722148947e8, 5.401655391418288e8
1.3531258194857278e8, 2.0423965440722784e8
1.2224793511347371e8, 5.121077136006898e8
8.635034596793516e7, 2.228237421104761e8
1.1093226113867465e8, 1.416850773159171e8
1.0246804966863695e8, 1.2483692802094273e8
2.0086401862998497e8, 2.6871334792841166e8
3.563776624925503e8, 4.984062297985234e8
9.518987908253129e7, 1.6005837815536204e8
2.2961055616848913e8, 3.032533742585602e8
1.4331116657060236e8, 2.136783404272825e8
1.3697196177444458e8, 1.886395873489893e8
7.194363025208645e8, 8.262700558275138e8
2.713878672794349e8, 3.302579321489118e8
4.819948213283736e8, 5.2328227868516165e8
8.75152523024489e7, 1.3580484652577686e8
1.2549751604167716e8, 1.900352497279145e8
1.3182977765350515e8, 1.8995886362721676e8
1.3526315476572636e8, 1.683712636469074e8
2.0569382088577142e8, 3.187302609255998e8
1.1470087902521391e8, 1.8756833719488212e8
1.0771043466834392e8, 1.621142272902046e8
2.0053109299983165e8, 2.735320642723598e8
2.914544045955924e8, 3.3254516574340534e8
1.6294936004970548e8, 3.963016791461848e8
2.3053080518080217e8, 2.906106411046047e8
1.4862750502925706e8, 1.856292244540407e8
2.571002005417303e8, 4.153637137521351e8
1.0166805525213838e8, 1.5890719941524008e8
1.0535116541611427e8, 1.8213515274703208e8
1.6223256944942814e8, 2.3270444222270268e8
8.246918183259526e7, 1.3644436161105254e8
2.0720028405253005e8, 2.5551403476266104e8
1.4924959458519572e8, 2.052591415083622e8
2.1856862984684125e8, 2.962896468965182e8
2.081573252689794e8, 2.6272742017989245e8
9.742482362967557e7, 1.6456272370980185e8
1.2421048083299893e8, 2.1710063109080434e8
1.5998829404009348e8, 2.0666546337725577e8
1.6770059166750067e8, 2.425237109851703e8
1.4667234272973305e8, 1.7713884416031978e8
5.4811594314955e7, 8.743203703465946e7
9.665815972110967e7, 1.7172500315234616e8
1.7840090837625358e8, 3.08898040144983e8
1.505913905021582e8, 2.1147011681770688e8
1.1301964446066336e8, 2.625035909890091e8
1.9550890278725338e8, 2.848356682855368e8
1.6352201572382072e8, 1.955598254248183e8
1.5024434773655373e8, 3.286205875246229e8
1.3550972601488265e8, 2.45562029531406e8
1.4423051820184663e8, 3.0238402263825005e8
1.1858516080775142e8, 1.5380261096473703e8
7.166719519114822e7, 1.528820974289655e8
1.1072153550043295e8, 1.7418023930516282e8
9.907997435075623e7, 1.6055381939308542e8
1.527296366832288e8, 2.03154463840503e8
1.462051914260167e8, 2.6134513836515537e8
7.712628395214607e7, 1.9908160378130284e8
2.0407300421734804e8, 4.001663419259424e8
3.1006693053534555e8, 4.88896687175421e8
2.2498796146871233e8, 3.6363047712246776e8
1.1692475772502735e8, 1.7071640054523525e8
6.301020007380576e8, 7.948658199960655e8
1.6880480181633985e8, 2.1991148937854052e8
1.8346433849337935e8, 2.5191687828389063e8
1.474187070286488e8, 1.8393615596968785e8
1.244399686493069e8, 1.666251713856527e8
2.2672294369089073e8, 3.032209019449889e8
1.2377394792530596e8, 1.5136791684906018e8
1.34130990668267e8, 1.8669192461538228e8
1.0496817935492332e8, 1.5962207674723917e8
1.9827906118790329e8, 2.7268749165566003e8
9.932281705730328e7, 1.2961274330917789e8
2.5306130594062096e8, 2.995033932647792e8
2.6725446250429648e8, 4.4948691969506127e8
1.759472378081486e8, 2.781145259461403e8
1.443008343743847e8, 2.193122967149785e8
1.744984324716356e8, 2.103700851177761e8
2.2927460905840847e8, 3.084796692255256e8
1.0671505339853199e8, 1.720437784153091e8
9.855221807426983e7, 1.950074323515221e8
1.1392654693463136e8, 1.9090554433283135e8
3.254821820092588e8, 5.2334316022449327e8
1.379841697147545e8, 2.6718320875861567e8
3.144078957076078e8, 3.7464838855868083e8
4.856161808946004e8, 5.139112941500949e8
1.5585489989624935e8, 2.9116637086564076e8
4.150133812633342e8, 7.351267415588819e8
3.295342404211231e8, 4.571092383137572e8
2.948556554241605e8, 4.4970356331303465e8
1.232880773221944e8, 2.2135821751483497e8
1.2541664854297525e8, 2.5032854487910175e8
8.671368265992232e7, 2.2267627798574343e8
1.3367254392524244e8, 2.4315694218090647e8
1.8334876365098748e8, 2.423384216906813e8
1.0880994400264707e8, 1.496360776158824e8
3.3001766695857793e8, 3.88088875793016e8
1.1370467710248552e8, 2.6030053891982535e8
1.7757606364148614e8, 2.437268786758309e8
7.812933679797219e7, 1.2405189031183246e8
1.9003762739219308e8, 2.811890954805302e8
1.4705228429330385e8, 2.3028058900049397e8
1.7452297760967597e8, 1.955168106421372e8
2.704492336529903e8, 3.7835586480468243e8
3.638061227581911e8, 4.3117753231265086e8
4.7284696070171714e8, 7.878428475238007e8
1.1002415594387494e8, 1.555320125823017e8
1.5776806675278726e8, 1.9030658957285154e8
8.473241475314224e7, 2.4579495355996194e8
4.306383251314274e8, 4.650782984138426e8
1.1367317026360287e8, 1.7180425916357258e8
1.6601435680150875e8, 2.1232995469343558e8
1.457654707605174e8, 1.9819140778939977e8
2.0849078288956496e8, 2.6830300644283724e8
1.665917711368314e8, 2.3563986175469294e8
1.2866121369327651e8, 2.016935198562913e8
1.2063340672113979e8, 1.676715825535013e8
9.965871931099984e7, 1.3264045695592509e8
1.1971569080063652e8, 1.689272921055747e8
1.9257385419765723e8, 2.648007343664627e8
1.2244276204225712e8, 1.6628035506995618e8
1.1977940188782793e8, 1.535494315179308e8
1.266453949579091e8, 1.726239405284894e8
3.688766272466169e8, 4.5112435481374556e8
9.066533141579464e7, 1.5458783237691128e8
5.88049663937281e8, 6.909139794154543e8
2.7829105697479486e8, 3.560647735023004e8
7.615889929506177e7, 1.8723655233359975e8
2.2049676818557683e8, 2.5116334377333382e8
3.267822157720726e8, 4.28736480220989e8
9.443895252592207e7, 1.4666211454739422e8
1.0122083101796342e8, 1.5833494764644423e8
1.4644788550611866e8, 2.2212370921190244e8
5.581986549469639e8, 6.215094208805689e8
2.1650371656195182e8, 2.824780028480933e8
1.9326734439794523e8, 3.09485980436849e8
1.2754275954764143e8, 2.761489532228869e8
1.3427774599392927e8, 1.749756036347596e8
2.77435536837914e8, 3.838253005335917e8
1.3847641603987974e8, 2.2621887888186884e8
1.2982404789879666e8, 2.2572782267311567e8
1.2877815214822388e8, 1.6637757845274436e8
1.5144410263282865e8, 2.3524450685589033e8
9.44687608239995e7, 1.5604634337237537e8
1.5202408641403985e8, 2.3069010496652701e8
1.1949922140508242e8, 2.4334266043525907e8
1.4455099501229674e8, 2.0229785713645682e8
9.421150644580255e7, 1.3464751660299894e8
1.520164551629617e8, 3.6518975133589286e8
1.8923351290608004e8, 2.902040774435398e8
9.812400519991389e7, 1.8081023777002758e8
1.9343192978629234e8, 2.5328762526533082e8
1.8725357130031288e8, 2.699909827755945e8
1.8383530179522386e8, 2.469610357021545e8
2.923515238126425e8, 3.579591781488149e8
2.1604662594568083e8, 3.2417132078385967e8
1.0680008423531827e8, 2.2166449544407555e8
1.2212972177372485e8, 2.2130426868730608e8
8.20594125051717e7, 2.1172184922547844e8
2.1855852918513823e8, 2.665151041357405e8
1.2995830736544304e8, 2.1567932318062833e8
5.64667132724623e8, 6.852678290567838e8
3.3667433645754606e8, 4.257088823457594e8
1.1438258086480175e8, 1.6729679454436037e8
1.0835812301126543e8, 1.5669581698443773e8
2.12755786611553e8, 2.793823273463682e8
1.2275304247328387e8, 2.746517793100323e8
1.0747261496422015e8, 2.058174370653958e8
9.2299870829154e7, 1.6302845430561623e8
1.1515173438648702e8, 1.957540288584908e8
1.0282806696370006e8, 1.5899402763859326e8
3.9411583569741666e8, 5.830477884246738e8
5.256318647495587e8, 6.084647590655578e8
1.8120689725030643e8, 2.1049264066676894e8
9.557330190386537e7, 1.7911763141464227e8
1.224440109044529e8, 2.2666403406400344e8
1.158669737280687e8, 2.0279787994139317e8
8.090613873747285e7, 1.5517157921635225e8
1.2983817285358109e8, 2.1420553956799498e8
1.6932735323899573e8, 2.3525176129452053e8
1.4249321492034775e8, 2.2311944240149784e8
1.2064361515488002e8, 1.649532332302228e8
1.054329547923179e8, 1.6052175496286967e8
1.086235584718156e8, 1.6325517669766495e8
1.1957868641697444e8, 1.7265117630947286e8
1.4944113871662486e8, 2.11286176216153e8
1.8405807923143852e8, 2.6160172400049382e8
7.130805738417083e7, 1.189728312508326e8
1.3247049259475905e8, 1.8227656827411488e8
1.1404764688020286e8, 1.697517598664664e8
1.5809491761010614e8, 2.443395132204508e8
1.1651528612446271e8, 2.862501555301258e8
1.2921249007883754e8, 2.4111061910578477e8
1.4604843518944225e8, 2.2154255788411817e8
1.5565987177852634e8, 2.531773472259516e8
1.5531067034686363e8, 2.678940793152493e8
1.3123015614946112e8, 1.6738669798735327e8
3.1562458092959297e8, 3.4190219604745823e8
1.3094822804581569e8, 1.7938888696043473e8
9.980308761336079e7, 3.208644565943243e8
1.2650522683379996e8, 1.9972407907146138e8
1.4412441037747005e8, 1.8978733133780584e8
1.2574271409134416e8, 1.9748970267237842e8
2.8081683310288596e8, 3.179290605510131e8
1.2581040017018442e8, 1.8465454376268098e8
1.7913364116780213e8, 2.3527845418865672e8
3.376201355481739e8, 4.413714093512273e8
3.852598434265195e8, 5.701112305138904e8
9.250858048556218e7, 1.3676678164917296e8
1.0470756835444702e8, 4.8394291221012336e8
1.2940288885981023e8, 2.2765978210255426e8
1.1725802420636198e8, 1.839848663605991e8
4.9490714619446504e8, 5.594645990982001e8
2.1522234460746688e8, 2.907845453654055e8
3.3080188121234065e8, 4.041195055401426e8
1.546464355316509e8, 2.5458094752237067e8
2.1259808224433514e8, 2.365480715295655e8
8.81379590643587e7, 1.5687101909538606e8
1.8875277719455594e8, 2.4404594483143088e8
9.644946115757294e7, 1.78125225386833e8
1.3764504646128616e8, 2.3263839919492075e8
1.365718134986397e8, 1.9837558680485624e8
2.4400936061633113e8, 3.822313014753134e8
1.1792653616985516e8, 1.9217524179609582e8
1.9337588868202808e8, 2.4829280543142593e8
1.6873586702970472e8, 2.522763299903455e8
1.571934805965004e8, 2.2498300841357931e8
9.564075972850499e7, 1.6028531146299028e8
1.6586997951761132e8, 3.2962387839668983e8
1.8599201582225424e8, 4.534310359974777e8
2.243903498956616e8, 2.7132158714773583e8
6.171216033949482e8, 6.414825748456192e8
4.397067414862324e8, 4.784824000598513e8
1.2268996287630218e8, 1.6707342565312234e8
2.1453190262393096e8, 3.260801397719808e8
1.5489690283301035e8, 1.8070138964740598e8
9.533874915957993e7, 1.61882814780613e8
1.180024248674126e8, 2.0693842789979488e8
1.3587535677821875e8, 4.5592049755302507e8
8.595659699050786e7, 1.4868443026400247e8
3.470787582839597e8, 4.046314098453762e8
1.7808118234548616e8, 2.799574948961111e8
1.0793259702209538e8, 2.5919882477997398e8
1.9608475147148973e8, 2.662312971545188e8
1.2393835539458795e8, 1.4649289715613198e8
6.862639864099774e8, 7.304221610114619e8
1.0462529285055247e8, 1.664141684238612e8
1.1174681800768614e8, 2.041728116256115e8
7.64859428444357e7, 1.5564863191736507e8
1.2309097278576253e8, 1.955812659552064e8
4.776245110943303e8, 5.525462531239771e8
1.6150506347874528e8, 2.5504613873039898e8
9.405370179603836e7, 1.2078365112779357e8
1.2228929859731501e8, 4.22029503565029e8
9.36693990905576e7, 1.5252902490700948e8
1.101161103196867e8, 1.5797534443864778e8
1.1940624419764316e8, 2.4617510503597295e8
4.443551462031921e8, 5.0165242960208386e8
1.192786406481688e8, 2.0740922163866055e8
2.935927085488069e8, 3.3426621077723897e8
5.761241352887003e8, 6.320433795282586e8
1.2094435439194448e8, 1.8611369593921068e8
1.5162963957796487e8, 1.9354987246726128e8
8.44210678861988e7, 1.7231145372017846e8
4.5765221389180297e8, 4.967377991706389e8
1.7300765328295738e8, 2.2748096261430648e8
7.294541157894826e7, 1.0556408308694041e8
1.4098097847422186e8, 3.066256381480395e8
1.638904755117207e8, 2.0359788317625532e8
1.3079012351462938e8, 1.9115015992194337e8
8.368924576137507e7, 2.2040505222767565e8
1.6427281830697688e8, 2.988611915381654e8
1.5053997904647663e8, 2.1091546410472086e8
1.1848554141942598e8, 1.515340187324001e8
1.8071099210779372e8, 2.182877579229642e8
1.1744597172753216e8, 1.9006904008558595e8
2.2421316209639665e8, 2.831236461531091e8
1.604284039469404e8, 2.041552994567719e8
2.4719860502772492e8, 3.7272599895383716e8
2.0743367285224855e8, 2.9432896943381184e8
9.156137608624618e7, 1.5604179994363132e8
2.210339313985037e8, 4.03775712533283e8
1.2153399531677002e8, 1.5100570376987183e8
4.828840426617973e7, 9.048504874425982e7
9.811245905617471e7, 1.655841053007617e8
1.0811249800343041e8, 1.5788153480472618e8
1.417601489110676e8, 1.7606693637916723e8
1.0725992306592776e8, 1.8478836533959046e8
1.500281499136563e8, 1.8525292027195328e8
4.3424864181824315e8, 5.461967394910606e8
1.6955576877989313e8, 2.1686653236868763e8
1.5173085154015088e8, 1.956074970878386e8
1.388482567297633e8, 1.9468713852408358e8
3.11132570047179e8, 3.867364390912559e8
1.8855028559188718e8, 2.729788875945726e8
1.1349747131640558e8, 1.8603772128840852e8
4.4325665838369817e8, 4.992561027415688e8
8.769126007705453e7, 1.1535524472740912e8
4.655589774979574e8, 5.754640843778529e8
1.1535039652784003e8, 1.5524463533371612e8
1.7516222773826814e8, 2.3398013399535343e8
1.1932171327228105e8, 1.730980377213627e8
9.827191538196425e7, 1.479433802147922e8
1.2178975655331793e8, 3.2359309336600184e8
5.447606074131071e7, 9.638575201249751e7
9.08689175449399e7, 3.581042967748863e8
1.2445124966689666e8, 1.74543440602487e8
1.5573566276185536e8, 2.4928849081102768e8
2.986315504481601e8, 3.8375536314180076e8
1.2284378763056412e8, 2.244023756745116e8
1.2149740838569166e8, 4.30426699536898e8
1.769398554172421e8, 2.92439017463636e8
8.9552811302742e7, 2.8841755744057417e8
3.179133384289221e8, 4.12949142670901e8
1.3318432870692605e8, 2.573855179549541e8
8.103525597559299e7, 3.758238631845323e8
2.3201573323838055e8, 3.3362901923545253e8
1.586092829267974e8, 2.1918330593665588e8
1.5472609505801958e8, 2.1947792381352037e8
1.1740695056319137e8, 1.7293045139810085e8
1.7266691852789304e8, 2.5726815250931138e8
1.2361522783035155e8, 1.54442589622699e8
8.295701153835748e7, 1.647061721895255e8
2.0232114607677606e8, 4.470340871534496e8
1.4257265617370236e8, 1.8979198171124372e8
1.0609874275080192e8, 1.4757362618920648e8
1.3929515754920745e8, 2.2234626836177245e8
2.673700288350549e8, 3.259886204049844e8
4.473685107364715e8, 4.978526637554895e8
2.5701766767988196e8, 3.8296661513427603e8
8.819340425946794e7, 1.3753666824193454e8
1.2309331586417209e8, 2.034360187222495e8
2.8077647260542893e8, 3.3322500829872197e8
1.1880223467414968e8, 1.665703553142154e8
1.659988659264139e8, 2.62909676794189e8
6.479981963513288e7, 1.2000863925343092e8
4.914185405828759e8, 5.385160635541178e8
1.2376933186433387e8, 1.883995202566658e8
9.721323924184479e7, 2.3431662567720267e8
6.416097637798733e8, 7.263191561025879e8
1.063627554149268e8, 1.7850815713081965e8
1.6417860872100142e8, 2.7501022692150843e8
4.16215015895203e8, 4.893095407826684e8
1.1366605810284771e8, 1.6430077260196665e8
1.1587097413987911e8, 1.8357489978941086e8
1.441201962055664e8, 2.0761012465661755e8
1.1306381640219042e8, 4.310585555281751e8
2.2449634848133877e8, 2.8216017494894e8
3.29376676191433e8, 4.4601811558827746e8
3.868378956784896e8, 4.30951146157963e8
1.2996145710460651e8, 1.7653527153067622e8
2.215439866987727e8, 2.7615547283565015e8
1.1054700211642736e8, 1.5508258262133563e8
2.5997162237787938e8, 2.894491209080704e8
1.2753035984287886e8, 1.8279941804656792e8
1.3007842953331245e8, 3.121344979158161e8
1.896576704456006e8, 2.6632365958971137e8
1.1158153841073972e8, 1.7374745732281503e8
1.3965345498184446e8, 2.0788117393065822e8
1.657522552984126e8, 2.1404469995463216e8
3.025599583734077e8, 4.240695377421587e8
1.6201302389078876e8, 2.555219862364879e8
1.0060118987834679e8, 2.6785615429870415e8
9.749208855839892e7, 1.38894975556216e8
1.1259683899869947e8, 2.1281173078218904e8
7.737649123202197e7, 1.4144317497161916e8
3.0121877531721205e8, 5.2827414089954704e8
1.0653508910250169e8, 1.57155989219266e8
3.287102060854029e8, 3.942355244125337e8
2.1403983616081724e8, 3.330392146122747e8
1.290908325641258e8, 1.742962220780561e8
1.166221235392272e8, 1.6676853217672825e8
1.0717287246775895e8, 1.453868239699057e8
5.388447991132889e7, 1.511902687772298e8
1.9777639844556785e8, 2.911406909686396e8
1.7475380740065682e8, 3.997995710155407e8
3.428755577299538e8, 4.091719808114865e8
1.9050893535439646e8, 2.1884250486739376e8
1.3818483561497664e8, 1.983979264636415e8
1.1813765650587563e8, 1.5763822546618003e8
1.263392951945351e8, 2.0996524058041373e8
1.5743918349554962e8, 2.173483080840565e8
2.460288338223985e8, 3.636853222290598e8
1.0792840641505907e8, 1.6556945022085863e8
9.995169544414829e7, 1.4461733535222924e8
2.3862270098410442e8, 3.249118540220202e8
1.136632171206058e8, 1.9145299384725663e8
3.861080813116295e8, 4.206491188278762e8
1.8328288042996484e8, 2.1836155798517114e8
5.915627719059327e8, 7.938708760502194e8
1.4640563083591378e8, 3.088458696225594e8
2.6096551416319153e8, 3.021632306560791e8
2.524892339858606e8, 3.440456257964127e8
1.829271008408779e8, 3.309904079442971e8
1.1148006786959034e8, 1.619611830822873e8
1.664957167934515e8, 2.452486808460315e8
1.0405661073735483e8, 1.8344027405671e8
1.754217875340394e8, 2.4212649771508288e8
2.4571401411335182e8, 2.743873436941626e8
1.1129244520273794e8, 1.551850535941723e8
1.0678196738947122e8, 1.9929875598404714e8
9.800029282072152e7, 1.4554472180397698e8
1.0866567992193319e8, 1.679458434738528e8
3.80843203588108e8, 4.7221439177893275e8
3.1463902540638787e8, 3.9362130286609524e8
1.7087333178877813e8, 2.427868058885272e8
3.1870300843274647e8, 4.63097486771374e8
1.2771121242965129e8, 2.3642284085316622e8
1.342947309533805e8, 1.7863077900457218e8
2.5684738941968596e8, 3.538802127510462e8
1.2186808045265386e8, 1.6091253966793236e8
1.7214495503682548e8, 2.3255981678634366e8
1.3408945704254314e8, 2.512389519327105e8
1.0697203622148006e8, 1.422636117959756e8
1.0150743355680126e8, 1.4499557196226728e8
3.1665577586483425e8, 3.9805002351563174e8
3.9868732950192416e8, 4.731499772864552e8
3.089935913835629e8, 4.2726191336181545e8
1.1327544526917687e8, 1.550507523672037e8
4.164751164535881e8, 5.906438960979095e8
1.0869877027662948e8, 2.1518811332829916e8
1.4857944390562385e8, 3.4205077869084144e8
2.9973765937965995e8, 3.345976104289483e8
1.5233410839925447e8, 1.8949705072736368e8
1.2606735711481655e8, 1.7231712939863467e8
2.0353352085632485e8, 2.6452458090335172e8
1.2241608782755965e8, 1.8353233540952465e8
1.574176566479937e8, 2.3913726458139917e8
2.2487034974504837e8, 3.4754996491867936e8
8.455570783217962e7, 1.2458958865339518e8
1.651040130085828e8, 2.3341166981036267e8
1.2606593628515615e8, 2.461809005498175e8
1.0567544550715888e8, 1.667250688829111e8
3.0256804993279564e8, 3.864132225812676e8
9.874517289101057e7, 1.3711531376649553e8
1.1561415835645474e8, 2.0123314968871564e8
3.27000373173816e8, 3.98941001889865e8
9.346648980812833e7, 1.7967584377697003e8
9.759074237509441e7, 1.4612542723863804e8
1.0134552015546696e8, 1.736782663928403e8
1.0424555550805762e8, 1.4637948801045728e8
1.5278185534210438e8, 2.1750713630583736e8
1.6563405931753105e8, 2.1684175110846835e8
5.5339828557800874e7, 1.1099142920972252e8
1.2626152899202971e8, 1.8839462026735413e8
1.214344215271233e8, 2.173951768122972e8
1.383198902688737e8, 2.0863294435862845e8
1.0285774771962929e8, 1.487318657358697e8
1.0383445043673521e8, 1.8199571544591764e8
1.7029267748869243e8, 2.3532992540399572e8
9.978111013522579e7, 1.6020055214024442e8
1.4304427992914099e8, 1.827833832267883e8
9.827255680990061e7, 1.433932483553349e8
1.2407437364468738e8, 1.5697436408133605e8
1.0004254721341035e8, 2.1376303620579666e8
1.6040988581166658e8, 3.151985845299427e8
1.3711592770735812e8, 2.0622124930458906e8
1.2465339882421978e8, 1.5741711552029932e8
1.0613394221250547e8, 1.7541588812566188e8
7.705444176999699e7, 1.6491378055229372e8
2.2854099804556987e8, 2.6979702701487005e8
1.6151646488510403e8, 2.596033367373263e8
9.596476626385118e7, 1.6200564712841988e8
2.6566330753535458e8, 4.203797315939047e8
9.185598264341095e7, 1.593084469227127e8
2.3253194539285755e8, 3.956002991271196e8
2.5214905597077122e8, 2.973369121676881e8
9.192185125357307e7, 1.8525590496585706e8
1.119567080245053e8, 2.0071048969486314e8
1.1408439354685746e8, 2.2341828762853083e8
1.0738534587184021e8, 1.599630919451139e8
2.4372215129264563e8, 3.6965304561330384e8
2.145538929732478e8, 2.7285559186345494e8
1.8680065170634538e8, 2.2157900329368046e8
5.77593671605616e8, 6.467660553561637e8
1.3275456702987428e8, 1.9966684671989435e8
6.496691512743714e8, 7.050981471546403e8
1.658091516802675e8, 2.4734111598738748e8
3.810750326837665e8, 4.610986762755986e8
9.640072522105713e7, 1.9956105486859286e8
2.863321147696651e8, 4.047615980199394e8
2.800231643107494e8, 3.4808378379399246e8
2.0811856482356724e8, 3.6398478985235417e8
1.1089996675710115e8, 1.738290543648521e8
2.4495834850841773e8, 4.4011685860476154e8
1.654911163812523e8, 2.6232157739070636e8
9.656504435317658e7, 2.2120845706501693e8
1.3472374556006792e8, 1.8648394252553222e8
1.3986028563985148e8, 2.035878730924959e8
2.8281451433971804e8, 3.472167138150113e8
4.252871738774196e8, 5.622942240981759e8
1.3367165068541189e8, 1.8613565750723946e8
1.7637051909309527e8, 3.4549649162789214e8
1.445670421104651e8, 2.0974462032389477e8
3.516618736303858e8, 4.1489164214765936e8
1.3854973674879843e8, 2.0848070755707267e8
9.929581375511037e7, 2.9817487827115786e8
1.15623848437241e8, 1.794970191617811e8
2.0916193646317902e8, 2.471647798722509e8
1.5296156059083202e8, 2.2666037556643906e8
1.2800586992947638e8, 1.8725538146639967e8
1.3105042101211068e8, 1.6675215205068627e8
1.374358576968093e8, 1.6531876757078508e8
1.7887672595526463e8, 2.6026206066385964e8
9.760026001429567e7, 1.8144811857729426e8
3.6956971617581946e8, 4.444908706175008e8
1.9130283697784173e8, 2.51509976242261e8
3.158464056994976e8, 4.0670582778248924e8
2.249887654083516e8, 3.1855467592183113e8
1.5110214251427162e8, 2.4489722087702155e8
2.5539721351588848e8, 3.5043699452132607e8
1.1819329252544722e8, 2.2272943279550606e8
2.1121949812133023e8, 2.836757706359339e8
2.222034522758944e8, 2.887772094921002e8
1.0598087780539481e8, 1.5383484158885705e8
1.4406249220884764e8, 2.035685620960574e8
5.2349202759900063e8, 6.191833548244736e8
1.8309635761285514e8, 2.3643928859445754e8
1.4464628770072883e8, 2.030286085514101e8
1.6093902509844887e8, 3.9791825287404734e8
8.455282170236354e7, 2.6341474966521153e8
1.5728303006602052e8, 2.725081052423854e8
9.995216762629086e7, 1.271568708404523e8
1.920676462443066e8, 2.754727767770648e8
1.3818283524392584e8, 1.956869794185633e8
2.858112124518839e8, 3.632439518110787e8
4.5555635038205576e8, 7.344623704195012e8
1.0840107458857614e8, 1.6936782653886488e8
2.257142506469903e8, 2.913858747345693e8
2.007703120360442e8, 3.1520049538450724e8
2.3543785334438363e8, 5.2175373959381324e8
1.8096803917809802e8, 2.878102292141342e8
1.3934633997514322e8, 2.5560949042169884e8
1.2679670460764581e8, 2.2832545065322223e8
1.6528845937799323e8, 1.949259590503248e8
1.2895769272704065e8, 1.980215255399223e8
2.7948301218275285e8, 3.141300258390367e8
8.824133088451603e7, 2.6035600490506464e8
2.259147778046351e8, 2.6097852316497624e8
1.598302803063608e8, 2.6744785159163955e8
1.4838543176896596e8, 2.780888456462567e8
1.9718511146247467e8, 2.385051330103674e8
2.8480312183364475e8, 3.361923112647508e8
1.0093557244097827e8, 1.4347320713493252e8
2.2361388333229733e8, 3.313637115825419e8
1.0391869819049624e8, 1.8106275750180122e8
2.549300246198842e8, 3.0472980610255986e8
1.303561756900571e8, 3.481842523354465e8
1.5191409177336916e8, 4.1652040379497564e8
4.7398043776037717e8, 7.299246115439503e8
3.3163697597917134e8, 3.991451531831713e8
2.0221920251413187e8, 2.9318967092387825e8
1.6044496761917827e8, 2.2877549846973735e8
1.584769280761545e8, 2.346564826815029e8
1.1259205446012188e8, 1.393245042401031e8
9.59350092247282e7, 3.744623237726754e8
2.018366146294279e8, 3.848485745032494e8
2.3877198037449437e8, 2.711085885349734e8
2.4874312721052516e8, 3.02688812223252e8
1.4807120155979595e8, 2.0358172357642716e8
1.1990783065436791e8, 3.580575932911387e8
1.7852912173665315e8, 2.4627217584996945e8
2.3266894217447758e8, 2.967692522982507e8
4.569657978610516e8, 5.034196006512551e8
1.8181604816176102e8, 2.284017031625858e8
1.1443002875522643e8, 1.6731401207376894e8
2.9045453229451936e8, 4.786762309098304e8
3.259912273947503e8, 3.710075997112259e8
1.0130547608515912e8, 1.3636619614997116e8
9.614910283538283e7, 1.7076751954221478e8
1.54133841932288e8, 2.682029839666173e8
2.2850403247318277e8, 4.4856925906721365e8
5.108491842054962e8, 5.826449591163605e8
1.4966322585244617e8, 2.843018492302165e8
5.512699658219839e8, 7.671832032906235e8
2.016353514794102e8, 2.7714641141756654e8
1.2606188080822654e8, 2.2770002954735637e8
2.31099289264361e8, 3.8633073082167214e8
1.0708718240001655e8, 1.501205734845471e8
1.7559333375042105e8, 2.562095260129104e8
9.33111609061149e7, 1.6006362200334826e8
1.3266475188426675e8, 1.7244283253327397e8
1.1704800165822098e8, 1.8090983687336695e8
1.9184450565154195e8, 2.6507371811912647e8
1.854262022632501e8, 2.833032886053535e8
6.037291108308288e8, 6.417866255988908e8
1.4786640168550655e8, 2.17053876727328e8
2.762998575870741e8, 3.0915995919293064e8
1.2471982193371321e8, 2.0557874889014837e8
1.1105530441196737e8, 1.6190631576451263e8
2.642442590639977e8, 3.1696216086240995e8
1.0175866030158372e8, 1.7151861836970183e8
8.704479575338794e7, 2.222909754336272e8
2.969519971581878e8, 4.717981958029888e8
2.1902625854412654e8, 2.666140001597238e8
1.5216609174819216e8, 2.5044643737057516e8
1.0913084482510203e8, 3.124689667156165e8
6.592067596909363e7, 1.0295858818878563e8
3.63594760415086e8, 4.157332189665966e8
1.0184769229016979e8, 1.5428578545663524e8
1.0736406819143589e8, 1.6556541578824577e8
1.1643139346739167e8, 1.6731889408523497e8
1.2615477823493454e8, 2.1914292690948766e8
6.454319250119669e7, 1.516073087735246e8
1.1205924908664095e8, 2.1740772323621678e8
6.501087850348179e8, 7.424629884480245e8
1.2656446766809869e8, 2.3351477988740775e8
1.1392830787364039e8, 2.0495899385954332e8
1.2683211901255412e8, 1.658254494586021e8
2.2587277070851657e8, 3.811496284324959e8
2.6721338510113004e8, 2.906922855425404e8
2.3338332434660646e8, 3.377557613599428e8
2.846716486689536e8, 3.8147083042830795e8
1.3558452741042155e8, 2.0488458404270515e8
9.04745243980937e7, 1.426024136444946e8
1.1726366254021385e8, 1.6011664129288667e8
2.488188597883482e8, 3.3518274446614707e8
2.5315138628749526e8, 3.298281342983354e8
1.4793240382017776e8, 2.2280803926429477e8
1.6479343245579943e8, 5.1532572774787885e8
3.513410276455843e8, 4.2105877161193085e8
4.015377550385069e8, 4.4010439263463247e8
9.724734620237745e7, 1.6131575534128252e8
1.5085232852770084e8, 2.2302282399601617e8
1.1618953237502404e8, 1.5510869272315365e8
5.255913066606119e8, 5.613269315353807e8
2.372978062741297e8, 2.777889055296113e8
1.1643636592824455e8, 1.981756995684897e8
1.2106809533798775e8, 2.4275427187990022e8
1.335618814091607e8, 1.6889446150455195e8
3.652797746430965e8, 4.096929374994999e8
1.6988990631278488e8, 2.365855111146034e8
9.798828625979939e7, 2.1757718663265982e8
1.3692016224457228e8, 2.059797156963374e8
1.5523856001495317e8, 2.6194421096699867e8
2.634474246762489e8, 4.539242269910718e8
1.5873178327064076e8, 2.1033047900102314e8
2.1388111503126612e8, 3.567468921368462e8
1.8171382548179418e8, 2.3194823580055952e8
1.5356714885538146e8, 1.9607138164757228e8
4.0027489760313004e8, 4.5468794628653353e8
1.6087666542366678e8, 2.3664442680615836e8
2.9660941175537163e8, 4.8437550595474195e8
1.3313775941907312e8, 1.6528968507290134e8
2.637909228679957e8, 4.324067874540573e8
1.4943478786083236e8, 2.00418934985872e8
1.2133704198385319e8, 1.9938046596444437e8
1.599167533504029e8, 2.511170688279212e8
2.107971624331445e8, 2.5658407756017914e8
1.1564136906687583e8, 1.8762598271838182e8
1.1461119563063715e8, 1.4783803204945162e8
1.3900335619368193e8, 2.066699470685171e8
2.2016056222192758e8, 2.590620485572757e8
9.490745924373344e7, 2.0277973841938978e8
3.7938576331180876e8, 4.284137885031911e8
4.0878761359175134e8, 4.768740188110662e8
1.8739302520569482e8, 3.313614326433885e8
1.440102496563451e8, 2.113507960176788e8
8.769558387685673e7, 1.362923596572532e8
1.1296765206560686e8, 1.739138188091861e8
2.7620913206045246e8, 3.2980800635996246e8
2.1473837688046995e8, 4.343274356412037e8
2.2788690233361492e8, 3.597608244873876e8
1.6252431434052005e8, 2.262126047761313e8
1.860048139328964e8, 4.365209900466297e8
1.597978924197325e8, 3.3570393835584784e8
1.2294552050882274e8, 2.4113441371445858e8
1.0120993874200708e8, 1.6661804466162044e8
1.3005299540674025e8, 2.8622334729873353e8
9.398363818365899e7, 1.643300637901897e8
9.177627856729963e7, 1.8145944783494592e8
1.879512588961544e8, 3.0866789664066917e8
1.3679369668790695e8, 2.1053771888286734e8
1.889829257624704e8, 2.4020350961897212e8
1.8587868975510675e8, 2.640212323496292e8
2.3537037811887407e8, 3.093792983524531e8
1.4910560384934714e8, 1.9181349847701132e8
2.1186414178909454e8, 3.402953345739002e8
7.179253181760247e8, 9.315293234179292e8
2.395042755270636e8, 2.9321974047980696e8
3.98137898422093e8, 5.2713053486916465e8
1.651918972162527e8, 2.0961744403873843e8
1.458678877351467e8, 2.953344426008402e8
4.082153333732841e8, 4.944857200928841e8
1.4475771967609304e8, 2.2017568832252997e8
1.2082675008392163e8, 1.6272325477937493e8
1.427716334697829e8, 2.438449501544268e8
1.5191734863434035e8, 2.5501404501259086e8
7.914976985740595e7, 1.1677070914248796e8
2.955476371468757e8, 3.824872246167451e8
2.084462921856847e8, 2.352432440068822e8
2.2205934040897456e8, 2.977798241683018e8
1.5192501621408474e8, 2.530292107160967e8
1.4646289345939922e8, 2.295383554888445e8
1.0647759015072475e8, 1.7625441953673416e8
1.0471191470575573e8, 1.6086639945810023e8
9.638376011673878e7, 1.5783958918408722e8
7.228234163930978e7, 1.0918757998601064e8
1.4083031179949126e8, 2.1596983893248516e8
9.719077701080032e7, 1.8070647383470267e8
1.1757309265959823e8, 2.2414013866072857e8
1.7576279257990548e8, 3.026993786586886e8
1.2265552251110357e8, 1.6824802219249648e8
1.6541022874927518e8, 3.436226303011017e8
3.660715533820038e8, 5.102683536757138e8
2.1182361369911924e8, 2.495470487114828e8
1.0334531379298665e8, 1.8655458101350397e8
1.0124325617964406e8, 1.8159259057277054e8
2.760801177950254e8, 3.0944688457145256e8
1.4932015267704344e8, 2.3347865155117345e8
1.9315868619882342e8, 3.046632719250408e8
1.1726987204753247e8, 2.221678668159115e8
1.4358695121145958e8, 2.0979408666252097e8
2.6468246481745875e8, 5.584001985099927e8
1.4574346763885865e8, 2.4634214122799996e8
1.4809174188697055e8, 1.9929001953380075e8
1.6624279600203258e8, 2.0794890479152334e8
1.8474623456667995e8, 2.4801137368287137e8
2.687529260899118e8, 3.630617414184975e8
2.261900243280573e8, 3.322089040256206e8
1.1076678187770894e8, 1.617413329540909e8
1.599930513032536e8, 2.2876558793734926e8
5.415965790590552e8, 6.38703887775726e8
1.0328059672503069e8, 4.26470360783833e8
8.895799047443964e7, 2.92202443115026e8
1.6901000729013667e8, 1.9820261659950066e8
2.0290136807850993e8, 2.490425119525931e8
3.800495711999509e8, 4.464961086482001e8
2.368814161433253e8, 2.756189340161279e8
1.4164043805533186e8, 2.0357942219238758e8
1.2550707686245604e8, 2.3755431077217942e8
1.9747259023063046e8, 2.8382443871081185e8
3.6899064619099456e8, 4.2051280386344326e8
1.439425029227326e8, 2.1007413253985935e8
1.5089197170194384e8, 2.4273443825276282e8
1.047998652062406e8, 1.5397860570187357e8
1.421981852364155e8, 2.530883271770745e8
3.3945622881841564e8, 4.1205276728110015e8
1.8511873178850248e8, 2.134879988701511e8
1.2820638877117866e8, 3.572470389177337e8
1.4136310221425858e8, 1.9402920876385853e8
1.5077682329584104e8, 2.0888163252577278e8
1.7528302772172868e8, 2.2569390073781115e8
4.0855261452775246e8, 4.595923889535158e8
9.084753694466403e7, 1.6878047228240788e8
2.83096084331217e8, 4.1344112756976944e8
1.4497268339591157e8, 1.8077225047249418e8
1.1406960120132516e8, 1.479696646285106e8
4.345418776856928e8, 5.700323444991652e8
1.25575333228218e8, 1.916871717893846e8
1.44393019237896e8, 3.582032153535923e8
1.5185103871535522e8, 2.3420684512212664e8
1.0701980014342096e8, 1.5407628363516647e8
1.0690866337306006e8, 2.731207859420124e8
1.369071270543857e8, 5.0484742457981014e8
2.9240177008083063e8, 3.730063562241356e8
1.0538482020696886e8, 1.405717092960429e8
6.205909994593183e7, 1.8206516547676384e8
8.627083158908403e7, 1.2297966591344285e8
2.766968738252233e8, 3.301792467752364e8
1.828173077340593e8, 5.2146533008013844e8
5.851296759523255e8, 9.691153916746776e8
5.932952269327312e7, 1.2514625486882162e8
9.8986746929731e7, 1.35582735331139e8
1.761919204095158e8, 2.258066267528142e8
1.2542408899899675e8, 2.2246345738739544e8
1.7328459131634268e8, 2.161678871512664e8
1.6190499957167923e8, 2.824580995625977e8
3.05132457403789e8, 3.654260546556152e8
1.2155801471616036e8, 2.2132602099936122e8
5.858986133377675e7, 1.8051303866632345e8
2.4741667819372058e8, 3.4949531380394995e8
1.324898393880084e8, 1.8726303703677735e8
3.67076924710716e8, 4.087178282945976e8
3.5239840361568594e8, 4.5051488976834595e8
9.983193625982088e7, 1.3541295162653205e8
2.898737079338267e8, 4.7400709708997786e8
6.913242066403654e7, 1.195622776279489e8
6.747128076196113e7, 1.714161265142953e8
9.452070090840636e7, 1.383118597788982e8
1.8837197506233573e8, 2.1984224016404116e8
2.931744768218595e8, 4.2666723751051605e8
1.5260211641889492e8, 2.292275203172982e8
2.0951893265335852e8, 2.4880182194286045e8
2.1387546594086224e8, 2.9859029776185536e8
3.491685830320785e8, 3.9542778981938684e8
1.3017436971707079e8, 1.5597655552893305e8
3.100695812642968e8, 3.687079687942639e8
4.3695129606870615e8, 4.9931108058252937e8
1.4206577282837853e8, 1.783528224249632e8
5.460208326804969e8, 6.133060183901824e8
3.449779174468659e8, 4.2137681447700447e8
1.2136508259242097e8, 1.7871802010034096e8
2.473593211437374e8, 3.392462973160427e8
7.990965908777967e7, 1.2481987525821055e8
1.2903775297311987e8, 1.9825316365432978e8
1.5174504763230336e8, 2.2843870012541297e8
1.8732057317209333e8, 2.3410704104556274e8
1.4723455766686743e8, 2.5513904036116892e8
7.64586067873683e7, 1.1055384859641239e8
1.5495332928864473e8, 1.9883808934987798e8
2.676675703063703e8, 4.0285956572324204e8
2.552615286341328e8, 5.1279069230175316e8
1.599008114195046e8, 2.1820441789821124e8
4.777264419979937e8, 6.335252609283526e8
3.8134225606442875e8, 4.0894559434775627e8
9.611193624486248e7, 1.696508776127486e8
2.56422826654288e8, 2.8489381026588106e8
5.121362783288667e8, 6.568207262961242e8
3.6653837289866894e8, 4.248749970102115e8
1.557617702974911e8, 2.197153971627263e8
1.2901427419395193e8, 1.7951526097980398e8
2.4115940110622117e8, 3.2341283190767473e8
1.7196888634911498e8, 4.4802255728199124e8
2.9661222674999416e8, 3.402542876191996e8
6.988834644066392e7, 1.4941772405443206e8
2.1453345249199775e8, 2.466050130889715e8
1.1692494567655423e8, 1.7085992767871895e8
1.8592919859576026e8, 3.481199533573617e8
3.8513194252238095e8, 5.148064079731741e8
1.0303589323939122e8, 2.0994133790215814e8
8.109036672800507e7, 1.9765794604788575e8
1.5401610631189412e8, 1.966213569828393e8
2.5065808538661268e8, 3.5596492016951656e8
1.413353381494798e8, 1.7205182366125104e8
8.933314651169255e7, 1.2434661085640001e8
1.1962615322540863e8, 1.6706545794702983e8
4.039928347983853e8, 4.880007755678306e8
1.7053595528120902e8, 2.6831172912792644e8
1.227888681112935e8, 2.043418885953667e8
2.1645074466375166e8, 2.766947465645436e8
1.1279809608590017e8, 2.3710823676420832e8
1.1181569099335288e8, 1.650341838732371e8
1.5397514159442532e8, 2.617568015121696e8
1.0644869243319859e8, 1.3939510260908675e8
1.5247318235595146e8, 1.955056179683102e8
1.2031647210149959e8, 2.348054654675502e8
1.2889292488408652e8, 1.8212758205850658e8
2.198687921887822e8, 3.15353037641903e8
2.884379591493005e8, 5.251594097836441e8
9.865896980639233e7, 2.2284585590281144e8
1.227715752771997e8, 1.7298788119620112e8
7.80260471968492e7, 1.8095818497122702e8
2.1748952682147235e8, 3.307639761253363e8
1.0156953084880374e8, 1.6956041257144216e8
2.0265635044448507e8, 3.068750301972606e8
1.2103468181100419e8, 1.8346841365291724e8
1.8230872982420528e8, 2.851770733337844e8
9.283057921917781e7, 1.3840962332449168e8
1.9230233152653417e8, 2.733441706551498e8
1.990491998927116e8, 2.5718577517104796e8
1.5067766219652528e8, 2.0919527476987523e8
1.2305113606955875e8, 1.817214197408604e8
2.1306303730390885e8, 2.876490211013979e8
1.211128231822374e8, 1.8305962390907836e8
1.2679543501978192e8, 2.0048902964896286e8
1.971785889657871e8, 3.357501584983563e8
9.160025248806638e7, 1.4148081539107588e8
2.3343399424094185e8, 2.8305462024363685e8
1.2269967664165272e8, 2.3031837472723538e8
2.6139815978713292e8, 3.6867152049936706e8
9.962309347473904e7, 1.5845738098138505e8
2.951923072857487e8, 3.4820194439279693e8
1.3354174261207224e8, 3.084285303374614e8
2.4381954603336123e8, 3.0231752644668955e8
9.01560287810868e7, 1.1319278109316662e8
2.00048847485496e8, 2.4945615172979856e8
1.6453539804265916e8, 2.374518091112525e8
1.3917704209050998e8, 2.4128802196913737e8
1.1873679412557569e8, 1.5586870077087057e8
2.353820247395135e8, 2.7654969683525604e8
8.303420099196054e7, 1.3394798134514095e8
9.814640982434605e7, 1.736584435281204e8
1.1336928706093833e8, 2.3857110023743978e8
2.369420336103764e8, 4.085873751045715e8
3.290307006494798e8, 5.040069771258833e8
1.3920453996817568e8, 1.9977948105884433e8
2.2164659851007876e8, 2.572158908020366e8
1.8768747516460612e8, 2.3209001694392172e8
1.3745176785429043e8, 2.5785062778629306e8
2.8902755699225205e8, 4.2428903062296623e8
1.267560314244226e8, 1.8495205409581742e8
2.5267551317893732e8, 3.146916080977559e8
2.9538639426743454e8, 4.8367604095107305e8
1.7818885499146128e8, 4.121618276969004e8
2.7525244327559507e8, 3.535759313707019e8
3.1617588059480876e8, 4.1724203983802587e8
7.855323400425027e7, 1.1726568218203922e8
3.388206501542872e8, 3.807869494020128e8
1.4296124897440752e8, 2.1670706858272746e8
1.4994139822934434e8, 2.2160573990086114e8
1.4614630073347607e8, 2.3036963601554474e8
1.0492690737119319e8, 4.243712533344469e8
1.4111041645691594e8, 3.01627488436713e8
1.0935228343814738e8, 2.1724518292424738e8
3.9520912372465867e8, 5.2159957178451806e8
2.7087513873418593e8, 3.1873754618503034e8
1.8293086930550522e8, 3.25590316261422e8
3.859967468405013e8, 5.0238815680340457e8
1.749822632656877e8, 2.1688395134067658e8
1.1922036509512058e8, 1.7534399444739246e8
5.631468131476377e8, 6.324091561640952e8
2.4956572582068756e8, 2.936919277036006e8
1.4763138412223715e8, 2.398915456511272e8
1.5632565039113578e8, 2.8387387278881246e8
1.1668613702778019e8, 1.7920259639054397e8
9.176049458983426e7, 1.296129143021101e8
3.375921027009332e8, 5.31792792745445e8
1.0151317190278344e8, 1.5755090465904498e8
1.2507543203631929e8, 1.891532897049862e8
3.42583235283076e8, 3.805596587812964e8
1.2618006863974759e8, 1.8365030208189172e8
1.3919908431809932e8, 3.053513589877407e8
3.2964421868240786e8, 4.1179666139803433e8
1.792938815479365e8, 2.853753571576543e8
1.0339864524554257e8, 1.8539665731626102e8
1.2018195648522209e8, 3.5743935406269e8
6.641350716462743e7, 1.667629894103973e8
9.804063589672253e7, 1.2596589757176259e8
2.6228091473656216e8, 4.6975775991052467e8
1.4379836390953866e8, 2.282467779558632e8
1.482540880787436e8, 2.1439994402526397e8
9.079566450912099e7, 1.762700291459584e8
1.5906528896290162e8, 2.0477218343247214e8
1.232682405781581e8, 1.6410223050217444e8
1.4849697910613245e8, 1.7835587019500756e8
2.127375047882856e8, 2.9240447530523837e8
8.895342652959812e7, 1.241039554755283e8
1.1267686176742263e8, 1.940859313284805e8
1.540625413388907e8, 3.9904039478232366e8
1.5414321719489494e8, 1.8629839975955766e8
1.3285633647491236e8, 1.6428543614826536e8
1.437615267468427e8, 2.2872113594273007e8
1.0175966029115544e8, 2.944827401673029e8
9.562998676960735e7, 1.6700171576300445e8
3.19081876001835e8, 3.642621185335854e8
9.688627017684892e7, 1.399380134656068e8
6.064597227787737e8, 6.77296500614945e8
1.597228841904177e8, 2.4089950838910428e8
1.0396395267420036e8, 2.339421699200649e8
5.462519361736501e8, 6.760409631639011e8
3.6550450046418977e8, 4.967766924079754e8
9.827469912649074e7, 1.3436180909413126e8
2.692626476917972e8, 5.215034805057901e8
1.662609234102379e8, 2.3434746640474692e8
1.3267006285975036e8, 1.9410440462943563e8
1.8963027332106885e8, 3.3042967529337376e8
1.6888565037425807e8, 6.347886583486729e8
1.5628079385093325e8, 2.736641544274789e8
1.4816288719366947e8, 2.0754410287732753e8
1.3929813779171205e8, 1.9512147266839093e8
1.2810159072567579e8, 2.2153122480561733e8
1.4494373773395908e8, 1.964485376683991e8
3.2403365946236837e8, 4.2573094740043604e8
1.2780800969830029e8, 1.459930881197541e8
1.022058083581713e8, 1.8839660553208074e8
1.0645472639053376e8, 1.3961007124287966e8
2.0472398434434688e8, 2.8094021925333315e8
1.0704705601269253e8, 2.3572892281342053e8
9.814176163482717e7, 1.522538539556663e8
1.2968141967845874e8, 2.2029030319565445e8
1.0084934365402655e8, 1.5512678429517025e8
1.5362831567559865e8, 2.238355761113881e8
3.037304625663435e8, 4.727185294299145e8
1.2199596193167323e8, 2.780973285784322e8
8.11223336084901e7, 1.6242297416622925e8
3.476785952655592e8, 4.782330355344462e8
8.792839197099866e7, 1.4048853234837767e8
1.2562840904934722e8, 1.616474520558739e8
1.6080802968340302e8, 1.9140700115614593e8
1.4672382345774153e8, 2.396453746846945e8
4.934373980773986e8, 5.63734759789957e8
1.3464281661746973e8, 1.96305440886373e8
1.2923907903292486e8, 1.9090289423694125e8
1.4272697502891645e8, 2.1913497378814274e8
1.0906379283414435e8, 1.4518910952508348e8
1.2703476157196602e8, 2.8398762248075014e8
1.2687052123850986e8, 1.538427288040894e8
1.7860255977336144e8, 2.3562435441762367e8
1.5903229230660507e8, 4.453470190549663e8
3.254270421244702e8, 3.744310315213246e8
1.206303648048072e8, 1.4653055624478793e8
1.5310857330798644e8, 2.1287576054374537e8
1.1230353456852467e8, 1.5915357817081395e8
1.0007643838393268e8, 1.8603130060771558e8
4.197626856314725e8, 6.583278734003896e8
1.019872290954824e8, 1.685761880548561e8
1.982336102288838e8, 2.989471127818989e8
3.5628241561918026e8, 4.6396900920478886e8
1.944138392553042e8, 2.4013417309649763e8
9.915793109293571e7, 1.372386953215772e8
8.647716947312579e7, 2.7793681225131094e8
1.6734503897771966e8, 2.226426311525978e8
1.1777952058247443e8, 1.8065604363278112e8
7.936783218889499e7, 1.192568821226662e8
1.748114228460008e8, 2.485603192144274e8
1.1072393444823952e8, 2.713903429736083e8
3.3456897831075776e8, 5.4606433102259e8
5.065680276476288e8, 5.804840125387435e8
2.2474923468470886e8, 2.9195170448000693e8
1.2413485286339048e8, 1.8198983901131552e8
1.5001960338787392e8, 2.74266218999867e8
8.23908267610474e7, 1.0983908525530894e8
1.7130703284696758e8, 2.6305343945462817e8
1.027551212814373e8, 1.4876355319191292e8
1.608004074934532e8, 2.6287602774706542e8
4.8991763578490055e8, 7.367009341526071e8
1.7058271186306012e8, 2.0422701599186498e8
1.3556861733739176e8, 1.8413681743347752e8
1.5356242170915782e8, 2.1018156436284786e8
9.865242928201203e7, 1.6898604590410465e8
1.5938848753656742e8, 2.1138219248840356e8
1.357512817718298e8, 1.8353151778323668e8
1.3049834429067776e8, 2.054595164058789e8
2.2778210781670412e8, 2.8381747465440106e8
8.399388502734149e7, 1.380814218905447e8
1.2515395446088108e8, 1.79698840216727e8
1.2464059803211504e8, 1.8775357583330578e8
1.2546273449583004e8, 1.7817482861952057e8
1.1174721564357296e8, 1.4163635796568152e8
1.272264411167065e8, 2.387941665794001e8
1.0334593503350756e8, 1.34942091319962e8
1.7266678520430103e8, 2.164990610904333e8
4.495020019115854e8, 7.230475431912223e8
1.0652256742200558e8, 1.6136411296772254e8
1.0554767586852753e8, 1.7386725654494637e8
3.591506157078105e8, 4.5203209269178146e8
1.5806645084391606e8, 1.9988298120541587e8
5.692290935938785e8, 6.477810994366723e8
2.511703131806846e8, 2.804398918173444e8
1.7820158161122298e8, 3.1429818683286196e8
1.0266010229612206e8, 1.7507001895368183e8
1.136172974224348e8, 1.5953225948917887e8
1.41899985038018e8, 1.8442813428738618e8
1.9045117798200014e8, 3.4999585145269406e8
1.3424736035763064e8, 1.8375732020591977e8
1.1790007896835841e8, 2.2207190163311267e8
9.66705990216202e7, 1.5200799868548384e8
1.1494787436664428e8, 1.3987553688688135e8
3.3566127821078557e8, 4.139226128053632e8
1.0893272096776253e8, 2.078978059523822e8
3.504329344798513e8, 3.8336736259917355e8
2.983980702246192e8, 3.521900930909306e8
1.2174391885963647e8, 1.761191167704898e8
1.2789324041391581e8, 2.694175454070999e8
1.807839291122613e8, 2.492797466441156e8
1.7965805510520583e8, 2.292863216402211e8
2.55714724692766e8, 3.347962758831895e8
1.136393676401945e8, 2.2770223879131868e8
1.6417607777978516e8, 3.4644533330340916e8
1.2289692893069784e8, 1.8592789438366342e8
7.666268182099834e7, 1.2472171967872213e8
3.862085911395313e8, 9.398513882575924e8
1.7777571863843995e8, 2.3866388330562782e8
1.9824478756054363e8, 2.3104554138989785e8
1.3893888199548554e8, 2.1694186502668703e8
1.754970162274329e8, 2.1174566668941617e8
1.7538060055097702e8, 2.48717584623153e8
2.1419180123807937e8, 3.258678927207995e8
4.368444727612789e7, 1.1335547720748042e8
1.3935735666095895e8, 2.2302276436021978e8
1.3903499815333885e8, 2.0055871755072957e8
1.8417065163722372e8, 2.5225219638110578e8
1.2000862845124699e8, 1.7532715668549395e8
1.5945997475814196e8, 2.9009879881710494e8
1.4667566817572397e8, 1.8786195587805346e8
7.544423009691644e7, 1.402452587754897e8
1.0668042186660355e8, 2.021218461796546e8
9.004919165319768e7, 1.2733544886722219e8
2.3052446529224744e8, 2.8797734280501693e8
2.779254573139422e8, 7.397386217836524e8
2.639156306872398e8, 3.128134740545047e8
1.7967995441542387e8, 2.444402235354517e8
2.2417747012091956e8, 3.13304828715644e8
1.216472907439694e8, 1.7056572830338272e8
2.336207743220763e8, 3.007002297381482e8
3.258559185529634e8, 4.3291530149485785e8
1.2889600784703967e8, 1.696302224063695e8
1.5651513711290708e8, 2.156227382046935e8
2.165186546887626e8, 2.668617963028478e8
1.0190583212876119e8, 2.031228379380588e8
8.832276014887382e7, 1.463995851086411e8
1.351763826238875e8, 2.0271633861641416e8
2.337863065739437e8, 3.208462313835717e8
2.648897399969963e8, 3.051254448536437e8
1.203289937091729e8, 1.6560251207297173e8
9.625593628280246e7, 2.4271084302920967e8
1.6177245974885297e8, 2.0361910555552137e8
1.1086311099253352e9, 1.1551481358572822e9
2.6654597283134267e8, 3.5593190679109097e8
2.871289102454321e8, 4.1796809932981956e8
1.4821330940846658e8, 2.6508396908914435e8
1.0892309384246768e8, 2.1187151761517057e8
5.1475232506513953e8, 7.70642702811586e8
8.558417067142336e7, 1.789602525986191e8
1.5308861620020294e8, 2.353220827614714e8
7.170896663682078e7, 1.4170379104595214e8
1.184467487103698e8, 2.1512605330818406e8
3.617209031486057e8, 4.0123155771533614e8
1.2830060901536119e8, 2.6374492274105433e8
1.9419126402931288e8, 2.2002769254446083e8
3.296638174049169e8, 3.865626233863958e8
1.1704838986583637e8, 1.8682004275563672e8
4.624429126815609e8, 5.475179332367575e8
1.7346909011918288e8, 5.2092876474207807e8
1.6303128583294383e8, 2.175761824079654e8
1.1921957951186357e8, 2.4115561272291508e8
2.4329066978479648e8, 2.8374125464156324e8
3.6001858201216906e8, 6.217190352909415e8
7.997399996154723e8, 9.094248314258256e8
2.9141400115354073e8, 3.189969221504569e8
9.931050355006403e7, 1.439442755649808e8
1.3274663215204531e8, 1.8587718065957373e8
1.2769491512823507e8, 2.000964416626314e8
7.934684280937092e7, 1.5667172924770433e8
2.0238038256575477e8, 2.4780327696455255e8
1.8010428363367835e8, 2.4145121335047027e8
1.064619055383428e8, 1.2616268197212805e8
1.298249317954334e8, 1.7659008539798114e8
1.623248853611063e8, 2.3779479163996688e8
2.1344488994037184e8, 2.7397685567087203e8
1.1916367206033981e8, 1.7012276879651982e8
1.260396422982241e8, 1.8760740344923195e8
1.3594082404872018e8, 2.0908685630117345e8
1.453878737630739e8, 2.2524689364325994e8
1.8332013225027853e8, 5.17339288614161e8
3.064684390824664e8, 6.021190331206107e8
1.359819246119027e8, 3.8924321733058447e8
9.320955202446732e7, 1.5274391925136894e8
1.0790143923697247e8, 2.547500548856459e8
9.045701640189657e7, 1.2061211929175067e8
6.467035904211396e8, 7.103409315295033e8
1.752520817342544e8, 2.4780354411734524e8
1.1229796768276946e8, 1.669624960620292e8
1.2314337252080706e8, 1.723341557903507e8
1.4413881228924736e8, 2.3811997763039944e8
1.8554290410778326e8, 2.3600854865321305e8
2.3426758218107182e8, 3.219616183743506e8
1.752270307058148e8, 2.3570662983562133e8
1.6635467143294656e8, 2.0727525943440565e8
1.1743694837441187e8, 1.897608754498489e8
1.635932548333959e8, 2.2909320750648898e8
1.41486133794363e8, 1.835076581623403e8
1.7310770801548597e8, 2.5158981865568057e8
1.931223504273233e8, 2.9402109476203746e8
1.035218135140642e8, 1.7610700527983737e8
1.701486916983105e8, 2.5300260643020043e8
1.0201480781713004e8, 1.2631259074176715e8
1.0832520075838791e8, 1.6630584208678576e8
9.731776375578903e7, 1.4056930897667268e8
2.089103860169322e8, 2.9757351995720786e8
2.5133076061583403e8, 3.4614579177360153e8
1.2235065820137034e8, 1.6150057569149283e8
5.715903813636002e7, 9.676073840479787e7
1.270219552831947e8, 2.065418929654844e8
1.3442299348449138e8, 2.2053424706728813e8
1.3679929543871567e8, 1.891149444411356e8
1.3535707568521744e8, 2.9563282430282634e8
1.8245196092219543e8, 3.0458017857602245e8
1.585039993370074e8, 2.6387364375788364e8
2.6253280690873212e8, 3.3598073261814624e8
9.562518070359111e7, 1.646644780340499e8
1.0073915944091608e8, 1.461250762797787e8
1.0648068744299115e8, 1.3480457591408813e8
1.3660674070137876e8, 2.2599632968037096e8
1.2891374351289368e8, 2.2845129398728046e8
2.893448763262126e8, 3.502742742201479e8
9.128485823697804e7, 1.254988822064378e8
1.8007283657508665e8, 2.244264188198374e8
1.0645884648075728e8, 1.9622928655449137e8
2.5047232175314218e8, 3.3362380549055725e8
1.4889882892564756e8, 2.857277176176072e8
1.1215082285019226e8, 1.6548338669351646e8
1.393706830252787e8, 2.213915656597236e8
9.974755910946904e7, 1.7792169292555672e8
1.0032116339389578e8, 1.4677752851538545e8
2.4591520259301728e8, 2.9438490489097345e8
2.172961887316473e8, 2.999337565255709e8
8.198075379604305e7, 1.0473400149360253e8
1.482847006386021e8, 2.4062126006481552e8
2.015762321500188e8, 2.442749794020274e8
1.202033614770645e8, 1.9473118996641272e8
8.723353559549095e7, 1.3262462457770307e8
2.2379765680147612e8, 2.8056523316794217e8
1.6932092610496572e8, 3.512660164489532e8
1.226579832171429e8, 3.6111570560935885e8
3.4759481445486015e8, 4.6442157233238965e8
2.1283745904247233e8, 2.937311725783668e8
9.571593090927647e7, 1.4463140092975146e8
2.3132121959273997e8, 3.5782839436300105e8
1.7365718243087745e8, 2.716815668656673e8
3.641130082180203e8, 4.063883202694691e8
9.511647719400923e7, 1.7729348196174243e8
1.4586748763816205e8, 1.95116745658667e8
8.700319903448229e7, 1.8207505049413148e8
3.788188387624395e8, 4.50819629435278e8
1.5822004781053245e8, 1.9870842545234704e8
9.854981072707976e7, 3.6805947179578847e8
4.562889308518246e8, 5.24858387347828e8
1.3741412197375983e8, 2.1984672712477112e8
1.0977736389144313e8, 1.5587732868067485e8
2.6121324177172935e8, 3.755881790582439e8
3.7760407837887853e8, 4.742256152949892e8
5.692408264722631e8, 6.387765756506149e8
1.729526416944353e8, 2.238517245398169e8
2.7682877632826316e8, 3.2154359486869967e8
1.6099369789858213e8, 1.9923086164514345e8
1.4937073365339768e8, 2.226257833936559e8
1.3043696506499663e8, 2.180672129663455e8
3.122207123128564e8, 4.2457136841708547e8
1.3074840717106208e8, 2.2619280654542628e8
3.44203097240456e8, 4.8181604842075115e8
1.1261472098718151e8, 3.4293061730783564e8
1.1091193401652677e8, 1.8866051617491588e8
2.9893002247312903e8, 5.483874404986733e8
1.7601351641929087e8, 2.5555009777510676e8
1.668197285430832e8, 2.084893814523195e8
1.7128102786804715e8, 3.478376436287444e8
1.815490060624921e8, 2.968998040939377e8
1.1275061417798918e8, 4.765542266350696e8
5.8980161219917595e7, 9.47288520082938e7
2.1929069578564137e8, 2.6548918611534578e8
3.39913136284461e8, 4.164820916919801e8
1.7104741051281247e8, 2.2844376971422896e8
8.955307732986209e7, 1.7400874812590745e8
5.686644750864519e7, 1.7573458114801142e8
9.493305071054824e7, 2.837931675844498e8
1.828102028345687e8, 2.7634862848955566e8
1.3259577274521258e8, 2.0516383760113943e8
3.638738320605745e8, 4.474216141820639e8
1.2351235948557363e8, 2.3794755101053593e8
1.0530038074181876e8, 1.5452467751210502e8
3.027899558548308e8, 4.199013033061266e8
2.083949715985769e8, 2.4751179542538667e8
1.9864953489085275e8, 3.234945342736284e8
1.5579900579551962e8, 2.3078931032295027e8
6.536092590578904e8, 8.187034187237055e8
1.8456334580326858e8, 2.4682846116427326e8
1.7143641425083786e8, 2.57824231090457e8
1.0291894637565488e8, 1.660558924554385e8
7.269825984490767e7, 1.507378299895398e8
1.0793318041586754e8, 4.371637194747863e8
1.677473776591658e8, 2.3810204726929787e8
1.5319367808960676e8, 2.60572125334377e8
5.916050559341292e8, 6.616762520602932e8
2.0708480372823435e8, 2.671020598813968e8
5.665858387718742e7, 1.1720017905686614e8
1.53638073589113e8, 1.8887305029997322e8
6.22121580930699e7, 8.876643259425652e7
9.249445858444512e7, 1.1939482476989396e8
9.775539592059933e7, 1.4338356432392684e8
2.2956065646551344e8, 2.919062159359161e8
2.1459317142339745e8, 2.7091518195084906e8
1.4878651843835324e8, 1.7896320811354133e8
9.548770586314934e7, 1.5213997448099807e8
4.952090379283229e8, 7.448076891288496e8
9.037070991538851e7, 2.1076320689982405e8
2.9405599507413423e8, 3.643785449235236e8
2.2687116539370728e8, 3.2166225851453906e8
1.709766214605047e8, 2.059622007699798e8
1.5622395458778685e8, 2.612838176591773e8
1.1548125648614344e8, 1.6195798296153018e8
8.724622444746889e7, 2.1006954616993904e8
1.5974470174529454e8, 2.1489031413946187e8
3.1848561079297554e8, 3.7291695008064586e8
1.050581816905627e8, 1.611714147187426e8
3.6320715114013225e8, 4.0634921497119886e8
1.7077678512024638e8, 2.1789814088123703e8
1.757749247653448e8, 2.2818249632816702e8
1.2411303717753738e8, 1.7506539992381164e8
1.116403508588522e8, 1.7397019060796264e8
3.02798333611936e8, 3.968854616397589e8
1.4399046806865734e8, 2.287406383154537e8
1.2390251877893922e8, 2.1125371659972832e8
8.90673036253407e7, 1.6628212346194994e8
1.4839284831432372e8, 2.0398525474383798e8
1.1214873698231028e8, 1.8287585088806313e8
1.8035881460755044e8, 2.5718960208343232e8
1.1165024958708239e8, 2.2092919130513367e8
1.404695150207618e8, 2.5522542102256495e8
1.0981089808947198e8, 1.7901599746948358e8
1.6160958393055853e8, 2.1515337915288743e8
1.948801435430944e8, 4.938053667014342e8
9.186337799882308e7, 1.5399707053058997e8
1.2054143098037249e8, 1.836789141557059e8
1.596796695183341e8, 2.0564829851535243e8
1.0847971875634402e8, 1.414863151045409e8
7.598683881223416e8, 9.121883778116938e8
1.6709510839984208e8, 2.2169241467391044e8
1.0140075810626116e8, 2.3441125965324628e8
1.593535527010343e8, 2.565739086841111e8
1.7922720437224346e8, 3.195243237630216e8
1.0036605594168523e8, 1.6681644191157746e8
2.4385768481042883e8, 3.07499917480116e8
1.2776710800850655e8, 1.747503046827688e8
2.3800638336278233e8, 2.775159429970186e8
2.555627729979981e8, 3.157210165239802e8
1.3572552522729334e8, 3.1165318059749454e8
1.0070659752368054e8, 2.5998995756724247e8
1.0625039644403495e8, 1.722716973878063e8
1.3846781180004728e8, 2.4165927819909823e8
1.2339065936567582e8, 1.953281989979178e8
2.3913778045647195e8, 4.9059617904688567e8
1.3184090816025488e8, 2.1014242726566726e8
1.8308421932772005e8, 3.642116756444033e8
1.3053831764784323e8, 2.2909085010892174e8
1.616557537501079e8, 2.2453486045758218e8
2.6076683890758467e8, 3.056807119486478e8
4.569884808185366e8, 5.547158201964624e8
1.0725065792292249e8, 1.5369120146519828e8
1.1555358559979384e8, 1.3773956029337868e8
2.5199827092510736e8, 4.328662091682255e8
2.5209514930801013e8, 3.0339157193801206e8
1.4255683727986598e8, 1.9448504169970292e8
1.9564956048436418e8, 3.156478683769161e8
1.6193195717339453e8, 3.372398027370343e8
1.3312429113379502e8, 1.8531981489941075e8
3.633160050845758e8, 4.4493283224494076e8
1.4575582819225344e8, 1.8849102224254847e8
9.637940167775986e7, 1.6165520626691547e8
1.1867699270675829e8, 1.6902783618771496e8
2.6977394068157953e8, 4.2855233336923087e8
1.488210961951818e8, 2.085068171900575e8
1.938535084501107e8, 2.775947734002655e8
2.4732613640345037e8, 2.9937643037786037e8
1.021192591547273e8, 1.284413566627135e8
1.0801845575231537e8, 1.619022771954923e8
1.188747637629438e8, 1.7563983880508775e8
1.0706198353820013e8, 1.3663596657519847e8
1.1713095318636304e8, 2.0856971207400978e8
1.4108665526274937e8, 1.7088401063983136e8
1.5832408849003556e8, 2.3375502310173416e8
1.3708731606467268e8, 2.5491058318241456e8
6.132444170376519e8, 6.336532608118688e8
8.693022777971761e7, 2.1064307626684034e8
1.643088992857711e8, 2.2731593412630895e8
3.324658374141123e8, 4.0423252933926576e8
2.4038026602476385e8, 3.394420123156364e8
2.0557754745048946e8, 3.0260029317731917e8
1.2028604470531435e8, 1.697790631809798e8
8.806908317737669e7, 1.1894927966311051e8
7.225723921375865e7, 1.1381777255302046e8
1.2824087719486211e8, 2.6109534671015352e8
8.096940629408887e7, 1.9798985028184053e8
4.703297912523899e8, 5.828890349056178e8
1.351915381074632e8, 1.8938750150782588e8
1.6086929012864345e8, 2.19743701287599e8
2.1731705346198654e8, 2.533063295040625e8
8.792759183307694e7, 2.0732840207660916e8
9.034348668330666e7, 2.0974403352802712e8
8.18460000838346e7, 1.6097025702418408e8
3.13457066999554e8, 4.4675897254941195e8
1.5741701830646965e8, 2.0526557456489384e8
1.1425507839265247e8, 2.2415826392535916e8
2.0471770254266754e8, 2.764887848617566e8
2.021968502105415e8, 2.3842583068681583e8
1.8078536658105698e8, 2.4251740238677287e8
9.441555417269748e7, 1.3084524205126075e8
1.1755786259981546e8, 2.1192198899883962e8
9.796005348266247e7, 1.2769009824289948e8
2.074583043546218e8, 2.688676728570682e8
1.6875986632764563e8, 2.4569021128394562e8
1.6653190576833183e8, 6.034733392192197e8
3.1083567253906125e8, 4.00831426476966e8
1.0133411048614798e8, 1.6585775860982618e8
1.3336339597370629e8, 1.8766243755962375e8
1.399777543679636e8, 2.0466970592130676e8
1.6163752224103045e8, 2.5374436470294508e8
1.1409870561482581e8, 1.8704408906932917e8
1.434006392268487e8, 2.2754184928487286e8
9.6902757554263e7, 1.347245964047646e8
1.3088258862944563e8, 2.175123825382495e8
1.1504411375892285e8, 1.6061464719022974e8
4.037385175521493e7, 6.6230551528505586e7
1.6374848966363358e8, 2.0209966393256232e8
9.107874649662563e7, 1.5506238055749372e8
1.6568689246947318e8, 2.3231529678293577e8
2.794061470628558e8, 3.389630319939329e8
1.2382446238113374e8, 2.3872613796688893e8
1.6307368655286568e8, 2.21546297810754e8
1.6115711010804898e8, 2.5028351376523092e8
3.01757953815977e8, 4.2667495942997146e8
1.107708418921225e8, 1.7656173800941062e8
1.0647748135549283e8, 1.5809036668094105e8
2.4128636469399562e8, 2.902000969900109e8
1.515545771157522e8, 2.4240633857130542e8
4.973097016536908e8, 6.372181487258136e8
1.9057079892850608e8, 2.6212002494868407e8
1.8862078091715887e8, 2.8418867864100593e8
1.6417577822123954e8, 2.192204949721186e8
2.865534235208894e8, 4.390408067769494e8
1.5623787203303692e8, 2.633477178578308e8
1.3758785356944525e8, 2.1235149874674773e8
8.887176431482951e7, 1.3067454483859101e8
2.817357618528121e8, 3.5740945173359007e8
5.1758248546997845e8, 5.699259083800066e8
1.1931199443937986e8, 1.5981781260193917e8
1.2538740166355029e8, 3.0548415155108666e8
1.886181388848253e8, 2.928456455035604e8
1.9357772286109307e8, 2.3389701825522897e8
3.2095636742212373e8, 4.1956360126849777e8
1.4569201277457067e8, 2.0734202244626588e8
3.272407784809974e8, 5.2351788368736243e8
1.3532803704075676e8, 1.76478341159537e8
9.875546877374393e7, 3.3814083952931577e8
1.0395070365856664e8, 1.4692004214797994e8
2.1455508497140265e8, 2.6408547797013327e8
1.6352703244079208e8, 2.6214650347618228e8
8.5894239428691e7, 1.2495338532389468e8
1.3884097020297292e8, 2.0221098722215962e8
1.610523454967189e8, 2.1588843454854152e8
3.463172737826986e8, 3.7932248516391146e8
7.670918520463289e8, 8.404552838186985e8
1.7238095187887344e8, 2.447065167729757e8
1.162571594492842e8, 2.6475186733718252e8
1.7369228735397133e8, 2.9611406368123007e8
1.104362510944624e8, 5.804050126494472e8
9.61877975649212e7, 1.6198166907503602e8
1.688571619114083e8, 3.029183358574374e8
4.209040138323584e8, 4.6589352857636446e8
1.6269869260251904e8, 2.3502380516842172e8
1.036627609303638e8, 1.6748203641856682e8
1.1910446007247871e8, 1.8100792389465907e8
3.10608815340666e8, 3.839157918008724e8
2.4652917884751675e8, 2.950380198218603e8
4.0629098056904227e8, 4.477132782344961e8
7.478801388006598e7, 1.983282172867816e8
9.609863783961424e7, 1.3078546459355298e8
1.4470600206453377e8, 1.6901803988340718e8
1.2766099135614137e8, 1.9107850842153296e8
3.047755465095671e8, 4.541901302775027e8
2.0181937223361373e8, 2.4884176939113697e8
1.8690769667664304e8, 2.4759392791293415e8
2.1621943274899638e8, 3.1038475905662125e8
4.8560157806852925e8, 5.350033622700744e8
1.393844155432784e8, 2.1670037609558222e8
1.1357591275259551e8, 2.1943203410191947e8
1.2359788808677793e8, 2.2463061696823776e8
8.297326865114456e7, 1.6635694494517702e8
1.2582298621541592e8, 1.9459511782171384e8
1.3069508764007477e8, 2.536896210640926e8
1.2494600969516003e8, 2.0664255468340427e8
1.653734587760579e8, 2.8003323825804394e8
8.493748294388549e7, 3.022120675261013e8
1.6419841587814987e8, 2.600834770134049e8
1.503520450291438e8, 2.0966739141043645e8
1.529017110194782e8, 2.4115919807813284e8
1.464651757062347e8, 2.698632324062335e8
1.9863391158557853e8, 3.789442987973729e8
1.3237604512068067e8, 1.8415549017697817e8
1.0618541832143047e8, 1.3877696823736167e8
2.2424711680752295e8, 2.8962700451285076e8
2.1116206598780635e8, 2.9796613903185153e8
1.1623261844678746e8, 3.0685785155647993e8
2.3476661372010812e8, 2.895820842434996e8
1.8632600002604818e8, 2.8354374797966594e8
3.759254937441626e8, 4.1548351471696395e8
1.1822050623044042e8, 1.6159682382845488e8
8.57411737861037e7, 2.478088606694173e8
2.5599497930646163e8, 3.5541944221601063e8
7.869608462033194e7, 1.0182508828828828e8
3.038589571636054e8, 3.573996069103764e8
9.97954309280812e7, 1.6491252768556038e8
1.4978562685086706e8, 2.573687271759058e8
1.5249074944960234e8, 2.70700797333528e8
1.6679997751317173e8, 2.123389859586965e8
1.3159431120983541e8, 2.0842029843753555e8
1.3064009747693233e8, 1.6789227381632477e8
1.821851991850848e8, 2.8868075241284543e8
9.818013606372498e7, 1.4180095233844283e8
1.8317130746473205e8, 2.082235773606073e8
1.2964667551921861e8, 3.4628137016032606e8
1.7312577748885038e8, 2.849261124986786e8
1.1651343073532693e8, 2.537548897446905e8
1.410627178383474e8, 1.9057128459700203e8
1.6019763713709044e8, 2.6116030646440795e8
2.8585172983413875e8, 3.1903692287186575e8
7.750350729643974e7, 1.0284023740481536e8
5.146299221284799e8, 9.672803927164611e8
1.1867737305943167e8, 1.629799268544081e8
2.6468538034507248e8, 3.3440033767001426e8
1.5745110568000606e8, 1.9331781040641344e8
1.5084457294886836e8, 1.980394229158565e8
1.3925662773046905e8, 2.8933305707378775e8
1.2006570726251066e8, 2.0020338809064448e8
1.640965956681952e8, 2.1107292279530668e8
1.510330079419262e8, 2.743636622854079e8
7.407608482972926e7, 3.1065790203683716e8
1.3289806369027194e8, 1.7636422706542343e8
3.806191419537873e8, 4.4362681221281266e8
2.620017414682052e8, 3.2458388210366434e8
1.5717400923198196e8, 2.158059699403061e8
1.2539939869773285e8, 1.7159475126997176e8
1.304919234726336e8, 2.018788567980461e8
3.846434075635673e8, 5.68995787891089e8
9.319013906177339e7, 2.74318091909216e8
1.2320025597397444e8, 1.9764293677875227e8
1.0626641692686947e8, 2.3814087045224813e8
1.9261020621309018e8, 2.9034343868783784e8
2.3062019059414712e8, 3.520549143602771e8
1.3683235478317267e8, 2.0901661895906067e8
1.6872846678938887e8, 2.1890297186109108e8
9.06418527180194e7, 1.3302688951774314e8
8.088657291158612e7, 1.2112020805202638e8
7.386590221355622e7, 1.225629397405972e8
4.6523137880702716e8, 5.88439425875296e8
1.318452716348291e8, 1.7886521769826546e8
2.4050970904572847e8, 2.8317413461330634e8
1.2008561666267274e8, 1.745097475613269e8
1.6643094116704795e8, 1.971722400629428e8
8.777371193909153e7, 1.5292269272283745e8
1.1210184066965179e8, 1.669822320937876e8
9.256754247399e7, 1.9162966630430114e8
1.1757145254960111e8, 1.9154742728206596e8
2.582473914644904e8, 3.721151555981204e8
3.618650530335324e8, 4.2869786153733605e8
1.2894966148420787e8, 1.781420289026334e8
7.655047212926725e7, 1.7104101508783087e8
1.5424734405967936e8, 1.9380305495699587e8
1.275005405018488e8, 2.2123008798635197e8
2.2200753451222602e8, 2.8186163017374575e8
1.0750507467440094e8, 2.445568815765666e8
1.3587866201619086e8, 1.8144748934206632e8
9.510514155933726e7, 1.671505356775919e8
1.0103778940189685e8, 1.607653176320794e8
1.0616005824508026e8, 3.260317276275067e8
1.358948617947378e8, 4.247071345190767e8
1.518127119554755e8, 2.1348142710448974e8
8.256755338250905e7, 1.4120188365090606e8
7.349493372145858e7, 1.2857088223154016e8
1.0098374335753335e8, 1.489376038689113e8
9.400920880060896e7, 1.5353842164790294e8
9.506568303987813e7, 1.5984300833479652e8
1.82463291175685e8, 3.197901532397523e8
1.1713767870489839e8, 1.8656845265262678e8
1.4381761743826726e8, 2.4853551915618405e8
2.4790256234324905e8, 3.1663306288490874e8
5.2503717097589594e8, 5.791302154434302e8
1.1689878229840441e8, 1.8702615497674972e8
1.1466150654474276e8, 1.4965062024628058e8
1.815818793296509e8, 2.4392228649248648e8
1.400097871398645e8, 2.4958671482628056e8
1.0759498865511149e8, 1.6505291191499716e8
1.3347624953534037e8, 2.2605679949371123e8
3.914975495939258e8, 4.754131181225647e8
3.349501992914889e8, 4.0149641950393873e8
7.987444358053209e7, 2.4544598705605456e8
2.5841799672907934e8, 3.2419403638748217e8
1.465270368201762e8, 2.3260027221927887e8
4.7977094552053046e8, 6.497520344434158e8
1.5003438869504976e8, 2.168848988992204e8
1.1688102008466502e8, 2.2148750119268167e8
4.2881209184210426e8, 4.851624184110482e8
3.536865016141372e8, 3.968583742867586e8
2.0373086187776455e8, 2.8728759584308684e8
1.0503546172479196e8, 1.4287538111608908e8
1.1929570704068318e8, 1.6357138447322768e8
3.121279293366038e8, 3.661002378153397e8
8.114292908431543e7, 1.3419989807163395e8
1.1227909270416039e8, 2.502867597211787e8
5.827415992633212e8, 6.758143180125186e8
1.6079459506752512e8, 2.1591237627095264e8
1.163251953888652e8, 1.6723957515393358e8
1.5701539669004118e8, 2.1300400790962222e8
1.4051488734475687e8, 2.2659491696980238e8
1.6217616355120832e8, 2.5179180037550262e8
1.1818601564173049e8, 2.202776691634117e8
8.402594672977586e7, 2.0115374066137624e8
3.392152564246589e8, 4.278219397157881e8
1.2272493496114154e8, 2.562039254600249e8
8.575330370181493e7, 1.5055563899907944e8
9.237771959691113e7, 1.971961423453125e8
4.2940095542222303e8, 5.3011065792550707e8
1.7068736642845324e8, 2.2155648431375113e8
1.2612714013729489e8, 2.27798888870005e8
1.165025250481421e8, 2.6324033465579352e8
1.2597068427532415e8, 1.7889815631306577e8
8.199096556144847e7, 1.152034859929526e8
1.3077311003652406e8, 1.6881182737621063e8
9.667427837976676e7, 2.3704328722805342e8
1.020916796184062e8, 1.527149768200045e8
3.471369717676745e8, 5.152101441101254e8
1.2266143439704075e8, 2.204086384716321e8
1.3322970932630245e8, 2.278411734145931e8
1.2184629214134096e8, 1.553764045601677e8
9.920568234199968e7, 1.7288059695618856e8
1.0952808982324296e8, 1.5347487981312308e8
3.264331089056291e8, 4.116461923850128e8
1.2112031735947795e8, 1.7675785391343454e8
8.842752541649763e7, 1.516021067455633e8
1.0686413730038048e8, 1.647303630692715e8
1.124363193896517e8, 1.7202190028667942e8
1.0944317432162964e8, 1.5323976981733245e8
2.3993849796243405e8, 4.319094847767297e8
1.0356005878296402e8, 1.4597131152322322e8
7.762774688938104e7, 1.3303954935472558e8
8.99506107905202e7, 2.3083509529792747e8
2.2085779390895426e8, 3.648851857499052e8
9.040130336063527e7, 1.563636928653498e8
1.6290279772926027e8, 5.844932645253243e8
9.226613682943045e7, 1.8181092172894952e8
6.904247790699296e7, 1.201182243058152e8
1.3468918901429188e8, 1.7972281964540762e8
1.1277414275996351e8, 1.6343128171372372e8
6.019250567878186e7, 1.4762848560303903e8
1.1718388748110215e8, 3.327730555264705e8
1.787795305900832e8, 2.2808411944336396e8
2.5926283642040104e8, 3.7588806297732025e8
9.75406163040164e7, 1.968817690849249e8
2.4957630132344806e8, 3.187715316267128e8
1.6466093653602108e8, 2.2778792726051462e8
9.782411327191241e7, 1.6143480104339397e8
3.5680632199270946e8, 4.3656589989429873e8
1.0766859298259543e8, 2.505245782957663e8
2.688060323873879e8, 2.9869577171790016e8
2.0359731820500532e8, 2.3751600820971853e8
1.0938197189400476e8, 1.722472653512998e8
1.4428203626593778e8, 1.716499079592016e8
7.699155621825804e7, 2.2942726457220092e8
1.3293353652359699e8, 2.1832680618584624e8
1.500497752683396e8, 2.1570400691880086e8
1.4369357927278006e8, 2.0771618200003746e8
3.4491807859348446e8, 4.3368263268198615e8
1.646985814535444e8, 2.292625027209513e8
1.6048642402843806e8, 2.1749391727197433e8
2.967393653081933e8, 3.4533686303254e8
1.5783468745194212e8, 3.532812037425604e8
2.1587714741941148e8, 2.702653993238268e8
1.540412411930933e8, 2.220045239194154e8
1.0487389793094185e8, 1.3574443305362517e8
4.6007408954137045e8, 5.3278590678184813e8
4.1473555382421994e8, 5.0272523063365024e8
1.7423723042642057e8, 2.4176764404351544e8
1.7057781783077592e8, 5.109652220207977e8
1.9513192827575788e8, 2.4270266852989e8
1.1131088167761083e8, 1.9833782560148558e8
2.408557351946915e8, 3.280245370630911e8
1.957286581884799e8, 2.494976549006698e8
2.3621464663769794e8, 4.619159966970302e8
3.646376204952388e8, 4.911835078059277e8
7.157152143187669e7, 1.0478700107695569e8
1.7356622944199532e8, 3.0650502409926534e8
2.6952078187008786e8, 3.084046238192574e8
4.3308290010425276e8, 6.422272290069758e8
3.2030290550974053e8, 4.701022951700929e8
8.292136847268592e7, 1.3702473599206206e8
2.0393907206757537e8, 2.804569184986828e8
2.816264338414413e8, 3.526365431619539e8
1.2307298889500026e8, 1.681826506352156e8
9.187105717884234e7, 1.743017052589322e8
2.3683410835640514e8, 3.746235573554055e8
1.3784196645629278e8, 2.474563455059384e8
1.3233026352862982e8, 2.257304754656946e8
2.6882384685673034e8, 4.616914940482954e8
1.6208197650133434e8, 3.177175643781591e8
1.1193461109632064e8, 1.7813471880763704e8
2.9209283335680777e8, 3.571156341530723e8
1.6472972846107906e8, 5.1068588713813555e8
1.2834102789236142e8, 1.616507399452115e8
1.7639241626013446e8, 2.5653793248133764e8
2.0688105282234722e8, 3.173531974908348e8
1.3233506945060211e8, 1.6203371848341674e8
2.287515699062917e8, 3.009972088369535e8
1.740298103113364e8, 2.6439254103189805e8
1.6679844418082106e8, 2.5472807127013922e8
1.0483998698900525e8, 1.9559948806959286e8
1.8893321240428627e8, 3.017937321685905e8
1.3583472331740952e8, 1.8294629769668978e8
1.0854917296093781e8, 2.045713600115395e8
1.3480801720050642e8, 1.5890961167824548e8
1.4752494700658077e8, 2.1379685145128703e8
1.407063280021354e8, 1.824697282529089e8
1.096310205589137e8, 3.042815367954632e8
1.1177592812807135e8, 1.3942626209038058e8
3.2296497481225276e8, 3.7206749314884293e8
6.616343549374017e8, 7.119198772571826e8
8.624403926763295e7, 1.4953060243533033e8
1.423811470066121e8, 2.1893194335340384e8
1.5550029025407997e8, 2.368440012478195e8
4.986951572472272e8, 5.683926262208047e8
1.0935166308627357e8, 1.7334739156007147e8
1.42663264621191e8, 2.5098732590140304e8
5.736832995120372e8, 6.206125502556945e8
1.6844150073832914e8, 2.529000467177025e8
1.604446749277537e8, 2.0881167347913876e8
9.483022216407345e7, 1.490310027747397e8
1.3187276090362014e8, 2.640805801627934e8
1.1966590057714003e8, 2.5104077790667745e8
4.7100642839144665e8, 5.2407686802500874e8
2.0250091063466573e8, 2.856922653595747e8
1.4230757778773507e8, 2.0309016014896378e8
9.07922168748966e7, 1.424644755592509e8
1.8463946294429684e8, 3.1861843719400585e8
1.903848434277307e8, 2.6639286413692948e8
1.2587262716573748e8, 1.6383042881482401e8
1.9482710741677377e8, 2.496548228599937e8
1.1321173148201287e8, 1.5792865651527312e8
2.336605477615835e8, 3.517436466202885e8
1.8200221552232033e8, 2.259441400996814e8
7.242159902798642e7, 1.2394275577110198e8
2.4706440251866034e8, 3.398063033155746e8
2.2268829140769535e8, 3.1302138137435997e8
1.1226293871017112e8, 1.7155675506505626e8
7.473523354273406e7, 1.4286434284141025e8
1.3163903675483975e8, 1.9446264065025708e8
1.7465092568577334e8, 3.8004012952573586e8
3.123944704583518e8, 3.845845728275744e8
1.0332647727755255e8, 3.7839288858925205e8
1.5535914523197165e8, 1.8218105856872755e8
1.9240643118099698e8, 2.362060563353331e8
1.144963031171393e8, 1.6811900202482232e8
1.5224848551512977e8, 1.8560829540919465e8
1.3567960210010105e8, 2.0933843820542043e8
1.13080050870162e8, 2.5107440609706646e8
2.366070057789851e8, 3.086758674586196e8
2.7256903314706516e8, 3.5735855342538923e8
1.1233899537430662e8, 1.5947673389408234e8
3.622281633144309e8, 5.22016522736544e8
8.839728886493309e7, 1.6854443763302737e8
2.10172767854769e8, 4.754310501388424e8
6.517488019612993e8, 7.492999807920008e8
2.216209295128638e8, 2.6243592396576276e8
1.2025101691620453e8, 1.4488924541929734e8
1.2467329480704777e8, 1.7183717100683385e8
1.0124554646104859e8, 1.7633606293169442e8
6.889475197500545e7, 1.288939688593038e8
1.2019844569189878e8, 1.760521967994003e8
1.4224053644751057e8, 2.1149469205470225e8
1.8979041971974382e8, 2.4306565283457622e8
3.201550357635904e8, 3.6353475945689166e8
1.112860071398036e8, 2.0562628993762106e8
1.2866716753192161e8, 2.2119024632479492e8
9.790553381232221e7, 1.5630270995464873e8
2.1889784522173312e8, 2.602767048912413e8
1.2536471482694748e8, 1.6228398621115318e8
2.4154065263952914e8, 3.023702228646577e8
2.0445707692613196e8, 2.545363759315072e8
9.550601107414168e7, 1.843487277961254e8
2.85419079781717e8, 3.154195895711103e8
1.6618038453284404e8, 2.01929687009171e8
1.3830154347060007e8, 2.894475375301064e8
1.0361328830657804e8, 1.3645524714047202e8
1.0921585860985194e8, 1.700791857680802e8
1.0591747886994241e8, 1.7726749725082198e8
1.5342992849752736e8, 2.2892585048348737e8
1.6228391978672543e8, 2.7976360345183754e8
3.5683130927169347e8, 4.1348336855171525e8
1.8968604001650003e8, 4.398913201294172e8
8.538436203452021e7, 1.2959526974305168e8
3.1346917019599366e8, 3.810575403778379e8
5.143564575606693e8, 6.381653311079397e8
2.2924209418770394e8, 2.991874234627921e8
1.3719544460986128e8, 2.0603815550947177e8
3.1058647485674316e8, 3.4353054570745826e8
1.622417288203591e8, 3.291800954608873e8
1.7142384219738895e8, 3.318083146301491e8
3.082933295813245e8, 3.5627347650417805e8
1.4912701569342074e8, 2.2397090679170743e8
4.940775630667508e8, 5.880411833966098e8
1.4501668681714895e8, 2.1281303809682024e8
1.7081814186291698e8, 2.0163545065867692e8
1.460539650707219e8, 1.927906402935866e8
1.0761004164936954e8, 1.5483295382196093e8
6.711586566976218e7, 2.822787755059474e8
1.2169150279548688e8, 1.8918548562705043e8
7.490777215863912e7, 1.5159883803148034e8
1.3619518822595733e8, 1.7567121435759184e8
1.988862285360054e8, 3.2020251777302545e8
2.0138141276365012e8, 2.3350442590734923e8
1.2655587631183468e8, 1.887063555161555e8
1.387699007177132e8, 2.2890918502366337e8
1.3756732920417067e8, 1.7827484684595415e8
2.6250860025762337e8, 3.407967525052634e8
8.612170233383742e7, 3.0197208457650024e8
3.232062870495638e8, 3.5716479284862846e8
1.8104377462602264e8, 2.0061859986633715e8
1.62022656062871e8, 2.5265438139080495e8
1.7472006651221257e8, 2.1103440367510384e8
2.2178955121799472e8, 2.7634131707730806e8
2.2443746756780642e8, 2.850745875361008e8
9.387310517040811e7, 1.5223433035833573e8
7.202239288662371e7, 1.3129005528973009e8
2.304149719101683e8, 2.6265144248433423e8
1.4191535822972935e8, 1.862085175304812e8
8.988260965462877e7, 1.7050860481655312e8
1.8111072061892945e8, 2.5291717634023035e8
1.0510063733668712e8, 1.7599184326266056e8
2.4225048736367217e8, 3.8436008160849345e8
2.1528855033119312e8, 2.841635460828091e8
3.986492625469771e8, 4.823736065435655e8
1.8560546437876105e8, 4.0288403339948183e8
1.6544677135371125e8, 2.4951265570484063e8
1.3706860019203237e8, 1.90118267924836e8
1.147088684022489e8, 3.1441029027041364e8
8.521540344563207e7, 1.409373066489148e8
7.75691870327021e7, 1.0692957872230285e8
1.3774128288630295e8, 2.195261374923849e8
1.3396487608852214e8, 2.3258184178990105e8
1.65817707472236e8, 2.3600804160688266e8
2.170699964126251e8, 2.562021922917313e8
3.8376417599254125e8, 4.313975309444303e8
1.3359867188415496e8, 1.820238886557329e8
3.4544547165441346e8, 4.0463774660738313e8
1.2571555738332997e8, 1.8008065963045332e8
2.7776051941902846e8, 3.555412858135473e8
1.2232251400173162e8, 1.5659192351460698e8
1.3281214493430287e8, 2.834570858576927e8
4.55271603306458e8, 5.503133115340791e8
1.7285265748844203e8, 3.125437291181946e8
6.539327675749681e8, 7.730318930239173e8
3.1340345617790675e8, 3.702847347132877e8
1.0276819269494957e8, 1.7756195171764377e8
1.4499576193753922e8, 2.9496460663909936e8
1.583130900513596e8, 2.916262255413205e8
6.223883014549665e7, 1.247324162448243e8
1.7503204502700037e8, 2.5543709476407012e8
1.2997692269141826e8, 1.5715826787642717e8
1.40271853350428e8, 1.9200962720871556e8
1.57634343398659e8, 2.4112931879991904e8
1.521284429344411e8, 2.2269047672099343e8
1.500426098523244e8, 2.024906086435993e8
2.4657554527851623e8, 3.1287265325048906e8
1.9819123958966815e8, 2.3768200039904717e8
1.7681769847652617e8, 2.6064573760139835e8
5.256863722448358e8, 6.252905509642978e8
3.5898419382515305e8, 3.8496816734569675e8
1.940789332325142e8, 2.4115607417513707e8
1.4631072435891378e8, 2.5689848650690487e8
1.7488254820785904e8, 2.3940262474579218e8
1.8500145531580245e8, 2.7630819329632246e8
3.6860557536504793e8, 4.469424196318698e8
9.829262638509406e7, 1.2316730330261017e8
1.4860265049022478e8, 2.2586398443254885e8
1.4114698086672246e8, 1.9872842460391986e8
2.610846807932479e8, 3.1585769426312387e8
8.517918753525737e7, 1.3225613753544228e8
1.292664673755263e8, 1.5643074133108562e8
1.2773049699428268e8, 3.464070945219756e8
1.5145720929387003e8, 2.0863920105712685e8
8.089044050353509e7, 2.3298643798318002e8
9.75753566921614e7, 2.1862345283788356e8
2.470988339900987e8, 3.195999765635222e8
2.0145836021068513e8, 2.9125416493971056e8
1.271599451840402e8, 1.875137685943474e8
9.925596391742252e7, 1.891878773369049e8
4.804282143797117e8, 5.673546978063724e8
1.8820840080628413e8, 4.070781041242292e8
1.6116074243589285e8, 2.6464795476058477e8
1.7215625652950448e8, 2.1303635783533007e8
2.280705870677885e8, 2.698836904833503e8
1.1400336930669954e8, 1.912801263392678e8
5.373180077495036e7, 1.6605615796988562e8
1.0464151586222243e8, 1.3816801247418562e8
1.3869546665957668e8, 1.8324229506891173e8
1.1091769771448655e9, 1.1692188145214808e9
3.14718921207909e8, 3.764959879938207e8
1.1302564986528648e8, 1.7238834522270936e8
1.2552692853608064e8, 2.091609633021364e8
2.3564854180723044e8, 4.287630124193162e8
2.1184768435145143e8, 3.2160846260426575e8
1.3336878492089616e8, 2.049723072759515e8
9.597446154925393e7, 1.3545309501821715e8
1.0925129991550864e8, 1.6045423033058605e8
3.2452976732738644e8, 3.760100477417427e8
1.0279254319087093e8, 1.5758148720025787e8
1.2837012765211399e8, 1.8918122339594465e8
1.738106042566424e8, 5.1475704712485474e8
1.1960845398304123e8, 1.8050772996347702e8
9.082158719471501e7, 1.4429403318949953e8
1.2858212978792067e8, 1.844780988013101e8
1.2580823340675418e8, 1.5872683916558138e8
1.4523460367229968e8, 4.074295152823959e8
1.2583935942069478e8, 3.3127914127628905e8
1.366997536136789e8, 2.37502785302244e8
3.045200708180934e8, 3.5564743995547265e8
1.37441821198127e8, 2.1813104157372025e8
1.1159763419726278e8, 1.721967749866399e8
9.342146617934494e7, 1.53745503986193e8
2.3323005383807003e8, 3.253328693231908e8
1.198648207254739e8, 1.611545473637336e8
2.0908617952175015e8, 2.6127204012283355e8
1.0282263022271422e8, 2.3650458408894646e8
2.1033859256512147e8, 2.4423250597398043e8
3.1802125475551367e8, 4.8881341667557317e8
4.224686777330307e8, 4.8376096545659465e8
8.404086832399496e7, 2.1041333567624554e8
1.1186381584027556e8, 1.759540347737605e8
3.255617193406325e8, 4.156067191303981e8
7.451838049953994e8, 8.248923948061332e8
9.399470241810222e7, 1.6984791758979788e8
1.2504166564270185e8, 2.1263076525228694e8
1.0090521603744695e8, 1.4095171794328508e8
3.801062967607791e8, 4.1576692390324587e8
1.1028966046152104e8, 1.563102501817062e8
8.184786078258729e7, 2.2930652544804627e8
1.9460349633993155e8, 2.85961322337634e8
1.2513168729929926e8, 1.8140849251051962e8
1.702557506490911e8, 2.4611721761381343e8
1.590812070373515e8, 1.8625033788175714e8
1.096253294795884e8, 1.8996900076789725e8
1.534737055791952e8, 2.5968105604780152e8
9.60831577706795e7, 2.103143606360242e8
1.0501039639765543e8, 1.9972746239804402e8
2.291404672665499e8, 2.6704797677592817e8
1.8780854673348764e8, 2.5273405349493092e8
2.3976144327138084e8, 2.783755110235946e8
2.1327352654953933e8, 2.6348135039906153e8
2.724208847445601e8, 3.1304720639730084e8
1.636203927661866e8, 2.651603217202498e8
9.672054349427253e7, 1.570375444792342e8
1.4804440781474924e8, 2.0004517517970097e8
7.710220350363469e7, 1.4838167360118887e8
1.3331092856781629e8, 1.724715229524437e8
1.6696966429715198e8, 2.3291336875608355e8
3.1867914306470275e8, 3.599695067195531e8
1.959592558875038e8, 2.8323951979117227e8
1.2856483695535374e8, 2.986374782275222e8
9.174941444133852e7, 1.5731369201175904e8
1.450745083621515e8, 2.0398044261487046e8
2.0396219674327162e8, 2.367051804029926e8
1.3074072869594117e8, 2.988184359010484e8
1.5955218874792972e8, 2.9161614818050337e8
2.901986003091668e8, 3.874164354313567e8
1.3400965885203025e8, 2.155668564009473e8
5.549715333167844e8, 7.271151064494903e8
1.1055427805495954e8, 1.5189031564053556e8
1.4006042484258884e8, 2.113521483654589e8
1.2992892787442236e8, 2.1699425246126693e8
1.2796414108752769e8, 1.9598674491637155e8
1.387618834897605e8, 2.3287276592932004e8
5.64511662270361e8, 6.260840647716922e8
1.2009252078143883e8, 2.1050559514131296e8
7.822162100694263e7, 1.4212917642282245e8
1.5105833958477387e8, 2.0520762444644454e8
1.6494186405485594e8, 2.849691114571311e8
2.0277158849934515e8, 3.4636408264219034e8
1.145816780954334e8, 1.655011761896671e8
1.2393506214599317e8, 1.8105291664413193e8
2.3641048544033295e8, 2.9618185475015694e8
4.265892571650336e8, 4.6388838515004593e8
2.1125477032829028e8, 2.9881801799450874e8
9.851187482810463e7, 2.0192583030900896e8
1.9601826794617388e8, 2.9810633515056455e8
8.545005402247684e7, 1.1340247464241074e8
