(1,6029.89)
(2,7378.33)
(3,6657.39)
(4,6382.73)
(5,7898.78)
(6,10405.47)
(7,11704.85)
(8,10828.07)
(9,12918.15)
(10,13963.43)
(11,9242.84)
(12,7684.4)
(13,7219.6)
(14,9261.44)
(15,8008.67)
(16,7584.69)
(17,9165.62)
(18,10288.4)
(19,11746.43)
(20,11696.43)
(21,12897.09)
(22,14381.15)
(23,10230.27)
(24,7750.13)
(25,6660.63)
(26,7828.17)
(27,7186.27)
(28,6474.97)
(29,8627.4)
(30,10306.84)
(31,11928.59)
(32,11075.94)
(33,12338.76)
(34,13715.5)
(35,9898.22)
(36,8099.43)
(37,8103.8)
(38,9466.4)
(39,8154.51)
(40,6880.78)
(41,10653.95)
(42,12167.99)
(43,13785.17)
(44,11480.11)
(45,12609.8)
(46,13511.13)
(47,9614.39)
(48,7265.92)
(49,7330.42)
(50,7574.54)
(51,6342.4)
(52,5860.55)
(53,8939.65)
(54,11006.59)
(55,12743.79)
(56,10533.74)
(57,12585.53)
(58,14852.68)
(59,10224.21)
(60,8121.19)
(61,7497.7)
(62,7922.67)
(63,6931.58)
(64,6088.45)
(65,8457.3)
(66,10646.55)
(67,12365.94)
(68,11577.77)
(69,12863.82)
(70,13754.33)
(71,9981.65)
(72,7292.64)
(73,7634.2)
(74,8682.6)
(75,7434.62)
(76,7037.21)
(77,10225.96)
(78,10726.5)
(79,10767.24)
(80,10084.85)
(81,11221.7)
(82,13057.97)
(83,8762.23)
(84,6695.67)
(85,6940.05)
(86,7617.54)
(87,6845.96)
(88,6013.42)
(89,9625.61)
(90,12295.7)
(91,14989.83)
(92,13026.37)
(93,14401.28)
(94,15317.29)
(95,11664.39)
(96,9587.38)
(97,7810.73)
(98,8268.87)
(99,7424.88)
(100,6748.52)
(101,9361.21)
(102,10181.17)
(103,11288.86)
(104,10699.06)
(105,12495.42)
(106,13851.96)
(107,10570.27)
(108,7334.28)
(109,7214.83)
(110,8043.21)
(111,6736.28)
(112,6451.61)
(113,8359.3)
(114,10690.25)
(115,12296.57)
(116,11135.0)
(117,12796.12)
(118,14133.82)
(119,9565.15)
(120,7334.37)
###################
(1,6029.89)
(2,3590.82)
(3,3072.66)
(4,2187.55)
(5,1711.75)
(6,3131.08)
(7,3140.55)
(8,2778.22)
(9,4036.02)
(10,4792.6)
(11,3397.63)
(12,2796.0)
(13,2542.74)
(14,3474.82)
(15,2799.82)
(16,2483.47)
(17,2026.5)
(18,2707.61)
(19,2775.61)
(20,2738.34)
(21,4369.66)
(22,5375.89)
(23,4039.3)
(24,2335.65)
(25,2276.67)
(26,2407.9)
(27,2568.11)
(28,2355.9)
(29,1752.31)
(30,2687.69)
(31,2837.72)
(32,2979.39)
(33,3723.94)
(34,4118.38)
(35,3270.38)
(36,2855.55)
(37,3094.16)
(38,2912.79)
(39,3078.92)
(40,2305.57)
(41,2288.01)
(42,3203.15)
(43,3059.52)
(44,2646.17)
(45,3285.77)
(46,4551.49)
(47,2848.64)
(48,2331.5)
(49,2590.54)
(50,2929.18)
(51,2831.87)
(52,2224.48)
(53,1988.36)
(54,2997.69)
(55,3495.02)
(56,2875.11)
(57,3576.79)
(58,4484.67)
(59,3423.9)
(60,2689.59)
(61,2836.41)
(62,2948.71)
(63,2638.93)
(64,2253.6)
(65,1748.14)
(66,2855.52)
(67,3445.38)
(68,2996.71)
(69,3673.74)
(70,5466.85)
(71,3219.4)
(72,2330.78)
(73,2296.99)
(74,2831.57)
(75,3096.24)
(76,2500.99)
(77,2218.36)
(78,2550.8)
(79,2895.13)
(80,2877.74)
(81,3756.5)
(82,4736.3)
(83,3299.12)
(84,2206.51)
(85,2707.37)
(86,2842.99)
(87,2707.2)
(88,2151.27)
(89,1761.23)
(90,2867.82)
(91,3693.91)
(92,3428.19)
(93,4376.25)
(94,6724.1)
(95,4083.16)
(96,2953.44)
(97,2380.9)
(98,3237.88)
(99,2861.46)
(100,2689.4)
(101,2034.55)
(102,2696.27)
(103,2596.37)
(104,2632.34)
(105,3919.43)
(106,4831.09)
(107,3928.38)
(108,2822.04)
(109,2499.67)
(110,2839.94)
(111,2563.28)
(112,2156.93)
(113,1784.49)
(114,2578.24)
(115,3200.3)
(116,2955.37)
(117,4298.86)
(118,5617.59)
(119,3668.68)
(120,2370.14)
###################
(1,6029.89)
(2,13966.83)
(3,13516.99)
(4,15080.96)
(5,20525.97)
(6,24642.68)
(7,27783.23)
(8,25633.58)
(9,28842.2)
(10,30768.55)
(11,20112.67)
(12,16554.76)
(13,15174.66)
(14,19075.56)
(15,17062.6)
(16,17217.38)
(17,25414.65)
(18,24876.71)
(19,30461.9)
(20,28982.99)
(21,30530.72)
(22,29744.08)
(23,21014.61)
(24,16904.69)
(25,13702.55)
(26,17032.89)
(27,15023.1)
(28,13399.1)
(29,22538.6)
(30,25804.05)
(31,32129.17)
(32,28174.18)
(33,27977.95)
(34,30957.22)
(35,22009.71)
(36,18292.25)
(37,16933.86)
(38,23255.28)
(39,18236.34)
(40,16062.66)
(41,29929.99)
(42,32087.31)
(43,36534.13)
(44,31245.73)
(45,30631.14)
(46,28622.77)
(47,23575.21)
(48,18003.01)
(49,15150.66)
(50,15359.62)
(51,12330.66)
(52,11514.52)
(53,22297.01)
(54,26727.14)
(55,32334.96)
(56,26306.63)
(57,28971.84)
(58,33464.02)
(59,23211.69)
(60,17750.86)
(61,14810.96)
(62,15623.28)
(63,14000.49)
(64,13569.61)
(65,21834.72)
(66,26198.18)
(67,31898.33)
(68,27669.43)
(69,30200.06)
(70,28114.74)
(71,21961.38)
(72,16569.5)
(73,16823.74)
(74,18211.22)
(75,14796.99)
(76,14404.35)
(77,26938.29)
(78,26501.42)
(79,27154.45)
(80,22150.14)
(81,23836.18)
(82,27741.5)
(83,18592.27)
(84,14818.45)
(85,15949.98)
(86,15682.7)
(87,13403.78)
(88,13010.17)
(89,24382.28)
(90,31002.59)
(91,37919.29)
(92,32693.53)
(93,33081.65)
(94,30890.19)
(95,25838.35)
(96,23343.9)
(97,17369.33)
(98,17330.39)
(99,15552.24)
(100,14150.0)
(101,23538.37)
(102,25829.38)
(103,29250.34)
(104,31311.67)
(105,28976.82)
(106,27858.24)
(107,21960.95)
(108,15290.61)
(109,15638.39)
(110,17721.62)
(111,13329.65)
(112,14419.57)
(113,22172.27)
(114,27189.09)
(115,32769.85)
(116,27603.37)
(117,28716.79)
(118,29157.88)
(119,20613.57)
(120,16178.37)
###################
(1,6029.89)
(2,2554.26)
(3,2057.91)
(4,1195.36)
(5,425.0)
(6,1370.24)
(7,917.32)
(8,1088.39)
(9,2393.94)
(10,1927.09)
(11,1192.17)
(12,908.79)
(13,1215.91)
(14,1733.47)
(15,1285.07)
(16,1330.57)
(17,671.54)
(18,1270.29)
(19,1286.77)
(20,1161.71)
(21,2507.13)
(22,2297.03)
(23,2174.34)
(24,1181.83)
(25,1446.0)
(26,1165.57)
(27,1460.52)
(28,1233.64)
(29,534.36)
(30,1240.09)
(31,1334.8)
(32,1826.01)
(33,2041.36)
(34,1670.95)
(35,1353.11)
(36,1287.78)
(37,1600.9)
(38,1380.36)
(39,1614.73)
(40,1284.4)
(41,955.49)
(42,1736.7)
(43,1310.22)
(44,1294.09)
(45,1743.34)
(46,2832.18)
(47,1065.63)
(48,1265.63)
(49,1444.48)
(50,1419.82)
(51,1578.74)
(52,1247.54)
(53,692.48)
(54,1308.19)
(55,1341.72)
(56,1341.6)
(57,1429.62)
(58,2235.78)
(59,980.14)
(60,1016.1)
(61,1422.25)
(62,1522.31)
(63,1334.24)
(64,1303.72)
(65,732.38)
(66,1226.48)
(67,1489.48)
(68,1709.68)
(69,1996.44)
(70,2556.48)
(71,1568.89)
(72,1057.3)
(73,1429.69)
(74,1116.39)
(75,1980.46)
(76,1231.73)
(77,725.32)
(78,1350.66)
(79,998.91)
(80,1418.51)
(81,1969.71)
(82,2917.69)
(83,1192.14)
(84,853.91)
(85,1681.76)
(86,1534.91)
(87,1349.99)
(88,1176.99)
(89,745.01)
(90,1484.59)
(91,1648.81)
(92,1481.72)
(93,1462.51)
(94,4610.05)
(95,2407.87)
(96,1605.48)
(97,1213.76)
(98,1564.61)
(99,1450.62)
(100,1276.68)
(101,305.01)
(102,1283.67)
(103,755.41)
(104,758.73)
(105,1789.57)
(106,2112.68)
(107,1814.81)
(108,1453.09)
(109,1460.03)
(110,1683.88)
(111,1211.96)
(112,1246.78)
(113,766.44)
(114,1035.85)
(115,1292.72)
(116,1772.91)
(117,1868.13)
(118,2897.13)
(119,1751.45)
(120,918.68)
###################
