(1,86070.29)
(2,110533.78)
(3,130705.5)
(4,137059.74)
(5,132614.01)
(6,123055.81)
(7,109510.21)
(8,92244.93)
(9,74925.8)
(10,60877.95)
(11,52360.96)
(12,58481.12)
(13,78873.32)
(14,104248.44)
(15,123603.42)
(16,130005.81)
(17,126385.99)
(18,118379.96)
(19,106048.18)
(20,89567.55)
(21,74246.81)
(22,61134.05)
(23,54429.75)
(24,61691.36)
(25,83766.08)
(26,107622.39)
(27,125278.61)
(28,131134.12)
(29,127619.59)
(30,118793.96)
(31,105738.62)
(32,89219.39)
(33,73398.94)
(34,59723.14)
(35,51695.47)
(36,57764.26)
(37,81134.65)
(38,105113.44)
(39,126542.62)
(40,133784.79)
(41,132028.17)
(42,124980.06)
(43,113228.56)
(44,96568.14)
(45,80694.58)
(46,67725.93)
(47,58583.63)
(48,65384.01)
(49,87727.69)
(50,114669.93)
(51,135070.72)
(52,141571.9)
(53,138770.16)
(54,130449.16)
(55,117754.34)
(56,100841.96)
(57,84501.16)
(58,70404.99)
(59,61993.44)
(60,69348.5)
(61,93354.17)
(62,119617.07)
(63,139746.38)
(64,146906.25)
(65,144333.63)
(66,136629.58)
(67,124634.36)
(68,107392.16)
(69,90393.54)
(70,76892.62)
(71,69456.35)
(72,77355.19)
(73,97543.46)
(74,122351.15)
(75,140250.27)
(76,145394.28)
(77,142595.7)
(78,134779.02)
(79,122846.33)
(80,106425.49)
(81,90946.42)
(82,77360.6)
(83,70024.9)
(84,77621.47)
(85,98796.85)
(86,124065.42)
(87,143202.13)
(88,151822.49)
(89,149705.4)
(90,142643.97)
(91,129819.48)
(92,112288.25)
(93,95622.2)
(94,81979.38)
(95,72578.18)
(96,78132.9)
(97,97227.77)
(98,121452.04)
(99,138098.0)
(100,143440.2)
(101,139467.06)
(102,129468.6)
(103,115156.6)
(104,97231.58)
(105,79354.72)
(106,65051.21)
(107,56581.76)
(108,62585.58)
(109,82729.37)
(110,104251.82)
(111,122007.97)
(112,125585.85)
(113,119075.27)
(114,107987.8)
(115,90863.8)
(116,68597.41)
(117,47873.28)
(118,29677.11)
(119,13152.83)
(120,13969.91)
###################
(1,86070.29)
(2,88489.06)
(3,101020.19)
(4,98686.44)
(5,89694.6)
(6,76187.61)
(7,59879.61)
(8,41682.39)
(9,22485.91)
(10,8679.81)
(11,0.0)
(12,2930.61)
(13,16404.58)
(14,35662.15)
(15,52723.78)
(16,58682.38)
(17,53548.96)
(18,44863.97)
(19,33806.0)
(20,20600.54)
(21,8154.34)
(22,0.0)
(23,0.0)
(24,207.76)
(25,17050.63)
(26,34354.78)
(27,48535.16)
(28,53900.38)
(29,50622.66)
(30,43253.25)
(31,32245.06)
(32,19486.87)
(33,6959.53)
(34,0.0)
(35,0.0)
(36,0.0)
(37,16427.42)
(38,33527.65)
(39,47131.04)
(40,52601.68)
(41,50166.17)
(42,42351.44)
(43,31621.28)
(44,18913.72)
(45,7802.02)
(46,0.0)
(47,0.0)
(48,0.0)
(49,19474.47)
(50,39296.74)
(51,54521.63)
(52,61187.54)
(53,58551.99)
(54,51374.44)
(55,40011.4)
(56,25179.34)
(57,11888.49)
(58,90.32)
(59,0.0)
(60,456.11)
(61,18708.83)
(62,42207.66)
(63,57513.18)
(64,63598.27)
(65,60208.02)
(66,52595.77)
(67,41994.57)
(68,27464.55)
(69,12018.93)
(70,1236.42)
(71,0.0)
(72,3704.12)
(73,20344.84)
(74,41904.95)
(75,57909.31)
(76,62377.62)
(77,58068.41)
(78,50160.44)
(79,40512.22)
(80,27117.28)
(81,13180.42)
(82,4093.79)
(83,0.0)
(84,6758.62)
(85,24320.79)
(86,45613.45)
(87,63428.68)
(88,69999.77)
(89,67242.84)
(90,58984.66)
(91,46318.65)
(92,31661.19)
(93,16568.91)
(94,5860.07)
(95,0.0)
(96,3685.2)
(97,20586.9)
(98,41911.74)
(99,58543.8)
(100,65177.67)
(101,62633.63)
(102,54996.7)
(103,44380.45)
(104,29979.77)
(105,15109.58)
(106,4791.45)
(107,0.0)
(108,3533.1)
(109,21047.39)
(110,40070.11)
(111,59542.1)
(112,64445.76)
(113,62507.38)
(114,54805.75)
(115,41953.6)
(116,26871.39)
(117,13636.27)
(118,3573.76)
(119,0.0)
(120,0.0)
###################
(1,86070.29)
(2,127249.91)
(3,164667.96)
(4,181367.23)
(5,182316.27)
(6,177331.96)
(7,165960.14)
(8,145744.28)
(9,129914.6)
(10,116581.06)
(11,111335.76)
(12,122234.8)
(13,151922.53)
(14,181703.98)
(15,200717.6)
(16,200717.6)
(17,200717.6)
(18,195834.89)
(19,184329.98)
(20,165160.35)
(21,147126.57)
(22,131939.3)
(23,123975.5)
(24,133012.89)
(25,161686.98)
(26,190822.71)
(27,200717.6)
(28,200717.6)
(29,200717.6)
(30,195467.31)
(31,184135.63)
(32,165739.06)
(33,149492.43)
(34,135628.73)
(35,124697.07)
(36,131768.56)
(37,157161.93)
(38,174448.65)
(39,198261.9)
(40,200717.6)
(41,200717.6)
(42,195285.4)
(43,184472.62)
(44,165848.91)
(45,150224.9)
(46,137649.57)
(47,128223.76)
(48,139448.91)
(49,162217.25)
(50,194335.37)
(51,200717.6)
(52,200717.6)
(53,200717.6)
(54,199079.55)
(55,187346.52)
(56,169491.97)
(57,152845.15)
(58,139782.49)
(59,131974.18)
(60,140501.63)
(61,166210.53)
(62,194294.29)
(63,200717.6)
(64,200717.6)
(65,200717.6)
(66,200225.73)
(67,190917.03)
(68,173863.01)
(69,157640.44)
(70,144392.88)
(71,136786.46)
(72,146908.81)
(73,173388.33)
(74,200110.84)
(75,200717.6)
(76,200717.6)
(77,200717.6)
(78,200717.6)
(79,190979.64)
(80,174945.14)
(81,159863.48)
(82,144780.42)
(83,138094.31)
(84,146652.49)
(85,172385.03)
(86,200717.6)
(87,200717.6)
(88,200717.6)
(89,200717.6)
(90,200717.6)
(91,192201.14)
(92,176013.0)
(93,161208.99)
(94,147718.83)
(95,138520.16)
(96,145563.29)
(97,167676.43)
(98,200717.6)
(99,200717.6)
(100,200717.6)
(101,200323.72)
(102,193509.5)
(103,178492.3)
(104,158608.5)
(105,139411.41)
(106,126231.0)
(107,117643.8)
(108,127476.16)
(109,160834.38)
(110,194131.93)
(111,200717.6)
(112,200717.6)
(113,193700.37)
(114,185410.59)
(115,168386.29)
(116,142979.38)
(117,122117.43)
(118,100461.86)
(119,66720.91)
(120,71917.24)
###################
