3.7809053128512913e8, 4.150247400506314e8
6.674128634798009e8, 7.419260023929015e8
3.0422160611804116e8, 3.6251976164274e8
1.3139112532373583e8, 1.7033457508165443e8
1.5267008392599276e8, 2.5930103290538716e8
1.7875589135971007e8, 3.797532408210703e8
2.727498028303345e8, 3.7838373282793933e8
6.008831660334787e8, 7.126227675933878e8
6.428548871485816e8, 7.24340844545325e8
1.8637150044014618e8, 2.715201936101429e8
1.2621170264246546e8, 2.0998228731671444e8
8.00280907152025e8, 9.659516036742401e8
3.723100171876025e8, 4.572555236139175e8
4.296693080941443e8, 5.406450896116605e8
1.0691210903254169e8, 2.2858919629648703e8
1.1325095194112036e8, 1.5400236680136803e8
3.2935686274057895e8, 4.092311156941755e8
5.074019215921164e8, 7.670015555828514e8
1.2836912610578012e8, 2.195383522312984e8
1.8747982016180125e8, 2.5913860253882968e8
2.0925364527067244e8, 4.2132535386483824e8
2.971059238763884e8, 3.724240718879481e8
1.352486756105406e8, 2.4853670163556063e8
4.9251711975233406e8, 5.505851816209873e8
1.576335842025749e8, 2.3912766718222025e8
5.417038558896034e8, 7.268134941949474e8
1.60545971513554e8, 2.535205997498573e8
9.469056705537845e7, 2.1022991408051822e8
6.347724990409732e8, 7.228684280821742e8
1.2299806330459978e8, 1.698243271322001e8
1.0623953412137298e8, 2.4454267691617063e8
5.53002592301657e8, 6.060188232203155e8
1.306463589972201e8, 3.369847868533935e8
1.4738156935909227e8, 3.960573746217319e8
1.8849268841248646e8, 2.5268986003371984e8
2.1265814682763636e8, 3.0965713058092713e8
7.574005779961283e8, 9.457200238683208e8
1.5932341677422145e8, 2.4584901609015164e8
2.777933498406126e8, 3.6705389644889396e8
1.3135135873711872e8, 4.05464049647052e8
5.1871504454236305e8, 6.421368664824673e8
2.2985557210568297e8, 2.943053847089027e8
7.748193182690756e7, 1.3346347566825463e8
4.446681176736192e8, 5.84473674614865e8
2.1144716756652522e8, 3.064575258568568e8
3.6156756539217496e8, 6.964609340914996e8
1.3833574357390332e8, 2.0873813210595244e8
3.298972556886868e8, 4.980132068835143e8
1.1452259062241128e8, 1.9476164230659848e8
2.6231733119689626e8, 3.5362780886965895e8
3.349252891059479e8, 5.837682717479275e8
1.4894363747559208e8, 2.298983106250654e8
1.357729092339422e8, 3.9740418485786927e8
2.7868719070266557e8, 3.2656222143267995e8
1.5160780613554204e8, 2.3687050486368883e8
5.512696506189975e8, 8.177306517370969e8
4.9493862401232773e8, 9.484528663602566e8
3.0909218631829524e8, 4.0385292517566484e8
1.718942173001448e8, 6.654800808084842e8
1.0018284450470285e8, 3.440248174769873e8
1.0795228544463626e8, 1.5983855042274997e8
1.1051202421158089e8, 1.4068903082212606e8
3.142598440868903e8, 3.9916542271701396e8
5.324288230031873e8, 7.404929296400878e8
1.1409939532200462e8, 2.0587983786352095e8
3.2462242387341404e8, 4.093340698044603e8
1.5820553674674356e8, 2.5566957937805146e8
1.7150975089427802e8, 2.4052267154195786e8
8.356308977392728e8, 9.717294915309331e8
3.477998813935135e8, 4.117172065173069e8
6.91929317633555e8, 7.391769864358524e8
1.0517346285752812e8, 1.6417281769351742e8
1.4576036823484305e8, 2.2573294885394645e8
2.2762057692225638e8, 3.1292467381887287e8
1.930947751840193e8, 2.412902343444191e8
2.2470932467132467e8, 3.62438382768241e8
1.3481703286255565e8, 2.616444185820651e8
1.2082959349569976e8, 2.0151742904141462e8
2.3135968896496984e8, 3.3004088062807673e8
4.9722762595212686e8, 5.480976159157418e8
1.855693172210914e8, 5.2866883929862696e8
2.8150855316191834e8, 3.520395834424876e8
1.649772129357674e8, 2.080384641626688e8
3.706253379187389e8, 6.712233983299906e8
1.1621199287151703e8, 2.1209857092843887e8
1.3361263720433855e8, 2.870089751830237e8
1.8405784217689162e8, 3.3481179968654376e8
9.156399126751158e7, 1.6721501234010458e8
2.0419959971722165e8, 2.6771555526240447e8
2.1100415392950556e8, 2.842049795285285e8
2.4730101377718505e8, 3.2918353549052566e8
2.942611874850647e8, 3.8307837752857584e8
1.4062937501443687e8, 2.607177214753245e8
1.4806957313645262e8, 3.2311237442994475e8
2.2278492469471633e8, 2.736142363323965e8
2.3365070780068234e8, 3.347926282161501e8
1.843739631073081e8, 2.224582113070823e8
6.850203759728849e7, 1.1180263827678093e8
1.094604535372466e8, 1.9656428942186627e8
2.890307006365576e8, 5.189190650033058e8
1.8542679990406406e8, 2.923136849552367e8
1.1895119125354244e8, 3.860012935205706e8
2.221748098397925e8, 3.607432749697283e8
2.0225886222736016e8, 2.515096423998808e8
2.3314294068314576e8, 5.3053424723041195e8
3.3805040001462156e8, 4.801102718885672e8
2.2798215260371986e8, 4.9321841697900623e8
1.4855189059085208e8, 1.971230036690805e8
8.824876201649748e7, 1.9298957089239672e8
1.4967065441149035e8, 2.5979507190650037e8
1.0445405023367411e8, 2.128792252689852e8
2.0842220679185197e8, 2.7377611084165597e8
1.59716629374394e8, 3.493717422550942e8
8.815148457397915e7, 2.446584847473407e8
3.3089144064317816e8, 6.101416903261551e8
5.528984654412379e8, 7.575357455946372e8
2.871489491913603e8, 4.456244766187663e8
1.4676427111641237e8, 2.1595291941437897e8
6.74270558938581e8, 9.483632871792401e8
2.1732632576661006e8, 3.1035525593201905e8
2.5845753869145453e8, 3.381743224410538e8
1.624502653111717e8, 2.10172469496289e8
1.5391185633855823e8, 2.0871435948064324e8
3.280192987607317e8, 4.068549406146858e8
2.077940806078231e8, 2.5343608543297875e8
1.3549681706949574e8, 1.9988609745197833e8
1.3320631980049227e8, 2.112629177395878e8
3.2047449094564277e8, 4.308655297019989e8
1.2378140283046475e8, 1.619228960421504e8
3.206434914031164e8, 3.8336141691541004e8
3.973891688811001e8, 6.737091921846137e8
2.0712222941886026e8, 3.319543590369608e8
1.592168491734844e8, 2.525449235663491e8
2.449126862439308e8, 2.8928631918117094e8
2.808075223010511e8, 3.731995022155213e8
1.2290893771130428e8, 2.3766205593736723e8
1.3252818532114553e8, 2.8523035909007823e8
1.2750277365924911e8, 2.726347800493252e8
5.589197088365346e8, 9.243573329654355e8
2.5543111659265947e8, 4.2225779380731016e8
4.089681465385499e8, 4.85220361837324e8
8.269315185076677e8, 8.652287862489871e8
1.6257668526500383e8, 3.241770968615999e8
5.2244958276743e8, 1.1628878702665308e9
4.127114138445461e8, 5.6350245153353e8
3.7283545967254287e8, 6.58618788839471e8
1.6968128610892147e8, 3.208017837323728e8
1.4207151567328745e8, 3.6725660579052955e8
1.7964595621430662e8, 3.940529115451707e8
2.3442376487298107e8, 3.632386412358814e8
2.337657028306531e8, 3.2618363171250385e8
1.5826002700675863e8, 2.191288955013979e8
4.9789675638853186e8, 5.705908677118751e8
1.3211877163281119e8, 4.599238937185564e8
2.629586727774176e8, 3.414909910222899e8
9.550011844323504e7, 1.6812747810516155e8
3.202721942631787e8, 5.024683829477541e8
2.7478854617090976e8, 3.91688004948938e8
2.05057611379955e8, 2.3133070273243535e8
4.383101806054292e8, 6.219467669633034e8
3.8272315979301673e8, 4.9152087282277143e8
5.905396791789738e8, 9.523033848949751e8
1.4144324043309575e8, 2.037232592748191e8
1.9201151630516508e8, 2.3341591797984692e8
9.862256280571783e7, 3.523794611059159e8
4.9961748680167633e8, 5.429324161689664e8
1.5639811944486055e8, 2.4815561633149016e8
3.442170555909185e8, 4.080682312247798e8
2.1898310523584798e8, 2.95412241573893e8
2.959813184355076e8, 4.0975076485502756e8
2.255412149219315e8, 3.1475415107491755e8
1.3475783328719342e8, 2.2736939312926394e8
1.5967494311194214e8, 2.2284587425613478e8
1.3945328686863452e8, 1.8261035572771487e8
1.4463182856922305e8, 2.0444647035021827e8
3.3371159771464884e8, 4.2793645949999964e8
1.6738005972794905e8, 2.245986858465194e8
1.6022997245170093e8, 2.0433691055839548e8
1.5468172377857316e8, 2.348455334616162e8
3.7586528839423066e8, 4.664918425700595e8
1.2747430065867694e8, 2.1634840390961212e8
8.983560706851864e8, 1.0508751669338018e9
3.882101994975019e8, 5.282298719381478e8
1.1107401784011978e8, 2.62790503771962e8
3.4424580401551306e8, 3.871324107422485e8
4.895574990200398e8, 6.079253567480483e8
1.2472125190294905e8, 1.9116941512095633e8
1.1911538346600169e8, 1.8996000799720636e8
1.6753397458246282e8, 2.793280149386274e8
8.68332818398142e8, 9.452881074403265e8
3.5876566368618786e8, 4.3347971561631984e8
4.750186595701995e8, 7.23947302445712e8
1.7265636003169504e8, 3.3489633517636317e8
1.7280921983543912e8, 2.3322353308756506e8
2.9388280501008725e8, 4.5482432446900207e8
1.6003055152567753e8, 3.519842753511631e8
1.9247550984127218e8, 3.051113037404892e8
1.5716654671828043e8, 2.057315678741673e8
2.000283022803674e8, 3.9509157000704026e8
1.3910856902514416e8, 2.2181373518495986e8
2.5907877590411064e8, 3.626635853069751e8
1.347095849534983e8, 3.5545011191338605e8
1.5036350557033497e8, 2.2767492591660872e8
9.856377932772425e7, 1.4065766167699552e8
1.7244567994223282e8, 4.3058230539756685e8
2.89134765892177e8, 4.308319349385522e8
1.0727161019074175e8, 2.322172567017137e8
2.950802656985676e8, 3.7924431772899973e8
2.242076463316393e8, 3.4295441395220643e8
2.3457364108666414e8, 3.476623802215297e8
3.305661654200134e8, 4.459469380200306e8
2.755255761080863e8, 4.345273551676815e8
1.3358745922696684e8, 3.4108688175712425e8
1.484621113155076e8, 3.5330510134087807e8
9.540762136060113e7, 3.262599998174905e8
2.1155216395894125e8, 2.760805967105887e8
1.6114748273499483e8, 2.662707524125821e8
7.789180776907995e8, 1.0207841959307823e9
5.173494444202152e8, 6.627139910123621e8
1.1938591435956705e8, 1.7607257833061904e8
1.2734114892357205e8, 2.0282575180630568e8
2.6457291641945642e8, 3.9113997748987377e8
1.4244450073872292e8, 3.9828126176014215e8
1.3374151960117202e8, 2.7350276284697235e8
1.4264778164769354e8, 2.3641030741497904e8
1.3287066066837874e8, 2.845388744661205e8
1.2680370614292324e8, 2.033310652102315e8
4.6339357185421157e8, 8.060774653058591e8
7.976025306505458e8, 9.852597652718602e8
2.8232349731651866e8, 3.5133316734718156e8
1.0128081722880648e8, 1.982686417132345e8
1.390605193136394e8, 2.6346645069386768e8
2.1128825180237484e8, 3.6664938120694196e8
1.0300856482530746e8, 3.4500903043734103e8
1.7158457580311733e8, 2.6295902540186423e8
1.7870248877221927e8, 3.3289828052046996e8
2.2032431925883988e8, 3.700955482462389e8
1.537303001941024e8, 2.0387277395334402e8
1.3613051588531074e8, 2.1427947491322708e8
1.4808789900565746e8, 2.3212243551244828e8
1.3326633803058456e8, 1.9588939376663804e8
1.6845147838059127e8, 2.3700159111817566e8
2.4642730555218238e8, 3.7984275397399956e8
8.722485190776536e7, 1.7898142401974267e8
1.2763157926011206e8, 2.126279698282222e8
1.4961999992096362e8, 2.202793118308074e8
1.68459033203886e8, 2.985545673822033e8
1.7716426211958802e8, 4.9173926320459133e8
1.517359717897266e8, 2.7606653482759684e8
1.7352430359675583e8, 2.789865757161859e8
1.9729107101184127e8, 3.6097109200929546e8
1.576259362364499e8, 3.342529656558977e8
1.7240596920522508e8, 2.335281053204036e8
4.131910654606915e8, 4.618026645229042e8
1.2936915377447093e8, 1.9741090189438254e8
1.1739440450246775e8, 4.3133114176132405e8
1.5834589255329943e8, 2.5617802134466946e8
2.4842092156976584e8, 3.1299524419696724e8
1.358426583454302e8, 2.4109038726332682e8
4.054628586909113e8, 4.566762473663527e8
1.3787808225655654e8, 2.0997254036746216e8
2.247502030301313e8, 3.011260112197711e8
6.347521583067961e8, 7.95449345830645e8
4.2591815509796214e8, 6.718802703041077e8
1.0871032023495106e8, 1.6530401153476578e8
1.1595613257065706e8, 7.585748968095831e8
1.4342139336530495e8, 3.6454833313972056e8
1.2463782117771153e8, 2.0586775644803554e8
7.566209529100345e8, 8.368364849530698e8
3.09080859422882e8, 3.8833449200185543e8
3.841069728730002e8, 5.3143122463831276e8
1.70699105123601e8, 2.990899739562667e8
2.4137048288310707e8, 2.798162022794683e8
1.0016805009883834e8, 1.9023684644458994e8
3.113184755298354e8, 3.764088886185125e8
1.1779864610738999e8, 2.247515566211619e8
1.6497394264746982e8, 2.9803810351960677e8
1.5922468266030115e8, 2.3599738158208826e8
2.7837831050725144e8, 4.800934698755916e8
1.2644157239419138e8, 2.2058104346980223e8
2.703432172981347e8, 3.528323127625629e8
1.6305308533556294e8, 2.8517857075003415e8
1.570725652732979e8, 2.5815894424240872e8
1.5076012035641465e8, 2.526608406954528e8
3.151328215932379e8, 5.945953553059243e8
3.1511852676194125e8, 8.121826759173058e8
5.088894532421755e8, 5.653670359748623e8
6.929093842508762e8, 7.315632750767535e8
7.527320294388313e8, 7.984616704765264e8
1.3591690777806523e8, 1.8775479469320703e8
2.922769394470232e8, 4.860318418221425e8
1.6696668071908e8, 2.0216082910712156e8
1.2783588373686703e8, 2.1568145778706208e8
1.49629683902367e8, 2.882576071392996e8
1.751492640055631e8, 6.283853829141506e8
1.0143320269148403e8, 1.8832765918287957e8
5.357304065822829e8, 6.118128778028181e8
2.7847259904443586e8, 4.77203340538531e8
1.4941158905455473e8, 3.808706295419104e8
3.225669336729845e8, 4.1743554712741023e8
1.2432396321164317e8, 1.5368488209816086e8
9.63093679589398e8, 1.0139203542438692e9
1.2032634136954576e8, 1.9722162175663507e8
1.389718015190117e8, 3.0738504802966136e8
8.872031504821932e7, 2.2998938175682512e8
1.826802670727367e8, 2.8292323330403626e8
7.249022347363162e8, 8.601070760832734e8
1.6212311205582997e8, 3.5318477776091236e8
1.3929337205179194e8, 1.7747212219453093e8
1.4441924797633472e8, 5.997949905957029e8
1.080747467363025e8, 1.9679006484820524e8
1.9203083456407255e8, 2.654176368815829e8
1.3508219674825385e8, 3.274708494506124e8
5.872246879942286e8, 6.571226155304928e8
1.465459717984163e8, 2.3761183788151315e8
4.2724862602383614e8, 4.8546065887518567e8
7.757467240048778e8, 8.67787574300197e8
1.5943355484242877e8, 2.4375492360608417e8
1.6827030143587318e8, 2.2754997002985585e8
1.0289422978656688e8, 2.7398908838705045e8
5.829191565471401e8, 6.315694717915639e8
2.223535810026131e8, 3.022777525467888e8
9.258481827543965e7, 1.3686484221044427e8
1.8062244197418934e8, 4.3072446693505085e8
2.822989568489088e8, 3.384713466301281e8
1.5659363486600518e8, 2.325225253127205e8
1.006684499960151e8, 2.839161556560584e8
2.696232578150871e8, 5.2758508534043324e8
1.8988979780638322e8, 2.641020505124861e8
1.757391238720613e8, 2.261647240417296e8
1.907997210455019e8, 2.4706116092709512e8
1.6165746612168798e8, 2.872792672306596e8
2.6325305226147643e8, 3.55150594092807e8
1.7197029026661378e8, 2.3083417781855652e8
2.9141022509467316e8, 4.983188081926192e8
2.6203490054833472e8, 3.723834947770916e8
9.426415706051314e7, 1.78992385449084e8
4.2130398817248064e8, 6.81888386747913e8
1.5609143646054882e8, 2.0334217307701775e8
6.518239271709128e7, 1.2258325986373594e8
1.4198310256821585e8, 2.638255724855178e8
1.3363660356923155e8, 1.987359179196595e8
1.7041310765144378e8, 2.2610098158312288e8
1.2164716304613742e8, 2.375988005000162e8
2.0563978505828547e8, 2.6062877656958836e8
6.298758321277022e8, 8.380722300616841e8
2.7104048840461785e8, 3.4147965655394506e8
2.1075664376013303e8, 2.7035501709205216e8
1.6016863421286187e8, 2.5481899948520884e8
4.0083531381026155e8, 5.118511900393028e8
2.406507283619299e8, 3.42976498493012e8
1.4155603444005117e8, 2.563316003272111e8
5.784992917954545e8, 6.618710345346935e8
1.0859381529018055e8, 1.4077643379345658e8
6.198152988291639e8, 7.98576794614997e8
1.371712908212288e8, 1.9336106867504337e8
2.2051789779736564e8, 2.9098532666638e8
1.4530011427727872e8, 2.042717592164263e8
1.3220444095620286e8, 2.149930603414923e8
1.670282977033281e8, 5.2869457904452807e8
7.61991754300825e7, 1.2669038312600368e8
1.0530572750557959e8, 4.586046399599744e8
1.4656284253719136e8, 2.074916059033164e8
2.1050742668716413e8, 3.769661892206752e8
3.913780517229929e8, 5.3181536642995995e8
1.508853606866881e8, 3.2005450199211556e8
1.5842331550735146e8, 5.874447766215467e8
2.6093146510516295e8, 4.3666977030999935e8
1.080725962884965e8, 3.669739055174692e8
3.896580113798587e8, 4.803464130164136e8
1.7931885833460662e8, 3.392796323394247e8
9.818170463021185e7, 5.2063248329570365e8
3.7590264610456944e8, 5.680322861936287e8
2.0308275551200345e8, 3.0133111031648475e8
2.231534964263576e8, 3.2217175330902433e8
1.376393444601922e8, 2.0624161950210342e8
2.022308532951144e8, 3.540905893585763e8
1.4989519358078542e8, 1.91200729647752e8
9.508801678836182e7, 1.994451422444492e8
3.0907139642121375e8, 6.499153563981191e8
1.659298390681234e8, 2.3530074672352272e8
1.2975166409883016e8, 1.7185806771010372e8
2.5221329325980556e8, 3.9857394973837733e8
3.2140126420207876e8, 3.908735046184936e8
6.206455133332416e8, 6.858466400056807e8
2.850770270499654e8, 4.555697864125638e8
1.0980953382149822e8, 2.0025745301261544e8
1.4001425516423717e8, 2.7703358277227336e8
3.918522109439267e8, 4.6289107493974614e8
1.5756312590343502e8, 2.226546666965803e8
2.5189892626752988e8, 3.6495792955127627e8
8.371494863476422e7, 1.6762687426172915e8
5.69183197525995e8, 6.311282623937542e8
1.239120940026913e8, 1.9976300270853683e8
9.916616814433484e7, 3.4617971552554697e8
1.0289898979117965e9, 1.1518975950548306e9
1.3239275540543398e8, 2.2589804064945054e8
2.5136177691408244e8, 5.0636750572825557e8
7.065603519304615e8, 8.295108314610265e8
1.3855787822324914e8, 2.045675921516438e8
1.3929287755766213e8, 2.306278602344232e8
1.5603879267146918e8, 2.3514104023958603e8
1.716676293397606e8, 7.354242191622123e8
3.78532935317212e8, 4.610935040084168e8
5.038093348079842e8, 7.226039512552068e8
3.9013861148482525e8, 4.550136573714294e8
2.1047187826162288e8, 2.8390513087307e8
3.2079813997989064e8, 3.863196922532179e8
1.404665402874424e8, 2.0434439312935823e8
3.7174705712391883e8, 4.4216891085547e8
1.297000752579143e8, 2.032671584641176e8
1.6474765288747972e8, 4.205526680467556e8
2.296745559102167e8, 3.781396606661096e8
1.386732649088592e8, 2.5037538287628096e8
1.542727500238703e8, 2.9107178142154664e8
1.7942202936632147e8, 2.4729681759770134e8
4.25126279012771e8, 6.655895470978545e8
2.49589193198693e8, 3.78691566748773e8
1.3820015796124694e8, 4.130037569062051e8
1.1566664715747184e8, 1.74281661900622e8
1.4220827580618206e8, 2.446833182432859e8
9.262998292821845e7, 1.9015976445054576e8
4.5133398522467667e8, 7.41834080798301e8
1.2717246904071239e8, 1.8412859352239227e8
5.893891466508791e8, 6.813063422610196e8
2.149865754766001e8, 4.1198702816822284e8
1.7096303978908896e8, 2.3383109696185118e8
1.4709073721769044e8, 2.248938721065436e8
1.3624525984181476e8, 2.0964829951207715e8
6.946396033704895e7, 2.5617047553905737e8
2.2987539745522046e8, 3.39890942968964e8
3.3150064683914405e8, 6.744638262228297e8
3.5950484434106594e8, 4.554705974643512e8
3.2600021910635316e8, 3.6915471647071826e8
1.436710585275478e8, 2.3058809017597508e8
1.2114258849108696e8, 1.7566845417183942e8
1.851766912440801e8, 3.594881846924898e8
2.3225529950890744e8, 3.4262068216936034e8
4.1837495664032865e8, 5.65085112897502e8
1.2769603944332312e8, 1.9849942179158217e8
1.0583103598871724e8, 1.5771150203311694e8
5.699285703220329e8, 6.862317279826292e8
1.1005316372847933e8, 2.2800794921456456e8
6.504716208602242e8, 7.113056168697388e8
2.4154491905083838e8, 2.808814436845969e8
7.473845138765966e8, 1.0538271216934719e9
1.3230889911903135e8, 3.674447380892396e8
3.682241433637915e8, 4.250798455680813e8
3.430442730064761e8, 4.989413087312844e8
3.614926107890486e8, 5.839472328293222e8
1.3361846328221838e8, 2.059267106830369e8
1.9799403216733935e8, 3.192818324014911e8
1.1443206378080824e8, 2.2303452792176348e8
1.9253683892262304e8, 2.6573318012328878e8
3.4181253216424096e8, 3.871717475209265e8
1.5268485150552243e8, 2.101774267297848e8
1.1810508634714001e8, 2.4733630653665373e8
1.0025863995491251e8, 1.748020763744327e8
1.446583711225276e8, 2.1754324239072812e8
5.0938767475418794e8, 6.66603336429744e8
5.954773959658921e8, 6.877348663129714e8
2.7178936954936683e8, 3.6798851266300017e8
5.0177243778029376e8, 7.511380879406776e8
1.7109529379875132e8, 4.0801693074550015e8
1.369368168853546e8, 1.9201608926202387e8
3.0769094473748827e8, 4.622853328578329e8
1.4328440456284523e8, 1.9044360418850794e8
1.9997875671202075e8, 2.841686119183437e8
1.5191871217989498e8, 3.882146301820558e8
1.3226631345437297e8, 1.8095191607566234e8
1.2770306084054871e8, 1.8238931896101683e8
5.586150520821152e8, 7.162348989579471e8
4.0488286910587174e8, 5.013196616783367e8
3.0253408699805933e8, 4.774561282513865e8
1.5987222226374048e8, 2.0916028974015847e8
4.8937708030434203e8, 6.811348814901787e8
1.584151850894479e8, 3.343011931417778e8
1.956699520613264e8, 5.3389418641924953e8
4.663064872456786e8, 5.1764887707122123e8
2.053406522446086e8, 2.613321810789525e8
1.5817673646358988e8, 2.2618093084719118e8
3.318635274434876e8, 4.0795482884181356e8
1.7024236217749935e8, 2.512495004347432e8
2.3178460109169477e8, 3.929618498675237e8
3.3093666316835994e8, 5.3298556032375443e8
1.0672734267568852e8, 1.5018826415999776e8
2.4320187806547946e8, 3.53493156835385e8
1.4673053981348366e8, 4.4425568253384155e8
1.2332307131041308e8, 2.2282627039724725e8
4.7793379481133574e8, 6.024955058705225e8
9.80020263813857e7, 1.576686716585712e8
1.2256904511352761e8, 3.0037400198096806e8
5.0191915659240365e8, 5.942407675569477e8
1.0275629244413327e8, 2.4271220786663982e8
1.2080379370516215e8, 1.7735411445509967e8
1.1310027484229454e8, 2.0803521460711032e8
1.3561250069667608e8, 1.9352753779261756e8
1.588342613955062e8, 2.32991486058193e8
2.1370762426368466e8, 2.8402307267810214e8
6.709197205556007e7, 1.346285452325361e8
1.42585286589464e8, 2.1126619105073762e8
1.458689843098755e8, 2.823033172973189e8
1.5573861267969108e8, 2.598758580837965e8
1.3120724556786518e8, 2.0149665760925153e8
1.2202779424430525e8, 2.765249945518175e8
2.9913785688989455e8, 4.187432381979408e8
1.1113949349310881e8, 1.806089127973473e8
1.606580102310841e8, 2.0907227745662308e8
1.4119537078657344e8, 2.091894877932854e8
1.736133713063997e8, 2.209931726351558e8
1.3641872492136785e8, 3.213788064960848e8
2.5841165709491712e8, 5.0688150302927643e8
1.7412373585432273e8, 2.785498611836341e8
1.5070898176999277e8, 1.9574613474506444e8
1.219385067650079e8, 2.1623915132416797e8
1.0290680352233842e8, 2.332212369788774e8
2.8181236127315706e8, 3.375793281281177e8
2.5514467204974654e8, 3.707768343725175e8
1.2118411592517129e8, 2.3918487455500248e8
2.722055438582295e8, 4.885929958894841e8
1.1488889089518146e8, 1.887548617390858e8
3.4103941109777087e8, 5.242978588809187e8
2.767306814544554e8, 3.35461197775688e8
9.861554856718779e7, 2.4126611269809356e8
1.4683302605156794e8, 3.5413750799645555e8
1.1984299035303064e8, 2.814562523910885e8
1.2791180380692923e8, 2.1056762943903273e8
3.711762767178754e8, 6.164224339824157e8
2.5181691960500497e8, 3.3554875367263824e8
2.0519915984319258e8, 2.4428263663662463e8
8.332625532945087e8, 9.431425977289579e8
2.0404922799632108e8, 2.9442433790563905e8
6.805335946802044e8, 7.552251581716056e8
2.306718507183806e8, 3.3371481175520194e8
5.631484897071656e8, 6.970363376885298e8
1.2378415233831477e8, 2.484597085941999e8
3.456771325627462e8, 4.990981882743316e8
3.2404784676537746e8, 4.274567525725973e8
3.1002587071808124e8, 5.874564124478486e8
1.5386271429144916e8, 2.3916720417216983e8
3.169510822882659e8, 6.418527942913376e8
2.0329147051281965e8, 3.1272166722805107e8
1.284500147619272e8, 3.3505158074255645e8
1.39152239798409e8, 2.1553410448679334e8
1.7956683753780445e8, 2.71257847447505e8
4.5239581705091e8, 5.415025114041994e8
7.958053941084063e8, 1.0633205451746898e9
1.940715262474803e8, 2.5847499676442888e8
2.914846200230555e8, 5.644209483337754e8
1.913541922671509e8, 2.745252430942631e8
5.408487478667743e8, 6.217523719747473e8
3.011521487935721e8, 4.109538101460449e8
1.3607079446237284e8, 3.9445552411826813e8
1.1920363693186043e8, 2.3788675468664443e8
2.794635149786731e8, 3.366199068067461e8
1.7414877456418192e8, 2.6884446779744786e8
1.844142337113923e8, 2.7010967458352685e8
1.820701385581505e8, 2.3752280176563746e8
1.9073126535719547e8, 2.3724547666560856e8
1.9061073631846997e8, 3.200386444564659e8
1.2790210650560445e8, 2.426528764361835e8
4.9641903450443584e8, 5.994939117747272e8
3.5300944788775885e8, 4.27440769463403e8
4.702999149239081e8, 5.988304766239026e8
2.5073084709064695e8, 3.8653529263532734e8
2.0687693024782062e8, 3.53541905424612e8
4.2476218140883654e8, 5.752452084819758e8
1.509633621722865e8, 3.875528483073386e8
2.49130857251193e8, 3.5320685947148114e8
3.276986891495356e8, 4.0754463058605456e8
1.5700554654865596e8, 2.217173407113262e8
1.986651240136823e8, 2.6786114708625835e8
7.553744701607027e8, 9.597381921506491e8
2.5608039501344165e8, 3.2790917446213865e8
1.995554039446339e8, 2.767445592029166e8
1.5641894303766406e8, 5.0663675907295185e8
9.979140186956441e7, 4.1239501620840925e8
2.3939506517898917e8, 4.145759337682305e8
1.3219692292447558e8, 1.785051157467641e8
2.400920734542909e8, 3.70082605660757e8
1.598638991260023e8, 2.3643977300741518e8
3.792599335891207e8, 4.767847841523377e8
8.587617210447042e8, 1.1565642106683292e9
1.3649132986461133e8, 2.2101708280646256e8
3.47104675330945e8, 4.333106255282276e8
2.6947312985850817e8, 4.124973490671848e8
3.35715748692962e8, 6.911322725667024e8
1.9374947407104868e8, 4.005310425879606e8
1.437541137459212e8, 3.182878767431858e8
2.3656456329875356e8, 3.718740560482383e8
1.7944257245676357e8, 2.2380631704060715e8
1.5846241315251458e8, 2.2941852721480295e8
4.117856919835449e8, 4.514614547728755e8
9.5619133115493e7, 3.766165932024966e8
2.7934021847379607e8, 3.3398424924579734e8
2.0609893895228505e8, 3.7363439698347926e8
1.8403804520421088e8, 3.807468416472315e8
4.1294580685124177e8, 4.6278140269619393e8
3.8697930408522034e8, 4.553823751755038e8
1.2546634984275042e8, 1.757755138928112e8
2.890776030482595e8, 4.0593026282089496e8
1.5665325069304037e8, 2.5720928419080055e8
2.768710484555544e8, 3.2987616311368e8
2.0182675463525495e8, 5.069102225987061e8
1.3976083572577605e8, 4.085627781940619e8
7.845735181127174e8, 1.1398383668935843e9
5.784049798690991e8, 6.618873159099644e8
3.36608067735619e8, 4.6672776946123284e8
1.6263766644537607e8, 2.4405022667143e8
2.6660583445555782e8, 3.733728833043512e8
1.2783822976720452e8, 1.633853542187936e8
1.046161512928895e8, 5.197028957340659e8
2.4621679617834246e8, 6.535602170881255e8
3.7245668255342394e8, 4.151206839134702e8
3.4315835468489647e8, 4.1687245233171e8
1.4625437846900323e8, 2.083160245598123e8
2.1524689733293247e8, 5.644894238509626e8
2.8514502056504345e8, 3.748587189251376e8
4.479273474183234e8, 5.389061295059888e8
5.761379347874479e8, 6.384005805607153e8
4.4517572129317254e8, 5.0039928749400777e8
1.3077200329867879e8, 1.9348906267698377e8
5.002422022946811e8, 7.936640057637343e8
3.0497795184473634e8, 3.613843193145099e8
1.166899771389217e8, 1.70536392420603e8
1.1511712349236591e8, 2.5016106627887392e8
2.819124657577061e8, 4.554261142135764e8
3.5455850300882244e8, 5.875822234575638e8
7.24839216447049e8, 8.397449516586938e8
1.596357455349841e8, 3.7819080564671785e8
7.971523130359861e8, 1.069157361797303e9
3.25480771238818e8, 4.356429490446711e8
2.262748111848544e8, 3.941058471021434e8
2.836828582041526e8, 5.522156459480903e8
1.2947808707402697e8, 1.8165467290530977e8
2.5404697116840985e8, 4.37330141893709e8
1.3289662803977437e8, 2.3899429459727073e8
1.546338724677253e8, 2.0841631774535534e8
1.3449482636348775e8, 2.395391265103389e8
3.264913898066461e8, 4.349848068160796e8
2.6497366497116458e8, 4.04279714093818e8
7.663601341525764e8, 8.147948458761978e8
2.3980482066685605e8, 3.33477607728134e8
3.465692331881837e8, 3.98236439405858e8
1.506777035736287e8, 3.344689353832462e8
1.395377330685406e8, 2.1080408795830265e8
2.7394910066973954e8, 3.3807538515842247e8
1.2717045347157222e8, 2.820247032304347e8
1.0842784835934842e8, 3.5398488711057866e8
3.62528692913235e8, 6.424473407816772e8
3.875549850468621e8, 4.5280984338331133e8
2.0527352573918673e8, 3.7141138105174184e8
2.0344230482922697e8, 4.562058679486881e8
1.084939670853833e8, 1.5646173757037935e8
5.488994696574188e8, 6.211509784518194e8
1.1810201726166598e8, 1.8611883586572444e8
1.5941252794389147e8, 2.4605003152416268e8
1.271031262984885e8, 1.9185564168208703e8
1.2987845871781515e8, 2.6241284067023358e8
8.059011241438901e7, 1.690536319678768e8
1.2735193388363817e8, 2.760493150533359e8
9.167670708868909e8, 1.0534574813558612e9
1.2676267869793962e8, 2.9569150087754667e8
1.4537550692201093e8, 2.495716429478558e8
1.375278230922337e8, 1.864398575457866e8
3.331933468232965e8, 5.958691686771607e8
2.7958513361934435e8, 3.1892386432775545e8
3.975214514087333e8, 5.866449723949164e8
3.402488748943869e8, 5.017394924030718e8
1.4170992404734164e8, 2.2515300461890748e8
9.694376424418628e7, 1.5643431004369187e8
1.5239043668576178e8, 2.044650682047913e8
3.0703377289218146e8, 4.214611260760853e8
3.235931777126522e8, 4.183037727618851e8
1.989214849951066e8, 3.017861298652743e8
2.86982599398986e8, 7.499030119596336e8
4.2175247190208125e8, 5.146558732347822e8
5.633642717128347e8, 6.1519098413498e8
1.0291148048124567e8, 1.9034883484430405e8
1.5970964099197534e8, 2.726953590693551e8
2.0430007762658247e8, 2.502287624351209e8
6.25576888285007e8, 6.996696042487576e8
2.726108611997667e8, 3.203856805748447e8
1.3481643227294004e8, 2.4126094125513223e8
2.3081281497178686e8, 3.7529943355941314e8
1.4038626572154805e8, 1.8580422895816493e8
5.865845671803745e8, 6.546294894078236e8
2.0049998784987938e8, 2.8331223616421133e8
1.151369228131594e8, 3.095628933411162e8
2.1700942466945195e8, 3.1625013477449584e8
2.697668886445675e8, 5.054535410196837e8
2.749691804938925e8, 4.9589473881074584e8
3.1758070059977895e8, 3.7993271582374287e8
2.6588596865781334e8, 4.839958173615337e8
2.9032886597376704e8, 3.5826160686109257e8
1.6614869521219796e8, 2.1671148400605023e8
4.5947076962184584e8, 5.2732717242283195e8
2.8300976131957483e8, 3.895421404988895e8
4.666341481033165e8, 7.303790785219045e8
1.9223964424269477e8, 2.502932090877328e8
4.0740545201726794e8, 6.705636829259678e8
1.8988313012747315e8, 2.5397225907937983e8
1.7296581531012762e8, 2.5823431311538652e8
2.1928559122077605e8, 3.308410654046607e8
3.159158011735123e8, 3.783477100287032e8
1.4671945234727922e8, 2.8621747699144936e8
1.3867991873222178e8, 1.8224936350325832e8
1.4346067543048927e8, 2.3586412621323702e8
2.426163697376524e8, 2.9871409774760365e8
1.4273282606093717e8, 3.56197630455505e8
3.4616778651058877e8, 4.2645992951965135e8
5.558728611334101e8, 6.37797426819776e8
3.110477180860113e8, 5.35157153941948e8
2.0336242496206963e8, 2.929975436964179e8
1.4340303575419846e8, 2.1494805494899836e8
1.3100508093165962e8, 2.1189068579123473e8
4.058104841832632e8, 4.6339121601113933e8
3.1636824690365577e8, 6.906123229215387e8
2.2620678127364144e8, 5.1075766464185053e8
2.2020210753507975e8, 3.006564686751665e8
3.258187999379697e8, 6.690876260194912e8
2.5111926084640083e8, 4.810551772537856e8
1.764378015506091e8, 3.1976584586569846e8
1.1809532976528493e8, 2.290284902053143e8
1.6335288512356764e8, 4.323309263267832e8
1.0366364035558398e8, 2.2600784363037908e8
1.2306593641814303e8, 2.715812525131711e8
2.4166522107840332e8, 4.071930436081581e8
1.5247885958048874e8, 2.6648849796856555e8
1.5215178499613133e8, 2.2846792334732354e8
3.6620822955087847e8, 4.7880883270128995e8
3.976802214293745e8, 5.037495559937338e8
1.9620298642352316e8, 2.5527590053690282e8
2.5459235625122502e8, 4.6357579035373807e8
9.314409909794838e8, 1.195521808150214e9
2.710508947572988e8, 3.5055937831620973e8
4.4779838889566886e8, 6.44104835835211e8
2.4234317501606327e8, 3.0301689733630925e8
1.8005329279857725e8, 4.378147060767312e8
5.388138433411536e8, 7.109078858158774e8
1.8596073626323128e8, 2.9369245941214395e8
1.8629072063863268e8, 2.4464058353603324e8
2.122035245406399e8, 4.191956194538908e8
1.499108390544804e8, 2.6908035639124644e8
1.0012692628657041e8, 1.4024508855632886e8
3.197452014319938e8, 4.6178685559682614e8
2.4425371472606102e8, 2.7585999895488113e8
2.6351525118141344e8, 3.490677097373868e8
1.8756276768539956e8, 3.0240755417444867e8
1.6107671326509717e8, 2.719303455814881e8
1.1900973447455223e8, 1.9314401895849377e8
1.3844936753692394e8, 2.0148902903070536e8
1.255354265932116e8, 2.0029732726337674e8
8.817594542476705e7, 1.344368714935295e8
1.56938823576394e8, 2.4871909546558943e8
1.0517232721084261e8, 2.9323968922645944e8
1.3026044529014622e8, 2.7283626544414234e8
2.2912087913640666e8, 3.622495753565858e8
1.487173130380069e8, 2.2541098847814962e8
1.73787918212125e8, 5.341263108390267e8
4.82306087354466e8, 7.415865363340741e8
2.4874820733542997e8, 2.9193080173580784e8
1.1475074757750481e8, 2.4562017580610478e8
1.3660565597587618e8, 2.542609779648157e8
4.303654462612161e8, 4.699174085421711e8
1.5898236742587572e8, 2.609207834265378e8
2.286734126100506e8, 3.9622212080742186e8
1.5211439582477918e8, 2.862126661247195e8
1.730419431183423e8, 2.63314474211319e8
2.631778139493843e8, 7.512596496801273e8
2.075688468123507e8, 4.0418676366257024e8
2.3623886105666077e8, 2.9897815414625514e8
2.736452780365955e8, 3.477580998762633e8
1.957598684511254e8, 2.93248835968383e8
3.7416207264357436e8, 5.05247911382994e8
3.5907621035442007e8, 5.402071394727752e8
1.3535400135546693e8, 2.0360928768179062e8
2.7729890652802193e8, 3.5542088157041407e8
7.546285695509313e8, 9.11973062278683e8
1.376716653797899e8, 6.280203209991463e8
1.1283932970697965e8, 4.7483050233215344e8
1.9539226242142886e8, 2.3230518391925758e8
3.177846379827649e8, 3.795556121603952e8
4.863782651289307e8, 5.614248805747707e8
3.086496855382759e8, 3.624037752775913e8
1.72470278584125e8, 2.5877205202509242e8
1.7206320417972133e8, 3.1651102686939967e8
2.35963143536328e8, 3.749623082951899e8
4.541968236422516e8, 5.1035759790252966e8
1.855290276031344e8, 2.6277514083216774e8
2.0348131241298768e8, 4.3800406206734514e8
1.2245804740598153e8, 1.8505310178974158e8
2.0108350290896007e8, 3.6251731974863654e8
4.202566390899264e8, 5.250915633706006e8
2.2196090958103073e8, 2.6650169511960068e8
2.0256014619028416e8, 6.152796792545154e8
2.127905844471063e8, 2.8675451001648e8
1.5179372617672727e8, 2.4554009612385592e8
2.2255174924249232e8, 2.916247065236329e8
5.338773690452918e8, 6.038887059226974e8
1.096924010388434e8, 2.1023399046811673e8
3.834757299157203e8, 5.73310243604437e8
1.697296836311166e8, 2.1665422374078795e8
1.3956884904071197e8, 1.8198779815273613e8
5.1535182986507726e8, 7.100902394583699e8
1.672738308942504e8, 2.5946424429982495e8
1.6672010390568647e8, 5.493968210902166e8
1.776174107093527e8, 3.300896925925024e8
1.305513791194373e8, 1.9338966844227484e8
1.3090173194006498e8, 3.7600822318414986e8
1.4111651316354874e8, 6.197508687996172e8
5.458379935552292e8, 6.68309324263624e8
1.1792631586782701e8, 1.6876461325269926e8
8.423100072271913e7, 2.5476878564542076e8
1.0666583238172299e8, 1.5745442711055785e8
3.4595919450713646e8, 4.3252555011696017e8
3.2469341975370806e8, 8.111651943132387e8
9.114075202158775e8, 1.3994211333092918e9
8.222718178861949e7, 1.5776678434055826e8
1.1596990157457915e8, 1.6467416174637443e8
2.4115593640359855e8, 2.9879616435687494e8
2.154856219386996e8, 4.15426634480337e8
2.3473592509541842e8, 3.003215850174509e8
2.633788448411131e8, 4.270353030251117e8
3.5151121019036776e8, 4.313982728090839e8
1.4438997008478698e8, 3.367604819122892e8
7.173526815911746e7, 2.549117957502596e8
3.454695056636919e8, 4.9222187305552894e8
1.6354107387767437e8, 2.4184436560153243e8
4.395422350374626e8, 4.9684956836778754e8
4.399968316617528e8, 6.257881870843799e8
1.2798676713814089e8, 1.755429746498014e8
4.516008423487104e8, 7.029282409359517e8
7.929745452687283e7, 1.4447069027896586e8
8.469085744085479e7, 3.0164478573659825e8
1.281281396595773e8, 1.8196069381448278e8
1.873642921001943e8, 2.2348332129565147e8
4.5396870752437985e8, 6.015046220467232e8
1.69291401334802e8, 2.6405897530307496e8
3.1729225450000316e8, 3.730435250193214e8
2.516096413150938e8, 3.7322225813492775e8
4.4901543131041235e8, 5.3198479304461485e8
1.2774862678560798e8, 1.652419437338616e8
4.223677285593992e8, 5.3615517933472186e8
5.878235444144281e8, 6.779183390098643e8
1.3534463879880187e8, 1.918297232114873e8
7.110648199725269e8, 8.032414133857267e8
4.189108463843755e8, 4.9795033666666454e8
1.4940653720614788e8, 2.244024879302975e8
2.8033080220710665e8, 4.2183299761039364e8
1.0232510922541662e8, 1.5699209153700665e8
1.4848937364607048e8, 2.237021879009658e8
1.6914745198197144e8, 2.5831508885114077e8
2.3308796095896628e8, 3.165865889738247e8
1.8671886879194197e8, 3.7604277885958934e8
9.252979579024234e7, 1.4567147157628798e8
1.708719905866743e8, 2.287553009024269e8
4.594633491026504e8, 6.514019443750314e8
4.036039367352674e8, 7.495000892684916e8
2.0492332734916994e8, 2.931548593871535e8
6.543274203641675e8, 8.667379652205746e8
6.333526158179253e8, 6.687247425043874e8
1.0836181843412375e8, 2.1507514264321554e8
3.901502470555266e8, 4.326749095788134e8
5.570084702632635e8, 7.509747178145416e8
3.6787455786213666e8, 4.329524932538957e8
1.4466683582362053e8, 2.256980848329335e8
1.7439303053337437e8, 2.599887557489948e8
3.4378072346974266e8, 5.052361096053441e8
2.4542829847798505e8, 7.373839590084654e8
3.130781242285745e8, 3.800400927653277e8
9.11834262079051e7, 2.121489703898258e8
2.313722208749418e8, 2.763867064013772e8
1.4086628385393557e8, 2.0504570604275787e8
2.65764457706793e8, 5.1231573158147717e8
4.92422280811984e8, 6.835944110033532e8
1.285660129175906e8, 3.4907915118202406e8
1.0659361095140721e8, 2.850434402226575e8
2.2618701113703156e8, 3.070638450893686e8
4.259171211382244e8, 5.679085169992127e8
1.9101784325059918e8, 2.3504517846821257e8
9.944210503068195e7, 1.4281551745677415e8
1.762624426125812e8, 2.582497561386273e8
5.661181950156944e8, 7.073510308007789e8
2.761357852436838e8, 4.395003194239218e8
1.653840483555855e8, 2.828432987314436e8
3.99807718840356e8, 4.8615956655593514e8
1.7824323574343747e8, 4.782091486305729e8
1.4414054283134115e8, 2.0342235872339323e8
2.0338810192737827e8, 4.0381423798597765e8
1.4095101859938878e8, 1.805270821110654e8
1.8561231983931494e8, 2.5128048935934874e8
1.724263321037277e8, 3.079882590778951e8
1.5410512106166142e8, 2.240438326313779e8
3.0372974196337765e8, 4.187207455339922e8
3.540196504001927e8, 6.914724962530082e8
1.2709323112157667e8, 3.1153773171317446e8
1.5011809719118845e8, 2.3457861496974283e8
8.486605629633209e7, 2.271587854586495e8
2.668354612919659e8, 3.9625890450777507e8
1.1840172951197985e8, 2.5064429846804193e8
3.6981882556237376e8, 5.77751164694567e8
1.5239201276760566e8, 2.7298883790146595e8
2.1695768992541713e8, 3.570745188267039e8
1.0391986718689007e8, 1.6493249463958466e8
2.044560281692954e8, 3.5245941390713006e8
2.5251443868678215e8, 3.330769454820695e8
1.9932073957215148e8, 2.7649308537899065e8
1.364359463623498e8, 1.9991995862015978e8
2.1510234633458194e8, 3.155762732292741e8
1.4659795310438532e8, 2.3946956110711673e8
1.562535365725734e8, 2.2336702335639164e8
2.150615218309194e8, 4.576995214598165e8
1.1768986431512545e8, 1.8124001580492765e8
3.083891595312495e8, 3.8744011199358684e8
1.4387280140778074e8, 3.5991534344776297e8
3.814350214634507e8, 5.56758346100122e8
1.1507735796049455e8, 2.1218731628275266e8
3.624182248572393e8, 4.330313653077237e8
1.8814847926247457e8, 4.8455391589031523e8
2.5369483111261195e8, 3.336994535750549e8
1.048356171350313e8, 1.4037604243627316e8
3.305595841922589e8, 3.9727668261335826e8
1.7002328581189045e8, 2.8558194793303025e8
1.6789507411808053e8, 3.963860774968002e8
1.2816879223130603e8, 1.7300906101691705e8
3.9305010282022643e8, 4.473700566142228e8
1.3081978074860801e8, 2.1828520577628475e8
1.0327936584219897e8, 2.1936267524456155e8
1.7813623136623e8, 3.704728532847643e8
3.7625828642794925e8, 5.578845246861739e8
4.9876996777132064e8, 8.168740497406178e8
2.5674695636009577e8, 3.340508140710074e8
4.803690449985802e8, 5.2330570336969197e8
3.311730815454052e8, 3.9554126060579896e8
1.8289280059169468e8, 3.2680741521086013e8
3.925218371681742e8, 6.771893436229563e8
1.496845040114172e8, 2.4538241031083256e8
2.7317737966768354e8, 3.4383398516722053e8
4.2426008024722767e8, 7.711764533008289e8
2.2044752607254535e8, 5.7361049253299e8
3.7358290061064756e8, 4.898547316926084e8
4.739017142325202e8, 6.166645276397012e8
9.865461770014958e7, 1.4267726081925008e8
4.719220136125397e8, 5.207510260710571e8
1.9698421513385984e8, 2.8217857860042685e8
2.0970894570908788e8, 3.0782768022223103e8
1.6125081796325144e8, 2.7869790765520245e8
1.2540993173588228e8, 6.145241671161873e8
1.9496148382271394e8, 4.542333677101729e8
1.582596165644957e8, 3.540061506016012e8
4.1178502609236664e8, 6.6853645628693e8
4.873082262705605e8, 5.40538291942903e8
3.2166786386872756e8, 4.8800442120906055e8
5.064707954822251e8, 7.34274687106258e8
2.451636716876613e8, 3.061201725165373e8
2.4667198629498032e8, 3.2389114669559115e8
6.223790225372077e8, 8.314904666393509e8
3.460256031127294e8, 4.108297517120127e8
2.2139863128682265e8, 3.66846596246645e8
3.550152015450564e8, 5.121539051538852e8
2.3393641736704707e8, 3.4210254348154306e8
1.1678332597617903e8, 1.7609757647786972e8
5.935507648477199e8, 9.264958627154595e8
1.6645278294449696e8, 2.607037813375371e8
1.2324934853189345e8, 2.0309901011833823e8
6.599517071155828e8, 7.202178514566159e8
2.0241420391365638e8, 2.789938511225795e8
1.8929204802805775e8, 4.385024350901865e8
4.3717779364524114e8, 5.636844134627258e8
2.6240261009775603e8, 3.9423718224016887e8
1.1802716092644584e8, 2.6576211718263912e8
1.27369783736214e8, 4.615929941646479e8
1.0835738526462156e8, 3.028181855009376e8
1.0752117599026032e8, 1.4717606333481476e8
5.1844791603609145e8, 8.180159240303719e8
1.8971533444808e8, 2.9781469906970847e8
2.3061922211684912e8, 3.311432596367162e8
1.0234544378739937e8, 2.5527944969026276e8
1.973224736782252e8, 2.9319074983054537e8
1.661792208147089e8, 2.1689214495784163e8
3.8947344919494116e8, 4.3480617276616013e8
2.9170576950155175e8, 4.102951885714663e8
1.083592692798418e8, 1.487149726593069e8
1.54843816717e8, 2.809416390593718e8
1.6898099141658905e8, 5.450464469179415e8
2.0965211063133764e8, 2.5395230994717294e8
1.5617392843915465e8, 1.9713620661096877e8
1.6371475394900495e8, 2.5531737797456613e8
1.2380699275358205e8, 3.750356955967768e8
1.385091325685072e8, 2.9715910208614767e8
3.2840336477223045e8, 3.92377239478226e8
1.7115907636807078e8, 2.2796292218169278e8
7.048664507878189e8, 8.597092289774268e8
2.7317416528017825e8, 3.995402638849953e8
1.2531622992671518e8, 3.399152028471147e8
6.854831177459489e8, 8.829648801425934e8
4.738081420929813e8, 6.995598448036722e8
1.3931315006987533e8, 1.841805032950834e8
5.344826497255698e8, 8.653652246787565e8
2.6230547133733806e8, 3.3899570894252753e8
1.7526276743706644e8, 2.4406297024141797e8
3.429933522196956e8, 6.022964668677168e8
3.2524294517385375e8, 1.0383602222370938e9
1.7271385185851005e8, 4.017719196305814e8
2.4237287943830365e8, 3.1458281160208327e8
1.7226257711275098e8, 2.538705926075191e8
1.383795647606225e8, 2.6489686367985013e8
1.603160926980933e8, 2.238432591312691e8
5.207631297859578e8, 6.703563997373842e8
1.7508537846765077e8, 2.0351723077206373e8
1.671870882100769e8, 3.0261891973141795e8
1.1972617923759778e8, 1.667322356216348e8
3.0863760813813496e8, 4.2308252518405455e8
1.2208055591524072e8, 3.617521448759636e8
1.141472408430759e8, 1.764526934067281e8
3.3147746394888276e8, 5.128765806501308e8
1.206502987376271e8, 2.2339435155144143e8
2.3096110960155958e8, 3.0815103767838407e8
3.494382432494298e8, 6.092468240918355e8
1.398850405369531e8, 3.8284549223756284e8
1.0103052861298159e8, 1.9629130754768765e8
4.3397471381527424e8, 6.836776875000116e8
1.1155028984377334e8, 1.9257805498357305e8
1.471186704036978e8, 2.0873170426078585e8
2.2743813858007047e8, 2.7208029126118827e8
1.833970400802629e8, 3.681668499219512e8
7.962206292960843e8, 8.908494599602123e8
1.8049076474391678e8, 2.770850011524912e8
1.4509313649915072e8, 2.3239859901679966e8
1.9093912356257862e8, 3.510096535265933e8
1.3290857001244394e8, 1.883753659613468e8
1.4669438012364885e8, 3.8535918851414174e8
1.876288767826754e8, 2.2640762849084687e8
2.0256465723210958e8, 3.152382593307684e8
2.024546206845495e8, 6.114861948580583e8
3.6304261584455884e8, 4.2572277972385204e8
1.3544978948711112e8, 1.7226217770544043e8
1.6028202790012044e8, 2.7322157212318605e8
1.3633718664285925e8, 2.0365299854229045e8
1.0552295554156086e8, 2.2086460427332968e8
6.407300322505122e8, 9.185121239719172e8
1.5022003632982665e8, 2.3456260041921118e8
2.440847715120876e8, 3.8673972198951286e8
4.5376095117700696e8, 5.98329057636297e8
3.2506324400893956e8, 3.8465323719982123e8
1.0914519670741026e8, 1.6528253250630552e8
1.122744919973654e8, 3.991163155740556e8
2.3334654059001082e8, 3.14235912521556e8
1.5472283820919162e8, 2.7565945910367775e8
1.0165897455310921e8, 1.5996414075878057e8
2.079044376805e8, 3.025249898322721e8
1.3663074316950512e8, 4.219480382748197e8
5.692907917170751e8, 8.164686610799383e8
7.404546273249699e8, 8.408592845849149e8
2.7790112738684255e8, 3.5634525704612786e8
1.5960072678783935e8, 2.376619906374186e8
1.8843276987320602e8, 4.133919176270842e8
1.0441522342187764e8, 1.396161550692272e8
2.2810096522355962e8, 3.204936672382471e8
1.0528803707993163e8, 1.5844288065451485e8
2.6745989790292e8, 3.9708233685252184e8
6.275744020463734e8, 1.0099702528469065e9
2.5391650178897163e8, 3.0491994075814867e8
1.495250112698564e8, 2.0972774954259068e8
1.8368390860578027e8, 2.5843740585934365e8
1.2688561152881356e8, 2.2302460752299616e8
2.1823987029198188e8, 2.738412466896724e8
1.6840034052644455e8, 2.2992678589615357e8
1.7726625234370512e8, 3.007127779892499e8
2.2633965753331432e8, 3.049494075105675e8
1.0682161227000557e8, 1.7676680912841114e8
1.6850012138206235e8, 2.3546855645258772e8
1.3980757120739034e8, 2.300016122416143e8
1.4393723375338852e8, 2.1032532174056205e8
1.3925417266428557e8, 1.881901855108989e8
1.7508554544093642e8, 3.441547117535592e8
1.4751884409059867e8, 1.9933775335296664e8
3.120589406280983e8, 3.6600152114556926e8
5.932060017608107e8, 8.97013976799821e8
1.708016059987094e8, 2.3542347043101725e8
1.4261987637931216e8, 2.393165440571174e8
4.4691774329160815e8, 5.806374461420721e8
2.234860775119251e8, 2.8819395793987787e8
6.834710053432314e8, 7.666174671909986e8
2.7687885650858396e8, 3.213773622404099e8
2.270580423941367e8, 4.0200293241590255e8
1.346722540536399e8, 2.2250592329249436e8
1.5552635118069965e8, 2.1759364305891687e8
1.7043743772087952e8, 2.342514802308129e8
3.250968845875458e8, 6.445371036800028e8
1.4001345436676723e8, 2.1356568193182883e8
1.323462596204853e8, 2.4941758742832157e8
1.2424123340167594e8, 2.2930147457510173e8
1.344856976001529e8, 1.7182947461244413e8
4.199380227667835e8, 5.1978142864000183e8
1.3546089467334336e8, 2.664047082617279e8
5.550994053050243e8, 6.084658875452677e8
3.4752465863796276e8, 4.306888288029781e8
1.4054734784418362e8, 2.605662539191942e8
2.2247504825210723e8, 4.674478795392129e8
2.0616948710952073e8, 2.7823040254508775e8
2.4282628959846374e8, 3.2816907963250566e8
4.139284732257382e8, 5.1073213883852255e8
1.1821813867257096e8, 3.492170691115836e8
1.93039645306337e8, 4.5722035839732224e8
1.6317590886366844e8, 2.5175250883354422e8
8.568643588642551e7, 1.4406642770369035e8
6.064803004325798e8, 1.2544342830484788e9
2.0767447895663825e8, 2.9050146810090816e8
2.3184821875271955e8, 2.7077245931788075e8
1.3452972860561493e8, 2.3352091582218242e8
2.0968727461923465e8, 2.5619433863729984e8
2.55438467530503e8, 3.682521553271413e8
2.6475341716932288e8, 4.754093974631513e8
5.5350959269048855e7, 1.4252312395993856e8
2.0449574949524263e8, 3.812839254722998e8
1.6099870949369156e8, 2.484228076085218e8
3.331752406899428e8, 4.80170540743394e8
2.276163605179122e8, 2.871415431000372e8
1.5914824182896608e8, 2.8784513052823657e8
1.718064931075752e8, 2.332525676685543e8
9.742713333639945e7, 1.760706038045014e8
1.328798542236723e8, 3.113988560680714e8
1.1535162327486965e8, 1.7593850093558472e8
2.542368828653436e8, 3.283711056629201e8
3.972761546528555e8, 9.35539357548035e8
3.462085975738037e8, 4.0890604474363774e8
1.698385647005917e8, 2.8679898834360933e8
2.0319814171160936e8, 3.397592541011457e8
1.3358006379065326e8, 1.9425469968525285e8
3.2527884524723494e8, 4.061988858517558e8
4.3293717604443824e8, 5.48907755806179e8
1.4124434041584626e8, 1.9869512028632677e8
1.9619163898981622e8, 2.741801635721679e8
2.801611167671051e8, 3.49172855652498e8
1.636348507383812e8, 2.9595909127606833e8
1.087348381473741e8, 2.486971235002189e8
1.9680953807977754e8, 2.959821796238191e8
3.403876521989113e8, 4.7739401463471705e8
4.498876389236669e8, 5.2105665320502985e8
1.431667354979209e8, 2.1003841452489212e8
1.1314526918868294e8, 3.351751858275531e8
1.8567105827641377e8, 2.46948868265193e8
1.3326282709557145e9, 1.3876274062592545e9
4.28483835363045e8, 5.848728081641637e8
2.938898088571033e8, 4.8542182229960895e8
2.4160803385795566e8, 4.292794039274192e8
1.2389151475644572e8, 2.730309531378137e8
7.971954746380652e8, 1.1043447075471084e9
1.1452479384229857e8, 2.590192970372462e8
2.3351222687429914e8, 3.374542053821229e8
8.0562916029337e7, 1.860916535138199e8
1.32457515298123e8, 2.928197368483571e8
6.242045961862521e8, 6.834792407195134e8
2.3507275911677086e8, 4.191219145023166e8
2.334822889953875e8, 2.6284799890130237e8
6.630527997178311e8, 7.343246842707292e8
1.3016800232687894e8, 2.480781992896163e8
6.082297801876801e8, 6.966755734380391e8
2.2391849059379047e8, 7.252658107762132e8
2.1591344042035064e8, 2.98531334554445e8
1.840982167376351e8, 3.58504194064552e8
3.793287671801085e8, 4.5017193915551925e8
5.0007200080875003e8, 8.801058743357857e8
1.0348492676323575e9, 1.2751462506393862e9
3.509162545067933e8, 3.9177312796296465e8
1.0922253834550136e8, 1.7287090910034633e8
1.5774093545945513e8, 2.3452791696507242e8
1.4131774569756138e8, 2.667551129144617e8
1.0816085144577567e8, 2.6585118275668493e8
2.520255268563089e8, 3.0568418926167434e8
1.5212336950148588e8, 2.067381166323104e8
1.2689126043365733e8, 1.563295750255778e8
1.5760822858553123e8, 2.1953978400433096e8
2.1562493945482147e8, 3.323437904620266e8
3.700153779778931e8, 4.7813096585930324e8
1.3913357613923538e8, 1.9766663744489682e8
1.4121341399910203e8, 2.3946107473882896e8
1.3100260112856993e8, 2.510509358647586e8
1.7125688853376403e8, 2.8368316553184545e8
2.7748191600656587e8, 6.600574089157263e8
4.580398021037205e8, 8.072174948443657e8
1.4931997997675171e8, 5.404421568064038e8
1.0308879168469997e8, 2.1834571801554364e8
1.8088369884720412e8, 4.652454227784534e8
1.410871265037735e8, 1.8306507807270068e8
9.415731806732557e8, 1.0312022824562255e9
2.1984680870823574e8, 2.971076444148881e8
1.2348108384799401e8, 1.9678534277215257e8
1.7137484644481853e8, 2.2706869445367736e8
1.7212410227429184e8, 2.90019712012306e8
2.403213410740831e8, 3.1157429139620775e8
4.475707665371136e8, 5.508694620052158e8
2.350823707540678e8, 3.435210394017029e8
1.9687510919692764e8, 2.4767233927376598e8
2.1366704048424125e8, 3.110139594540961e8
1.73152035932221e8, 2.6721606433474523e8
2.1604862964643422e8, 2.7061035086924005e8
2.7845891528460294e8, 4.0647936666405624e8
3.0057469889785486e8, 4.7055139616128415e8
1.1392121454602055e8, 2.0507479254978368e8
1.695401388598743e8, 3.07079577127299e8
1.4246774901363096e8, 1.8056355421002787e8
1.3397340818292789e8, 2.048221728721676e8
1.2420010980661203e8, 1.7830558523678988e8
2.4169809716223967e8, 3.433230873612011e8
3.504667074987898e8, 4.924161053207141e8
1.3657919273685646e8, 1.9380093268526846e8
8.925510451549049e7, 1.3898686815105155e8
1.3704818519384438e8, 2.3032684262077144e8
1.838961502857538e8, 3.135921718269809e8
2.2093654217528284e8, 2.8556380271737635e8
1.6426021641530848e8, 4.9262283172947925e8
2.220709200260612e8, 4.4511389625126135e8
1.6569818753477913e8, 2.8739636291308355e8
3.5854495536967826e8, 4.700272478399175e8
1.1758047153645614e8, 2.4803531842773008e8
1.3614511147407612e8, 1.9308237240782544e8
1.1039253854080683e8, 1.5402188969790587e8
1.593754949220718e8, 2.968807576059024e8
1.512856233844931e8, 2.5683786946525207e8
3.3434605929948384e8, 4.266916770141978e8
1.0464286216587035e8, 1.574953087715415e8
2.2116317832389262e8, 2.8447915787235373e8
1.3518747723430845e8, 2.5425574039390066e8
2.8357087985180175e8, 3.755968910059716e8
1.495118738990127e8, 3.728495590309677e8
1.1917359034562968e8, 1.898792256532335e8
1.6120380583329988e8, 3.059743476700346e8
1.154065841243322e8, 2.4631249623658603e8
1.2568778020324482e8, 1.7987997505926424e8
3.3653902899789685e8, 4.049420688153299e8
3.4511629352399206e8, 4.585540331129741e8
1.2025377757838057e8, 1.5681633559522253e8
1.7219676819760874e8, 3.0964170619108224e8
3.045907106641657e8, 3.684684573075988e8
1.309647605929522e8, 2.6040425177539304e8
1.1275848562309091e8, 1.9426452397390634e8
2.2716436311960945e8, 3.032316297167167e8
2.199848900964032e8, 5.474282147695442e8
1.3872227730027223e8, 5.671152608297778e8
3.979322881082127e8, 6.025708362722759e8
2.551524728576629e8, 3.767750856838267e8
1.5689616133965755e8, 2.3973756690312737e8
2.4713854504652455e8, 4.6423476034776485e8
2.781532783803228e8, 4.707393143457927e8
4.9588795037774825e8, 5.462715121755403e8
1.4296775071958986e8, 2.84260943372939e8
1.6381527243659082e8, 2.1625417455684042e8
1.1721159519536649e8, 2.6374471387673873e8
6.719861730407106e8, 7.692110777109162e8
2.0337229680972368e8, 2.6239069873226237e8
1.1079370676037094e8, 4.809270906989594e8
6.060763786469051e8, 6.875369036240425e8
2.4688183154756013e8, 4.341990629978788e8
1.3473782023498154e8, 2.0193252566681623e8
3.845840666459014e8, 6.612184047190051e8
5.969439758629992e8, 7.282270541388077e8
5.476818000566112e8, 6.555600626399543e8
2.558785262420891e8, 3.2132348389141244e8
3.7318375776887465e8, 4.347312505935066e8
2.1094760294666883e8, 2.6065208710363722e8
2.0000950583124506e8, 3.193467305834331e8
1.390046935308399e8, 3.0549290283418363e8
4.2104185963159615e8, 5.828475542795341e8
1.421172894683524e8, 2.893465001624074e8
3.756796555095831e8, 5.849209074021846e8
1.3387627447496836e8, 5.1760702998777497e8
1.1167460033968769e8, 2.0322135467404693e8
3.915918353845457e8, 7.667168359564168e8
1.9198174970893082e8, 2.8288468044991076e8
2.8428496525252575e8, 3.39905970815762e8
2.2195420930286422e8, 4.741866410687127e8
2.4492493827202496e8, 3.819814822920564e8
1.2501594162610155e8, 6.420619820818563e8
7.269648619573502e7, 1.1968701364042154e8
2.1874952389336497e8, 2.742533961207705e8
3.9235010711625534e8, 5.582901869727834e8
2.412740215983467e8, 3.171549490116784e8
1.1479849097032188e8, 2.2004653203669575e8
7.548360602830929e7, 3.475411852470481e8
1.6484380384929863e8, 4.6035270948897123e8
4.473430456367829e8, 6.365642507402623e8
1.4745093309135038e8, 2.326020900190595e8
5.975220560377665e8, 7.137647581782919e8
1.7452482567427906e8, 3.6035449021308833e8
1.300006730097511e8, 2.127004252545003e8
3.756690842704614e8, 5.634279626488619e8
2.5104217692632702e8, 2.981635031179694e8
2.965960243678662e8, 4.6226593126647025e8
2.170380554772805e8, 3.298940527272793e8
7.015749965751562e8, 9.174123276531003e8
3.1562376824427587e8, 4.214983269147552e8
2.2211147865884435e8, 3.3114092983684987e8
1.433794947254316e8, 2.4177775045844796e8
8.983004268706669e7, 1.7779326077641022e8
1.457088831733531e8, 6.62871229090589e8
1.8667262759222388e8, 2.6354372165339866e8
2.2982473063266465e8, 4.166591982957059e8
8.406029853220038e8, 9.614696982539171e8
3.264092114706147e8, 4.385903427470087e8
6.478900443748136e7, 1.4636433267571765e8
2.2979693985228807e8, 2.90550210877702e8
7.708806254656129e7, 1.3443063422183815e8
1.1775754233182427e8, 1.5071195713579512e8
1.1612154841272704e8, 1.9707333273022884e8
2.59587555683948e8, 3.712558574291793e8
3.3269919375500166e8, 4.570143167296733e8
2.1416365085513657e8, 2.54079505316174e8
1.102316731744783e8, 1.905104566119724e8
6.461401834564524e8, 1.0237627996403754e9
1.2596208112163563e8, 3.3202370662210596e8
3.6749626327509534e8, 4.4851581585881907e8
3.5685723618374765e8, 5.349328348576887e8
2.3508049253497773e8, 2.918128709317415e8
1.6080521094628274e8, 3.120240670194233e8
1.5187399947439092e8, 2.029949601899353e8
9.071126600019921e7, 2.8637733599293184e8
1.7837809989547637e8, 2.4358443438403702e8
4.635975264312429e8, 5.382720894455785e8
1.0860463656835344e8, 1.9196023302829516e8
5.303871043325192e8, 5.922707080652969e8
2.0491888221136087e8, 2.6503576489072272e8
3.022285435002092e8, 3.7241764889898634e8
1.5323406323472846e8, 2.5705466071425116e8
1.1511988972801608e8, 2.076946004227778e8
4.16470512650123e8, 5.355106588926205e8
1.6337160328183347e8, 2.5663737964471453e8
1.5814090656659165e8, 2.887022348237746e8
1.2955491134721321e8, 3.158333045234588e8
1.7803050883084947e8, 2.4223537021007988e8
1.705104773234177e8, 3.475347123743077e8
1.9999006936957723e8, 3.110631392698094e8
1.2135639476263769e8, 2.604140988505117e8
1.7633758393760666e8, 3.278551815424021e8
1.197356524578388e8, 1.919832959304662e8
1.9362554184430534e8, 2.804737846454711e8
3.3332205880530775e8, 8.2141597980888e8
1.1754804960254733e8, 1.8594739441862205e8
1.722055965084865e8, 2.761123801471271e8
2.7981941346022844e8, 3.46733184412922e8
1.5117668411726636e8, 1.9669683707663968e8
8.401512364523146e8, 9.986646638510758e8
2.0775881506831688e8, 2.855024798274484e8
1.1837631604018912e8, 3.259830404675004e8
2.4714275859187493e8, 3.464202852770999e8
2.839709716009331e8, 5.3458609178137076e8
1.3254624558233544e8, 2.931442291268406e8
3.5726293404911375e8, 4.33967683427028e8
1.444090174232567e8, 2.0947283317828175e8
2.998996339808864e8, 3.490757120608306e8
4.058993962377643e8, 4.9459137729036707e8
2.448030875071881e8, 5.626889294434273e8
1.3993430498368114e8, 3.782533137008397e8
1.5917939241819483e8, 2.9487888051294893e8
2.4942352903722778e8, 3.868210371060736e8
1.641941625267054e8, 2.5272367175454417e8
3.467885547563042e8, 7.849719089114257e8
2.1100143396776375e8, 3.1979374457274795e8
3.524534005548715e8, 6.223853323163929e8
1.7791093693384773e8, 3.185526905521696e8
3.071963823351121e8, 4.0364584270280445e8
4.5231027051437473e8, 5.1878166824386024e8
4.719583035270361e8, 6.34191269006896e8
1.2596386395529388e8, 1.8072389896846357e8
1.1714237772390416e8, 1.5178500279959872e8
3.584121672525157e8, 5.94763149490494e8
3.23953840926436e8, 3.934776403823347e8
1.6480194359687936e8, 2.401768010073399e8
3.6095898772002304e8, 4.994653854202113e8
2.480174643217464e8, 5.04921203209357e8
1.4812605272760442e8, 2.085134933381998e8
6.44763957449902e8, 7.810640877548312e8
2.6374018950365296e8, 3.2341770738193405e8
1.1321399144480395e8, 2.1686431598714235e8
1.2461607175647512e8, 2.2272932829408792e8
4.501922838687033e8, 8.05533584519682e8
1.5244110608600634e8, 2.267264088251369e8
4.3574286072518754e8, 6.477525278102915e8
3.105255613776919e8, 3.907523075622626e8
1.200298251881973e8, 1.664991671249051e8
1.2211532463370138e8, 1.8610468951766902e8
1.4286085975219697e8, 2.1800550911715442e8
1.2641407600221872e8, 1.6378411403937325e8
1.3279193977164648e8, 2.3430267941215998e8
1.5092355973582435e8, 2.1028883068405813e8
1.8480724612662235e8, 2.8646987461197835e8
1.8026869281762165e8, 3.908073985157847e8
5.717520705807779e8, 6.015084629232389e8
1.1662708745840253e8, 3.505135481641926e8
2.038011949045783e8, 2.758703272329646e8
5.256736447803089e8, 6.192411192951154e8
3.621321720186788e8, 5.619823457442175e8
2.469414557492736e8, 3.649168999805508e8
1.3693284653416246e8, 1.966167700280234e8
1.2622390349134675e8, 1.6778780307194462e8
1.0890069268730216e8, 1.720385627926637e8
1.473681366426343e8, 4.089805947522323e8
1.2000408854698311e8, 2.890433462586088e8
4.500140917684733e8, 6.78940007032904e8
1.9029675484881887e8, 2.6470630740835634e8
1.6535531194667336e8, 2.6799428211259577e8
2.919105109082226e8, 3.3894009578546053e8
1.1184740615619549e8, 3.867937750247752e8
1.0552909517023192e8, 3.4558582613732034e8
1.0292078614124252e8, 2.3465510890828788e8
4.7568133756927085e8, 6.54049400990132e8
1.8560768555654672e8, 2.4499178512010688e8
2.08015071948589e8, 3.5675609777414274e8
2.685790807414299e8, 3.4799261461816883e8
2.9471832556660604e8, 3.3763197971119636e8
2.8272422891559947e8, 3.7456360732953143e8
1.1162247471849953e8, 1.6199220007506245e8
1.582761143879904e8, 3.163962137253552e8
1.2058270226570092e8, 1.6765112991762573e8
3.363206114083842e8, 4.188842498203465e8
2.4523488056707194e8, 3.476144598433056e8
1.7740893235989845e8, 8.305364453483468e8
3.847031563929054e8, 5.059108985394413e8
1.1958664124508627e8, 2.23991238341177e8
1.802659313475883e8, 2.5640051622341174e8
2.4070525441138205e8, 3.56205131550461e8
2.3407099569993207e8, 4.058448989744022e8
1.5212372027371153e8, 2.6833372703651804e8
1.5995589979377446e8, 2.5543648056541687e8
1.1844417050854304e8, 1.612395070829545e8
1.4068587780957434e8, 3.237539338508442e8
1.8619886438684693e8, 2.4403926807959446e8
5.519150631726102e7, 9.512630328299586e7
1.6745464141648448e8, 2.3378564380942482e8
1.0772481271639174e8, 1.849557003718533e8
2.4878149773169842e8, 3.4787478495321107e8
4.733304569961056e8, 5.318734304085668e8
1.35926496455522e8, 3.2287831572327125e8
2.60673360869143e8, 3.878752491897084e8
2.3849369965167603e8, 3.93210797509207e8
4.2395324921239287e8, 6.159997797579169e8
1.992338590659958e8, 3.533361900200215e8
1.5934449566535553e8, 2.308884358652809e8
2.984624632431949e8, 3.6292548961093646e8
1.7458716558811206e8, 3.368894434779985e8
7.430955269865961e8, 1.0236235024305274e9
2.3654635820201182e8, 3.584218049302718e8
2.2909216422139505e8, 3.4488615404334444e8
2.51716228459158e8, 3.547268391141957e8
4.8369656492261004e8, 7.261828356932497e8
2.153774752579032e8, 4.4793210181288266e8
1.7367784637147355e8, 2.550579393640214e8
9.75041435484522e7, 1.587494469043317e8
2.7165370742427945e8, 4.13632988834292e8
7.023310077403318e8, 7.648181019891857e8
1.4030166771533635e8, 2.0572141066800514e8
1.3958284765872297e8, 4.598957639938233e8
2.845000348715731e8, 4.3753476367009264e8
2.3514539110193792e8, 2.8931536388407415e8
4.264671821541062e8, 5.882756578485755e8
2.0079902239724714e8, 2.8755975955562854e8
3.644201862936264e8, 6.849850201549438e8
1.7493360035451144e8, 2.330909182945045e8
1.1694710972846699e8, 4.847939577329936e8
1.735458922564999e8, 2.4053372871822196e8
3.9970950870165414e8, 4.602452783370593e8
1.7415396191520283e8, 3.229503248840078e8
1.2100409383591679e8, 1.8149961365160036e8
2.6274454038374415e8, 3.4952823488490576e8
2.3326002116652423e8, 3.596997649956465e8
4.9536204521413183e8, 5.46173643744135e8
1.0163193994250617e9, 1.118890265081956e9
2.1558494264102787e8, 3.513427340670038e8
1.6903210814254865e8, 3.812590360164581e8
2.2760641281330204e8, 4.1629921210623044e8
1.8190333894025248e8, 7.64260940735886e8
1.1659703991505149e8, 2.113747931316325e8
2.7112878539614505e8, 4.7601480038591796e8
5.308830711593104e8, 5.898622418248905e8
2.4174636591135064e8, 3.3814691358381474e8
1.354827272515819e8, 2.320051146505955e8
1.4706433278567722e8, 2.1362273306254226e8
4.204439586483172e8, 5.66884706519243e8
2.4375768408485943e8, 3.0501283671904755e8
7.372747172031614e8, 7.909385501005796e8
8.848118905331473e7, 2.4268667574995282e8
1.199396978210512e8, 1.653211078583683e8
1.8617985209669855e8, 2.214842068636223e8
1.4123351861817044e8, 2.3548137384670696e8
4.6660950236057734e8, 6.961905081666042e8
2.434463072184802e8, 3.0571042109246427e8
2.904809012953649e8, 3.591834422054781e8
3.331979534123288e8, 5.374916616587977e8
4.644154032689976e8, 5.341367462258028e8
1.6957251413633537e8, 2.724640318581781e8
1.2273463051352677e8, 2.874065347015644e8
1.1632378104371037e8, 3.076240794962581e8
9.676287010269001e7, 2.3134625130149525e8
1.6076740233221552e8, 2.823995967455258e8
1.9178713383908617e8, 3.689038534159612e8
1.3280550724607787e8, 2.4739294177452362e8
3.1242644594131196e8, 4.729586235768612e8
9.559703947846752e7, 4.9042019010521305e8
2.0482608014095023e8, 3.226992333542912e8
2.5028305377935848e8, 3.3686059679339266e8
1.958473609407163e8, 3.2053470974339586e8
2.905683424178903e8, 4.639233850878382e8
2.490695502698567e8, 4.983553276421567e8
1.5779647827074844e8, 2.3056951205780947e8
1.2756344795619832e8, 1.66801007152156e8
2.5468442311477536e8, 3.498770089169463e8
2.252247629173319e8, 3.7105333971340585e8
1.2676090823856303e8, 3.510956380564966e8
1.902586688163476e8, 2.721091272349089e8
3.087607157943609e8, 4.8883280551344544e8
3.5849751866613173e8, 4.1360794731763643e8
1.4864770984766397e8, 2.0499585275410536e8
1.1254176624429981e8, 3.4231025061901623e8
4.7958696604292524e8, 6.080567002503775e8
1.116816519545374e8, 1.4418456723892808e8
4.4725580379848695e8, 5.183088404254903e8
1.255655825310321e8, 2.3607801720510864e8
2.1045497169010785e8, 3.8238274960690427e8
1.875949292305116e8, 3.854704013554395e8
2.0857871370839372e8, 2.833899325839248e8
1.476581149696713e8, 2.3269512634973395e8
1.859854717079474e8, 2.4266960349339435e8
1.9740505099972185e8, 3.821083461333809e8
1.083719103895676e8, 1.99565157728469e8
2.9395888893714815e8, 3.276581545624609e8
1.3377062116590096e8, 4.41480774174683e8
2.8262348433666307e8, 5.437118373688606e8
1.5215386016014603e8, 3.646867694753883e8
1.974228789949779e8, 2.5353772108576027e8
2.0832062571401328e8, 3.6448048527374536e8
4.1492728380454487e8, 4.6158581136517495e8
9.89670651110564e7, 1.3241312512566215e8
6.617345293049543e8, 1.2925119226850948e9
1.3367884277529086e8, 1.888303147227813e8
3.740499115392323e8, 4.863616935565847e8
1.8151821232138208e8, 2.292345774450874e8
2.10319876244823e8, 2.6569150276178375e8
1.7451094044633225e8, 4.0849436631616974e8
1.7226995030024913e8, 2.9108786805833524e8
2.741123771666105e8, 3.2985023417627305e8
2.6983152858205175e8, 4.9349953755009097e8
9.629125421583922e7, 3.8236956022975516e8
1.758898776170158e8, 2.374954753817505e8
5.705780871381713e8, 6.466824711714653e8
3.753686481553219e8, 4.6049394271130466e8
2.528297853832298e8, 3.2877012253502256e8
1.5011339204905015e8, 2.1294327400858843e8
2.117492290462273e8, 3.0101677220999676e8
5.1147127235396516e8, 7.48391028149167e8
1.3054368738039795e8, 3.487872466580663e8
1.9676905256567907e8, 2.908588513407599e8
1.5765668367791536e8, 3.246379217243701e8
2.090401849717078e8, 4.0402365153260505e8
2.999290759429152e8, 4.3497018398715436e8
1.6044432824953556e8, 2.65632547987657e8
1.9121520604457515e8, 2.855944756994142e8
1.0639112882531017e8, 1.5766743502666327e8
1.0982240812868725e8, 1.582337589748267e8
9.649688693616152e7, 1.563515894393871e8
5.061285135484016e8, 7.35936781279e8
1.7657578422651252e8, 2.5430027746480194e8
3.0682578389284235e8, 3.578629319193825e8
1.428637588282073e8, 2.1865964154979658e8
2.1029739085002264e8, 2.5811803955749106e8
1.4290867649406523e8, 2.2476000901894242e8
1.3090936571987297e8, 2.147721689075554e8
1.2635326501764947e8, 2.7346782928130466e8
1.3153813908795916e8, 2.279210342067046e8
2.8917206543199867e8, 4.503797934921182e8
4.8965898199658895e8, 5.764355243302174e8
1.7579479623416764e8, 2.3581269708805647e8
8.486747398591621e7, 2.0081552802227625e8
1.6809342770196608e8, 2.283896614802242e8
1.5232455493980736e8, 2.6149337799547485e8
2.1575982138777575e8, 2.971344228527548e8
1.30999033538456e8, 4.266322278571045e8
2.0538461288310146e8, 2.6220638382816878e8
1.159110981633147e8, 2.265489137066326e8
1.0314150345848657e8, 1.617328733720076e8
1.1414503916311087e8, 5.713077556044805e8
1.8311754940707102e8, 6.354824941302483e8
1.7177916144733313e8, 2.5899177240039375e8
9.969785602001718e7, 1.776977161579321e8
9.451288336657308e7, 1.7770062088181344e8
1.0925578263315228e8, 1.7820682494844764e8
1.1836230282403955e8, 1.8914614612930614e8
1.1069497981154107e8, 1.8982257837689012e8
2.2680524865668508e8, 4.6431014079750764e8
1.530861427999161e8, 2.785901798556827e8
1.6245749143768895e8, 3.469973820798757e8
4.229379444887539e8, 5.253868733246068e8
6.864453120643755e8, 7.870954499409027e8
1.267635733787717e8, 2.2823679504606473e8
1.2727827763387041e8, 1.8221654400518492e8
2.9523607859603274e8, 4.176121309319875e8
1.7099369455965748e8, 3.7489098521951926e8
1.2469229095429161e8, 2.1446710474058747e8
1.4920792042687494e8, 2.6861232535480034e8
4.5230588773767155e8, 5.757341971169338e8
4.692716660581522e8, 5.931580496237808e8
1.0127482951419568e8, 3.8109715813017446e8
4.052809100957289e8, 5.0168041706827676e8
2.357905513369027e8, 3.6253087890898633e8
6.916426171877162e8, 9.712663330352385e8
1.7365333335322252e8, 2.4791568094586742e8
1.3168549632954422e8, 2.865721460463146e8
5.185254120031554e8, 5.838489579240378e8
4.5810864871498936e8, 5.194233322720806e8
2.3519387697916067e8, 3.4991924430392e8
1.2074638489300752e8, 1.889167607842686e8
1.7780132770627764e8, 2.4074257241422325e8
5.1445027563718754e8, 6.08643749989091e8
9.716191723708607e7, 1.9378926801879272e8
1.4404741814887e8, 3.166151752802692e8
6.383380613536931e8, 7.728427734074777e8
2.073642416622378e8, 2.8729659442181545e8
1.3943307069782317e8, 2.2543349951042384e8
1.9095244351675537e8, 2.676981985122516e8
2.0104127182590288e8, 2.9605313397634745e8
2.129866997679644e8, 3.397930310351611e8
1.3501683726928854e8, 2.792276378201207e8
9.57623011155434e7, 2.656333450342343e8
4.423984360976483e8, 5.455877412208426e8
1.515525753886384e8, 2.740709484325395e8
1.0476269086346483e8, 1.8176193349308583e8
1.1245844005090809e8, 2.3205315185337457e8
5.508911211663294e8, 7.499567959534355e8
2.6683361328962767e8, 3.3372292319435203e8
1.6724395429755715e8, 4.019109990325678e8
1.558214314008245e8, 3.8972280405127084e8
1.546348035021021e8, 2.477627897041632e8
1.1207796993388079e8, 1.6794553779847518e8
1.3440825925521114e8, 1.834020631390954e8
1.186317675319627e8, 3.059190159792028e8
1.3498794233709872e8, 2.012699524596742e8
3.5955568259381735e8, 5.573198672342196e8
1.4642499060777313e8, 2.922399968790477e8
1.514278734295975e8, 3.1571366502091795e8
1.3532354214103374e8, 1.7519833724274603e8
1.1953489593608318e8, 2.12624970544156e8
1.3325077030021928e8, 1.8976569454003638e8
3.755288993502166e8, 5.1953557576789427e8
1.4567648789223084e8, 1.9997011801873627e8
1.4978736930986047e8, 2.774229052362958e8
1.2912185527103595e8, 2.0525642092774042e8
1.2411415976781389e8, 2.1342520815626445e8
1.512703027992386e8, 2.1415637084745544e8
3.380845332247285e8, 5.769903138302385e8
1.2464385438405012e8, 1.7204313077987555e8
1.115929939867609e8, 2.0438039223481834e8
1.1801405939784631e8, 3.5046579477821213e8
2.9435111361054856e8, 4.329925393939444e8
1.1044558455452876e8, 1.8152437258231938e8
2.5575871567595524e8, 7.530022023266059e8
1.2143426634643596e8, 2.1829250440090585e8
1.1368058888962655e8, 1.751799452035773e8
1.5744001306098217e8, 2.1884496753070208e8
1.46321274357563e8, 2.2943870962454414e8
7.513051724704133e7, 2.3433506325950098e8
1.617499059929543e8, 5.2802839654456425e8
3.4412198824388033e8, 4.0107445580429876e8
3.4635781240874255e8, 5.3271718760220313e8
1.2918417861614044e8, 3.199927436150431e8
3.270823950384469e8, 4.196898689734621e8
2.1894241962689602e8, 3.0018396442822725e8
1.2132488865002787e8, 2.0024557311725312e8
5.019169690320608e8, 6.170402761722846e8
1.3315278440886517e8, 3.447725473351563e8
4.0252231869724566e8, 4.414776207360359e8
2.623493731012578e8, 3.124776999102088e8
1.394274961887276e8, 2.1369957668088534e8
1.424116533362571e8, 1.8542700086675695e8
1.2417635529302387e8, 4.026611056509344e8
1.8181543603785723e8, 3.5361332012677574e8
1.998667475709051e8, 2.9888806626263416e8
1.4107066179951227e8, 2.2091702444980296e8
4.575111006591139e8, 5.962400502714539e8
2.5035645319097883e8, 3.544777218243394e8
1.3622351161568433e8, 2.2797007649534255e8
3.881102831013833e8, 4.501405360494136e8
2.869427018107477e8, 5.500096957804385e8
3.250501626519704e8, 4.003172393004151e8
1.8573812317989555e8, 2.531595095774791e8
1.2692870580369344e8, 1.8576550275301954e8
4.3365344193999135e8, 5.815740924740733e8
5.726014444285635e8, 7.238214690423756e8
1.6011017911269522e8, 2.5451012218058944e8
3.105155611319294e8, 8.185479873286808e8
3.4073020834031856e8, 4.0341145520081043e8
1.3686878552746177e8, 2.799674213169584e8
2.1760673627536106e8, 3.410107827160854e8
3.113234494129467e8, 3.704050066008839e8
2.283988204579513e8, 4.8581536387456715e8
6.105289262204614e8, 7.678889238750697e8
8.578203013681935e7, 1.2594579871848635e8
1.8840805304782474e8, 3.9487573453254116e8
4.514539504986746e8, 5.037940050008066e8
5.772233699368285e8, 9.053279193918685e8
4.0298615850772655e8, 5.850979043125789e8
9.916087538775477e7, 1.667984050619002e8
3.420866888400153e8, 4.673047209059658e8
5.404688304374583e8, 6.351149955054384e8
1.3774614116590726e8, 2.0324977569043002e8
1.2521927904449096e8, 3.2002995701566815e8
3.046591587915538e8, 5.586606398311307e8
2.010737418641369e8, 3.087872380645036e8
1.5850881306607258e8, 2.863584231719223e8
3.64372171982107e8, 5.969725017108651e8
2.147272155943007e8, 4.823385846092641e8
1.3975370553481996e8, 2.4423923738186282e8
4.0117825109183913e8, 4.9051762535295063e8
2.2110011001204395e8, 6.557836296649837e8
1.6184726813730443e8, 2.1748404555626228e8
2.4954755185324806e8, 3.7929151448954135e8
4.0875656247092986e8, 6.348408878566806e8
1.3857188911864176e8, 1.7851256875258654e8
2.916577960869039e8, 4.010368598977247e8
2.010595459043823e8, 3.1457873406097084e8
1.6714643737535572e8, 2.882639664048971e8
1.2837405245003827e8, 2.612388932274698e8
2.9566453412424964e8, 5.2375669972308624e8
1.9798216706023684e8, 2.6768512596984094e8
1.2064606202322704e8, 2.3777020298334143e8
2.5020714517911267e8, 2.838403338230188e8
1.646253048802388e8, 2.558016435801972e8
1.7320650338145378e8, 2.2264131385140535e8
1.2701337519705737e8, 3.793457989392619e8
1.3336446515350896e8, 1.7759261992641667e8
3.29088746839387e8, 4.144387138243064e8
7.754694210296152e8, 8.325223672920858e8
1.0758370694393931e8, 1.799610115378442e8
1.7974574718812636e8, 3.0503672155055404e8
2.625764112941674e8, 3.61994511728157e8
6.238802880067934e8, 7.090719635684116e8
1.3242938906935671e8, 1.9800879778666306e8
1.3974504031237411e8, 2.910630586225079e8
7.219345951054267e8, 7.861111733297906e8
1.8039714955579072e8, 2.8662741304343146e8
1.7747176243778995e8, 2.3553659235347462e8
1.0242490973415442e8, 1.6476982619987035e8
1.4412640645130375e8, 3.0833514474520266e8
1.3815811866401216e8, 3.988640445103021e8
7.192327222711407e8, 7.860571840189039e8
4.2829757608736086e8, 5.2412899046061724e8
2.2364978909286207e8, 2.974543439912532e8
1.1026029302701578e8, 2.0307453220348707e8
3.0698201565450245e8, 4.8093161628899825e8
3.034020518791867e8, 4.393541969507513e8
1.566904756502631e8, 2.066965251478175e8
1.862390786308379e8, 2.566844379775698e8
1.3500597744732282e8, 1.918441071198352e8
3.208135686087887e8, 4.8434707252434266e8
2.930683669727242e8, 3.4445906535850286e8
8.15126911898484e7, 1.8004184109199172e8
3.147766819758685e8, 4.885952122222548e8
1.9692172328762507e8, 3.0969262756161344e8
1.503171743110433e8, 2.3563668061697906e8
8.619234884788798e7, 1.7787063150522783e8
1.5889924114123425e8, 2.692872353495545e8
2.738921140314645e8, 5.555048613072889e8
3.77113038847113e8, 4.7110023013213366e8
1.1439772928520599e8, 4.4273698846773124e8
2.779108919355079e8, 3.149881642552887e8
2.801473967987891e8, 3.316520736932505e8
1.133966375954096e8, 2.0505910602342352e8
1.6351616168987146e8, 2.11715667081463e8
1.5054107897002164e8, 2.4160291505930308e8
1.3646642158199686e8, 3.444035882882496e8
4.9478879886642283e8, 5.826373507402027e8
3.6775152260378027e8, 5.567666875757163e8
1.3092705487064043e8, 1.8731865322521505e8
4.0741893078413934e8, 6.339931959659632e8
1.0221861137327003e8, 2.1720497808020133e8
2.2706419143833852e8, 6.623869361048818e8
9.558440419116888e8, 1.0866168493503523e9
2.9552379318360597e8, 3.461011870793758e8
1.4950552777642164e8, 1.867855043642582e8
1.6384785757760167e8, 2.342213167655481e8
1.299197923950113e8, 2.1716008925536647e8
1.06619557744527e8, 1.8911485038108858e8
1.4205764213318047e8, 2.0391609429349172e8
1.5404737954389563e8, 2.328374579464682e8
2.1913190133525193e8, 2.880940140021676e8
3.9911599542789966e8, 4.5595738914491034e8
1.5902887926203758e8, 3.032109152892308e8
2.0130616257788914e8, 3.303956819338554e8
1.1746439702773605e8, 2.0336794519051448e8
2.3967061758353642e8, 2.971479134653812e8
1.844235581049603e8, 2.3608174476629835e8
2.5256155406957948e8, 3.397646303709693e8
2.4838760267426443e8, 3.171575029216484e8
1.2580173241153158e8, 2.735112053290464e8
4.476097378562084e8, 4.81723236497421e8
2.809802133061091e8, 3.386118132537714e8
1.946462240367658e8, 5.253948557997052e8
1.3321128462668312e8, 1.8210912528693408e8
2.3064886280222154e8, 3.0374366177456605e8
1.6510371425449976e8, 2.416304886775434e8
2.16849212333302e8, 3.382347704303179e8
1.9485495765016812e8, 3.6024544625798386e8
3.972331491079108e8, 5.2493381627821535e8
2.0547255250250515e8, 5.629648587585144e8
1.2571693437201664e8, 1.7670632267186576e8
3.8383584839659554e8, 4.8039247002514535e8
5.673090838284724e8, 7.030083228052604e8
3.325524791503957e8, 4.3341055396465206e8
1.7320366154686642e8, 2.717141251522478e8
5.464818367519948e8, 6.047879548052495e8
2.6308335306327227e8, 5.0780177269067895e8
2.2726575856330004e8, 4.632139560812559e8
4.424977879572901e8, 5.1973507672709894e8
1.9979063000376454e8, 3.44675858169017e8
6.162570739054872e8, 7.678129841995106e8
2.8558798150216216e8, 3.856089714240427e8
2.0624633057188776e8, 2.51938494333123e8
1.535450931456002e8, 2.1813125298766914e8
1.3015831807907349e8, 1.973645309116156e8
7.811626563581936e7, 3.782479659421929e8
1.591699490344427e8, 3.098520326426434e8
8.61422350711559e7, 1.8527684901211494e8
1.8284915688238493e8, 2.3736830036464474e8
2.0579926442077625e8, 4.0658173021280223e8
3.71633324453963e8, 4.147542085650768e8
1.734534707392058e8, 2.640555815293536e8
1.8084360166384795e8, 2.8822739656668043e8
1.5091062700447407e8, 2.107236143815662e8
4.7039318814054054e8, 5.593861519424438e8
1.0393422840371434e8, 4.717309517764168e8
5.260602398099154e8, 5.873306656135576e8
2.3958548562609035e8, 2.7076249662797415e8
2.377394009296607e8, 4.0885186384619564e8
2.9122531454804814e8, 3.460319658785158e8
2.989510503343167e8, 3.6359059041755754e8
3.422847381450637e8, 4.12662803020703e8
1.088769449841315e8, 2.1017816470260093e8
9.683869942303678e7, 1.850506585181535e8
2.4452185323997307e8, 2.837535259242504e8
1.6008776086747643e8, 2.3343830565882173e8
1.0540564322000861e8, 2.758297366203492e8
2.181673664539932e8, 3.1382989097241676e8
1.2570710487176141e8, 2.2309982585809535e8
3.808706646181536e8, 5.616311779300812e8
3.892989070325899e8, 4.6125726914948505e8
4.9906589106232905e8, 6.292571439982023e8
2.015988448528206e8, 6.219445355033625e8
2.2445774255192408e8, 3.343864520307454e8
1.7665989285577586e8, 2.389659625631933e8
1.3738847301234668e8, 4.515219934638128e8
1.0092523232900466e8, 1.9551856292741466e8
9.054880882809433e7, 1.4091191197496575e8
1.7645223674683297e8, 2.5772269398454016e8
1.71306128212229e8, 3.772575964619222e8
1.4433541098610303e8, 2.2804741231521586e8
2.687687055628624e8, 3.3466952850940394e8
5.1584406269223887e8, 5.979542150816838e8
1.416410361150853e8, 2.176366428431488e8
4.719238566498506e8, 5.575139123291537e8
1.838470824365521e8, 2.6581048647799304e8
3.5389877890512437e8, 4.62402799801483e8
1.4024544143157187e8, 1.8602816420261893e8
1.6150551815999976e8, 3.5338683539892644e8
5.70987706166474e8, 6.965398708885442e8
2.5846585793168128e8, 4.2298432020073915e8
8.811622895084081e8, 1.0110403759761257e9
4.4069918264603966e8, 5.04796164174228e8
1.1564912356286424e8, 2.1001101581154916e8
2.2770490263771996e8, 4.6064188734109217e8
1.800443998628568e8, 3.701051418818349e8
7.578565757983936e7, 1.8695153766784042e8
2.2853825827624917e8, 3.6197988338258404e8
1.7387896774912456e8, 2.1068078159867233e8
1.4765985780122885e8, 2.2533621758452636e8
2.0733846735615802e8, 3.4073039692268777e8
2.0059573865638146e8, 2.940127530931241e8
2.3298201573026067e8, 3.121444324841085e8
2.1562987841215435e8, 2.924222214195595e8
3.600995815439967e8, 4.09142921157318e8
1.8700448710672918e8, 2.984252590455466e8
7.107434493553327e8, 8.85555736068682e8
6.542625110798464e8, 6.915457147263067e8
2.4656500534536684e8, 3.056403326600334e8
2.1923447227861658e8, 3.6083930399528664e8
2.848910303264314e8, 3.697222626123018e8
2.313026286222861e8, 3.299403790570266e8
3.8938638372394264e8, 5.372646518791974e8
1.3751301274011493e8, 1.910275897174656e8
1.806079776164152e8, 2.7545925160417086e8
1.678337344391951e8, 2.528202292018396e8
3.626494368787457e8, 4.420804862153341e8
9.335324101480566e7, 1.5226244684025458e8
1.4504136865772063e8, 1.839098350281938e8
1.5477591798752075e8, 4.8591485768866205e8
1.9663550214432827e8, 2.769095362531325e8
9.849652838016973e7, 3.1868328083265036e8
1.362170172772806e8, 2.966329298015579e8
3.01864095129615e8, 4.092221906599435e8
2.4631253489471874e8, 3.932818832504088e8
1.363781168657205e8, 2.0706694239706162e8
1.3044819674043308e8, 3.264828999359289e8
7.226155781794701e8, 8.36084661653994e8
2.4981367658099204e8, 6.000663787046841e8
2.410291307563454e8, 4.086771323756952e8
1.698231572374303e8, 2.285282565630392e8
3.803854516147041e8, 4.53473389062126e8
1.2460116436913016e8, 2.4851532534557408e8
7.738191757682903e7, 1.963085381589497e8
1.2018525893442456e8, 1.6188762466487402e8
1.4460977512185684e8, 2.0487005469627616e8
1.198015386550399e9, 1.2803920852819602e9
5.597516921486565e8, 6.263138402045225e8
1.275317836719668e8, 1.945814826135613e8
1.2830451529617979e8, 2.405409786108796e8
5.006775132640348e8, 9.858141965107043e8
3.007145522051127e8, 4.4781282348499936e8
1.8427068228034034e8, 3.052146390984407e8
1.581112447646926e8, 2.1369264646410838e8
1.5194636682259193e8, 2.3038885955493838e8
4.2171618086750376e8, 4.8999725207905674e8
1.2073444187343532e8, 1.9547375357615697e8
1.3447595465618184e8, 2.1757601038185975e8
2.769288881034987e8, 6.434161906181757e8
1.6235650690078947e8, 2.2492728111754644e8
1.1384817754432793e8, 2.0104686763843733e8
1.6331456323234254e8, 2.4349682786736387e8
1.9029888273223537e8, 2.4157794728338456e8
1.919413396175954e8, 5.466579167326895e8
1.3366951876830725e8, 4.721621455395152e8
1.6498413031793442e8, 3.380191631313424e8
4.983379054941009e8, 5.717017584054672e8
1.689546841837545e8, 3.7523349590146196e8
1.30992322966996e8, 2.3709538841951817e8
1.3471294880953452e8, 2.6408113548737875e8
4.428858221563572e8, 5.812382531500016e8
1.538694128486025e8, 2.2097675216429642e8
3.220353131024652e8, 3.955738430293403e8
1.2126264568997373e8, 2.902143345183069e8
2.890850913509761e8, 3.459657653820954e8
5.311312716989699e8, 7.965593765608631e8
5.0572861695761436e8, 5.997149558213072e8
9.9555065596315e7, 3.5275254530053234e8
1.9392381864731354e8, 2.7874051734189695e8
3.650011366096372e8, 4.9357845393328357e8
8.699975273954175e8, 9.803520129332223e8
1.1618748711625022e8, 2.1743467778148398e8
1.515228231948226e8, 2.9484381852396464e8
1.08835319857104e8, 1.6499401627632543e8
5.2816313058127564e8, 5.783476359343957e8
1.2543376435687177e8, 1.8244277976095062e8
1.0478846822215293e8, 3.8676096321616626e8
2.824452213277179e8, 4.219573752517571e8
1.554135162343534e8, 2.3450118973483586e8
2.5947813129355416e8, 3.6471661948357064e8
2.147652460556735e8, 2.5383909665603927e8
1.502280436505588e8, 2.6627013916011643e8
1.8069086564515695e8, 3.272615803780759e8
1.199530539964572e8, 3.66871443292046e8
1.1764428083688594e8, 2.993993513925474e8
2.670123627731008e8, 3.147397755942037e8
3.217200865929256e8, 4.0341812979527587e8
3.969395214597542e8, 4.529407667849679e8
3.975890125104244e8, 4.7388731700749856e8
3.3920897103989357e8, 4.0059378942985344e8
3.18868814302925e8, 5.0212509316280824e8
1.045033254391489e8, 2.0119738760353726e8
1.9718646075807637e8, 2.6577519813956988e8
9.514078101784118e7, 2.1284395941709444e8
1.891982724877809e8, 2.524057208429509e8
3.4578011086488736e8, 4.344421702167686e8
5.529241179001769e8, 6.046352995693697e8
3.431748827168347e8, 5.247380110369892e8
1.849371388868431e8, 4.551433045366647e8
1.1780244651928015e8, 2.0927915546616447e8
2.125347296182982e8, 2.750581494901588e8
3.4431834997213095e8, 3.863917246146957e8
1.791177084066144e8, 4.385309365453473e8
2.6277583478940216e8, 4.3335118949924797e8
5.082802840794154e8, 6.508291015785093e8
2.9244490333860177e8, 3.9343069285705376e8
6.003862323753866e8, 9.075211612901558e8
1.3906356769629347e8, 1.9206243017444566e8
1.952492006690322e8, 2.72259281064633e8
1.3774048098389158e8, 3.089178904558279e8
1.5891379869917837e8, 2.729791959272439e8
1.780166391852346e8, 3.2863791738155466e8
7.172105411829205e8, 7.910196826942434e8
1.6643889073078114e8, 3.12283600423247e8
9.697646855346946e7, 1.7726035402036753e8
2.349830297175605e8, 3.185613751379616e8
1.9899470040873015e8, 4.087307797337628e8
2.812005344570905e8, 5.622219148811837e8
2.209288689275178e8, 2.8427031905354035e8
1.2982898900767279e8, 2.0555916444871897e8
3.0052465448879516e8, 3.788723287856008e8
7.07268079223023e8, 7.561944487150451e8
2.3730955115033638e8, 3.826957269391168e8
1.1031323299566385e8, 2.955425286428448e8
3.075738004628774e8, 4.483909024887003e8
9.688546695131412e7, 1.3334229057412893e8
