(1,6029.89)
(2,7092.39)
(3,6440.11)
(4,6120.04)
(5,7780.35)
(6,9701.95)
(7,9531.91)
(8,9574.73)
(9,11069.95)
(10,11735.58)
(11,8078.48)
(12,6744.04)
(13,6318.49)
(14,8322.87)
(15,7078.12)
(16,7020.59)
(17,9057.67)
(18,9006.33)
(19,9302.01)
(20,10329.12)
(21,10939.95)
(22,11746.0)
(23,8648.68)
(24,6943.51)
(25,5805.12)
(26,7044.97)
(27,6368.99)
(28,5706.23)
(29,8007.29)
(30,9013.48)
(31,9179.89)
(32,9669.07)
(33,10860.01)
(34,11597.26)
(35,8408.88)
(36,7057.72)
(37,6736.87)
(38,8105.54)
(39,7286.55)
(40,6294.93)
(41,9996.42)
(42,10659.09)
(43,10825.63)
(44,10282.92)
(45,10866.13)
(46,11358.38)
(47,8277.87)
(48,6504.11)
(49,6405.48)
(50,7181.3)
(51,5931.63)
(52,5694.15)
(53,8999.52)
(54,10061.56)
(55,10222.27)
(56,9687.05)
(57,11028.6)
(58,12330.93)
(59,8629.5)
(60,7100.67)
(61,6280.99)
(62,7027.56)
(63,6255.43)
(64,5645.82)
(65,8085.64)
(66,9441.38)
(67,9943.11)
(68,10306.11)
(69,10852.99)
(70,11368.87)
(71,8520.04)
(72,6354.86)
(73,6575.15)
(74,7751.98)
(75,6562.89)
(76,6769.37)
(77,10652.23)
(78,9946.44)
(79,8718.87)
(80,8769.03)
(81,9706.46)
(82,11155.9)
(83,7543.83)
(84,5918.11)
(85,6079.22)
(86,7076.75)
(87,6349.15)
(88,5506.59)
(89,8878.74)
(90,10476.5)
(91,10952.86)
(92,11142.26)
(93,12118.12)
(94,12930.93)
(95,9946.29)
(96,8517.03)
(97,6451.41)
(98,7148.78)
(99,6765.66)
(100,6144.29)
(101,9087.9)
(102,9504.38)
(103,9421.62)
(104,9539.6)
(105,10705.53)
(106,11216.11)
(107,8983.71)
(108,6623.0)
(109,6376.81)
(110,7416.46)
(111,6114.75)
(112,6160.58)
(113,8044.47)
(114,9895.78)
(115,10232.61)
(116,10199.1)
(117,11474.04)
(118,11697.39)
(119,8192.22)
(120,6482.72)
###################
(1,6029.89)
(2,3594.76)
(3,3050.18)
(4,2133.57)
(5,1587.89)
(6,2357.84)
(7,2744.5)
(8,2319.17)
(9,3343.87)
(10,4038.19)
(11,2764.98)
(12,2249.01)
(13,2181.25)
(14,2780.42)
(15,2403.43)
(16,2217.38)
(17,1622.38)
(18,2235.12)
(19,2471.96)
(20,2520.44)
(21,3671.31)
(22,4315.27)
(23,3465.48)
(24,1954.99)
(25,1990.96)
(26,2175.56)
(27,2289.2)
(28,1956.17)
(29,1489.24)
(30,2080.66)
(31,2307.88)
(32,2523.07)
(33,3296.52)
(34,3473.3)
(35,2780.38)
(36,2195.45)
(37,2591.61)
(38,2519.41)
(39,2737.16)
(40,2044.25)
(41,1984.74)
(42,2721.82)
(43,2850.63)
(44,2393.3)
(45,3016.33)
(46,3801.03)
(47,2431.63)
(48,1816.3)
(49,2233.41)
(50,2505.96)
(51,2530.4)
(52,2024.37)
(53,1659.57)
(54,2420.27)
(55,3008.75)
(56,2506.61)
(57,3173.19)
(58,3946.88)
(59,2914.27)
(60,2061.48)
(61,2316.17)
(62,2659.27)
(63,2417.8)
(64,1968.52)
(65,1569.7)
(66,2333.84)
(67,2918.72)
(68,2652.96)
(69,3080.74)
(70,4363.61)
(71,2790.99)
(72,1911.96)
(73,1952.36)
(74,2392.55)
(75,2718.23)
(76,2165.79)
(77,1865.36)
(78,2343.62)
(79,2399.88)
(80,2443.92)
(81,3146.11)
(82,3814.52)
(83,2714.72)
(84,1759.26)
(85,2221.09)
(86,2471.52)
(87,2340.81)
(88,1869.22)
(89,1370.74)
(90,2456.85)
(91,2992.71)
(92,3020.37)
(93,3825.05)
(94,5523.49)
(95,3524.44)
(96,2581.66)
(97,2116.24)
(98,2579.36)
(99,2629.43)
(100,2294.7)
(101,1608.19)
(102,2391.02)
(103,2289.93)
(104,2001.9)
(105,3115.71)
(106,3824.92)
(107,3145.57)
(108,2282.72)
(109,2172.69)
(110,2453.26)
(111,2348.21)
(112,2030.98)
(113,1518.06)
(114,2134.38)
(115,2683.43)
(116,2674.54)
(117,3658.3)
(118,4466.06)
(119,3133.74)
(120,2078.46)
###################
(1,6029.89)
(2,12978.6)
(3,13271.58)
(4,13431.89)
(5,20776.42)
(6,22923.0)
(7,21574.55)
(8,24322.34)
(9,25568.73)
(10,24654.29)
(11,17039.44)
(12,14231.68)
(13,13658.45)
(14,18240.81)
(15,14636.94)
(16,15782.25)
(17,25749.34)
(18,21464.1)
(19,22404.91)
(20,25836.08)
(21,25205.41)
(22,23508.59)
(23,17193.42)
(24,15182.81)
(25,12046.97)
(26,14831.9)
(27,13007.92)
(28,12117.22)
(29,22325.0)
(30,23323.48)
(31,22512.98)
(32,24040.55)
(33,24028.29)
(34,25653.27)
(35,18636.29)
(36,16067.85)
(37,13808.28)
(38,18582.95)
(39,15927.57)
(40,14241.35)
(41,27693.05)
(42,26428.38)
(43,27171.92)
(44,26219.66)
(45,25511.24)
(46,23675.34)
(47,19771.43)
(48,15326.69)
(49,14129.07)
(50,14515.3)
(51,11358.62)
(52,11984.1)
(53,23326.82)
(54,25037.96)
(55,23419.97)
(56,24259.13)
(57,24251.53)
(58,26222.52)
(59,20006.07)
(60,15557.59)
(61,12424.33)
(62,13741.09)
(63,12474.64)
(64,11917.7)
(65,20355.39)
(66,23267.1)
(67,22707.14)
(68,24515.37)
(69,25490.29)
(70,22952.97)
(71,18001.82)
(72,14357.26)
(73,15352.24)
(74,16986.98)
(75,13073.89)
(76,14698.86)
(77,30342.29)
(78,24590.21)
(79,19347.58)
(80,19840.15)
(81,20557.81)
(82,23620.03)
(83,15677.29)
(84,13332.86)
(85,14251.35)
(86,15360.27)
(87,12360.27)
(88,11955.68)
(89,23444.61)
(90,26812.55)
(91,25922.72)
(92,26473.16)
(93,26247.03)
(94,26357.66)
(95,20503.45)
(96,19944.05)
(97,14375.35)
(98,14847.33)
(99,13554.88)
(100,13254.6)
(101,23725.34)
(102,23786.33)
(103,22920.48)
(104,25881.6)
(105,23902.31)
(106,22061.47)
(107,18241.35)
(108,14246.51)
(109,14421.37)
(110,16053.98)
(111,11542.99)
(112,13964.38)
(113,21673.26)
(114,25118.96)
(115,24182.29)
(116,25986.38)
(117,25986.5)
(118,23501.28)
(119,18353.88)
(120,13950.48)
###################
(1,6029.89)
(2,2574.76)
(3,1948.54)
(4,1095.31)
(5,457.46)
(6,878.56)
(7,838.06)
(8,820.62)
(9,1444.53)
(10,1289.0)
(11,861.71)
(12,614.29)
(13,898.1)
(14,1180.53)
(15,1101.05)
(16,1029.2)
(17,346.64)
(18,868.49)
(19,1016.91)
(20,824.56)
(21,1964.62)
(22,1436.39)
(23,1714.81)
(24,1066.24)
(25,936.26)
(26,867.65)
(27,1026.65)
(28,790.09)
(29,369.26)
(30,365.52)
(31,691.64)
(32,693.55)
(33,1735.82)
(34,1104.92)
(35,921.76)
(36,722.63)
(37,1315.8)
(38,1138.58)
(39,1449.17)
(40,796.18)
(41,513.64)
(42,1018.8)
(43,1128.22)
(44,813.8)
(45,1322.49)
(46,2029.84)
(47,723.89)
(48,682.12)
(49,1082.14)
(50,1015.42)
(51,895.57)
(52,705.4)
(53,403.56)
(54,870.1)
(55,1120.7)
(56,809.4)
(57,1049.4)
(58,1625.12)
(59,1025.29)
(60,576.19)
(61,972.31)
(62,1256.97)
(63,940.76)
(64,824.52)
(65,416.94)
(66,979.89)
(67,1294.64)
(68,1310.89)
(69,1449.72)
(70,2048.9)
(71,1073.86)
(72,628.5)
(73,706.78)
(74,874.99)
(75,1228.2)
(76,1070.4)
(77,460.78)
(78,744.8)
(79,796.91)
(80,695.0)
(81,1002.28)
(82,1707.99)
(83,893.57)
(84,646.86)
(85,1119.79)
(86,1037.0)
(87,951.69)
(88,916.15)
(89,331.74)
(90,661.18)
(91,1034.53)
(92,1454.78)
(93,1324.27)
(94,2883.81)
(95,1546.66)
(96,1094.38)
(97,1005.66)
(98,1141.77)
(99,1332.91)
(100,1058.1)
(101,371.09)
(102,860.41)
(103,784.75)
(104,542.58)
(105,678.47)
(106,1572.27)
(107,1112.46)
(108,817.34)
(109,1121.77)
(110,1251.18)
(111,1016.37)
(112,1020.1)
(113,507.32)
(114,776.14)
(115,826.06)
(116,697.26)
(117,1271.86)
(118,2273.71)
(119,1453.47)
(120,596.09)
###################
