1.492359414885873e8, 2.2633134444925922e8
2.0048138949634638e8, 2.790307517935175e8
1.3736322381933048e8, 2.584051464307878e8
2.0029274672551075e8, 2.5940285282084817e8
5.148878136526187e8, 6.110184451216043e8
1.3732660764675826e8, 2.0559102096622276e8
1.0620723205658495e8, 2.003717953685149e8
2.6332557935949907e8, 3.2823433102144307e8
4.573047696301471e8, 4.99188719912331e8
1.3863716013756266e8, 1.94396194457287e8
3.298438773509991e8, 4.0285222576753336e8
1.367715598697431e8, 1.9396781008347505e8
1.3207530503849968e8, 2.0299113797826153e8
2.8263930277259207e8, 4.019993955447807e8
1.813357881245582e8, 3.1762890592858565e8
1.1118700229728594e8, 1.945056566519253e8
2.056562299480627e8, 3.2407214361395997e8
1.1802454657570481e8, 1.8807898482497358e8
1.6714728012013763e8, 2.4837302575333765e8
2.292386066782008e8, 6.636671557314143e8
1.8776471339351177e8, 2.5166185184901866e8
1.2476109017328717e8, 1.8727563395427814e8
2.3170463768643296e8, 4.503926900711537e8
1.2158838118842235e8, 2.4427533478266364e8
2.3633546234411076e8, 2.745072613149101e8
3.301443612670681e8, 3.7295744757846093e8
1.297317187688837e8, 4.136024345142859e8
2.164764339943545e8, 2.746505540429119e8
1.847482734523171e8, 2.808945259406931e8
1.4534173559381336e8, 3.09745403146635e8
2.987981779609802e8, 3.648608705469807e8
1.8704163622205403e8, 2.851800172592089e8
1.2044399362222007e8, 1.919533681531409e8
1.09441745365313e8, 1.6689847648769382e8
2.5402496484176123e8, 7.174896355476643e8
1.1283542302357419e8, 1.5688326854184744e8
1.2654113110969111e8, 1.7753263649303555e8
1.4642927026995587e8, 1.961297639295257e8
9.772967530054832e7, 1.70277260133706e8
8.544225672974119e7, 1.7761034621272117e8
1.6323169826680237e8, 2.6135090029468605e8
1.9434817915844548e8, 2.6677135093560594e8
7.16458702850099e8, 7.736356921069075e8
2.961841834625428e8, 6.70348331876749e8
8.354071325510573e7, 1.9283996585316265e8
1.1940146264727335e8, 2.020874111445751e8
1.4802935050580117e8, 2.1785043189499623e8
1.3868011827507377e8, 2.2521511208383167e8
1.0927849453426538e8, 3.84026116540736e8
2.3484560221782073e8, 2.804771104510997e8
4.471231633444534e8, 5.316055358773734e8
1.89306871777642e8, 2.6007874694891477e8
1.4835874251362675e8, 1.8608630571329102e8
2.1631793448823076e8, 3.040851503778894e8
9.99393937637908e7, 1.6653169426362398e8
1.617233538149698e8, 2.3964782697625142e8
1.1786857158158252e8, 1.5223010003410077e8
1.3771724049272227e8, 3.726462742156237e8
1.7214306953174886e8, 5.06265804304385e8
3.2269081035396516e8, 3.615711411848713e8
1.0869986754524048e8, 1.6713628585675532e8
9.924033487659836e7, 1.8297454147700486e8
1.1928983612342498e8, 1.574282356889061e8
1.3087923866616184e8, 2.638559762786528e8
1.9309228609480733e8, 2.990361306069197e8
1.1265358663497229e8, 1.8972029563165554e8
2.1334306146153614e8, 2.8651096472495097e8
2.6869466236525154e8, 3.2634112291736364e8
1.430609156595108e8, 2.647425066829946e8
1.5399168738858122e8, 2.0514012417929298e8
1.559727023951348e8, 2.1831578813614562e8
2.739159278753348e8, 3.559308142216288e8
2.4745596475697923e8, 3.5934453444917715e8
1.2816614679143614e8, 1.9254977231072927e8
1.7447416634053782e8, 2.556112416010879e8
1.2929065504580583e8, 1.6774219479966527e8
2.681358860530345e8, 3.758636491000481e8
1.424853769936703e8, 1.9970716055266026e8
1.942960798768735e8, 3.061850614791117e8
1.1405236819335544e8, 1.591822570580129e8
7.637490659693388e8, 8.494826161256511e8
1.4986014994111463e8, 2.206645027417902e8
1.8710345598771653e8, 4.204692252769023e8
2.180317460949297e8, 2.994975266854128e8
2.534914472876183e8, 2.998587751969944e8
1.630664699233841e8, 2.276543937682907e8
2.833054456009277e8, 3.395616445010692e8
1.0001171128173673e8, 3.14643149430013e8
1.9368996544142896e8, 6.040093450118189e8
1.685363187489058e8, 2.3678061279451165e8
1.3581393842304206e8, 2.197975228340118e8
3.760493363267589e8, 4.7663218213912755e8
1.175979521957599e8, 2.0988976164481375e8
1.0726805233597773e8, 2.570373045939816e8
1.7377969326013735e8, 2.189040961855888e8
2.268512100423959e8, 3.8277595799554557e8
1.7368697133067048e8, 2.4474533260433647e8
1.4419387456852266e8, 2.1379901848186985e8
2.041013223758989e8, 2.755918377021622e8
4.3637517434807396e8, 5.2141724034536326e8
1.4039628302161467e8, 2.575928509524134e8
2.0288622784622368e8, 3.143166619267295e8
2.4781371603079978e8, 3.427809853115881e8
1.807944226836132e8, 2.8894473865726256e8
1.9433685726698056e8, 2.811598568090975e8
1.4430873745467377e8, 2.2908424596691585e8
9.795147345589165e7, 1.429868036455006e8
2.422290163500547e8, 4.071089762284289e8
8.742036083064125e7, 3.509207922218002e8
1.5149931062799892e8, 4.263737604265859e8
1.9079652304588723e8, 2.9034384201992047e8
1.0511464227139333e8, 1.5693355557733592e8
1.0072578164422524e8, 1.985457085398115e8
2.3430697204131332e8, 3.047842820628281e8
1.8999873251246068e8, 2.718717105114652e8
1.37886974743723e8, 1.8731572211897987e8
1.3543914431792793e8, 2.071286868213567e8
1.2997789755087255e8, 1.8252504559646013e8
1.2797063236799888e8, 1.706946205807375e8
1.7910619181903785e8, 2.658787039614565e8
1.6293376407370076e8, 2.508048673882714e8
2.2502988423097283e8, 6.620300922886943e8
3.3808003232263476e8, 4.7720836258606166e8
1.1068724018615942e8, 1.79231769634083e8
1.9075676290016758e8, 2.9672075290009385e8
2.6783438071408868e8, 3.6568685107961595e8
2.223368108597125e8, 3.459825629939271e8
2.736529806084292e8, 3.8431230243530643e8
1.82098397883613e8, 2.4091496612112617e8
3.6471711640033394e8, 4.1665595963214976e8
1.2761858134223652e8, 1.6234794389548245e8
3.2851606881802845e8, 4.66421171001249e8
1.898817679564251e8, 2.66056793195672e8
2.607750169563308e8, 3.3220339055308247e8
1.5961607145828444e8, 2.2510239893210953e8
1.3138103876428011e8, 2.0625793502302682e8
1.9832710491507182e8, 4.2074193189720964e8
2.4509778625760376e8, 5.649239541498029e8
1.4804059135342717e8, 1.9559304588416135e8
1.6714753972549206e8, 1.9561735930113202e8
2.0936860275524884e8, 3.292575608910343e8
3.5866621068575597e8, 4.541596475097971e8
2.301426683810165e8, 3.834988546343942e8
3.082172179723118e8, 3.6022157937876445e8
9.615411602670829e7, 1.5490215966683748e8
1.8326423412721658e8, 2.4420833671541464e8
1.4997099785266474e8, 2.5793337374872375e8
1.6080446681083608e8, 2.2793168569615126e8
1.1962832385644625e8, 1.8552636601824546e8
1.7470813782051525e8, 2.450800280943256e8
1.780670241804432e8, 2.4491701551781976e8
1.156674157515196e8, 1.9155981823943427e8
1.438120047047024e8, 2.0200487651541394e8
1.6728587133501914e8, 2.4158101844540837e8
1.4365965104315975e8, 2.2315377302292806e8
6.855606029385382e8, 7.64438767844173e8
2.1231497233262283e8, 3.046947011352578e8
1.0747880122066669e8, 1.4718368171102884e8
1.2345785299117932e8, 1.9502709591749257e8
9.733468077976257e7, 1.74693029320748e8
1.0308324015539078e8, 2.0094224340264097e8
1.4877725809076262e8, 1.8774515644544694e8
1.1888941674040113e8, 2.0888758322962165e8
2.1899633001876494e8, 2.8164529353795433e8
2.1109851179581523e8, 6.018525478889602e8
1.9805026997378534e8, 2.7048175926101464e8
1.7838563611129487e8, 2.4894625953978953e8
1.3350911380796388e8, 1.8974607291938496e8
3.038285340675118e8, 4.007980512921064e8
1.3439215165614134e8, 2.323652198330706e8
1.2464514358022396e8, 1.8706238374678558e8
2.6213893712549335e8, 3.48096637453873e8
1.2319953378886725e8, 1.7348652457619685e8
1.928691770866765e8, 3.142977087789626e8
9.932689242095168e7, 1.4819499745761928e8
1.9001689611896285e8, 4.174949849843448e8
1.1441817733823895e8, 2.2368601422224087e8
9.713248397537462e7, 1.6770512519808456e8
2.592886793490906e8, 3.792935818249669e8
1.0968673737646325e8, 3.521043758216186e8
2.0348839515455887e8, 2.7081624863511264e8
1.0893577438848354e8, 1.822111351791218e8
2.2511881149646848e8, 2.8630304629396755e8
1.0456031342644541e8, 1.68189208118458e8
2.5083006591784167e8, 3.3348027007401913e8
1.8920708983929375e8, 2.5959876611936274e8
2.0316850839951256e8, 2.591573622883279e8
1.4738633628425542e8, 1.8033609275423786e8
1.7351213675112242e8, 4.881056299436655e8
2.958007383704409e8, 3.7797282231727815e8
1.9800201479015115e8, 2.7085749799228567e8
1.2271090893742895e8, 1.7141194806485853e8
3.225783328122966e8, 3.723000296114633e8
2.8484456826236963e8, 3.9203581920526445e8
4.876577701422788e8, 6.348551556114917e8
1.3777705508550474e8, 1.9154735946071795e8
1.2938246648030892e8, 2.271265119977659e8
1.3241643465392555e8, 3.6356252846192336e8
1.3217304868477927e8, 2.4476411283374557e8
1.5946044803290975e8, 3.4545110615557414e8
2.1336710716556668e8, 3.2327382482075816e8
1.6118507268772203e8, 2.6789268154455692e8
2.281841672507172e8, 3.3240247225601304e8
9.834702454379424e7, 1.807898530187135e8
1.661601880446548e8, 4.285515595291819e8
1.0115560951903075e8, 1.6373279097469646e8
4.0229114903136736e8, 4.770569047206786e8
1.8182094001994035e8, 2.4835061495806205e8
1.4595425358245033e8, 2.2789593166784647e8
1.38527306901674e8, 1.9188156100535876e8
1.8513080144856274e8, 2.2699582889915636e8
1.4116887698040122e8, 2.657451226957987e8
3.782824691080482e8, 4.758170082432214e8
1.1138851683297332e8, 2.2706268261199766e8
1.4801412256353265e8, 2.0381204696523118e8
1.4983779224118403e8, 2.7548364706553596e8
1.78279384068039e8, 2.727914860347562e8
7.894776403054042e7, 1.2985428201759236e8
1.1493245526003803e8, 1.9459212386580837e8
1.1743912947937116e8, 1.6749794348329592e8
1.1662641119659163e8, 1.6538942842344296e8
1.6278682467397568e8, 2.998322786137301e8
1.7102846423185933e8, 2.5841267452500147e8
1.6779113428972808e8, 2.994020836435152e8
1.2320126235808836e8, 1.8517477699448854e8
2.8011085246246874e8, 3.639094005463047e8
1.720674765637927e8, 2.25767820522207e8
1.724591340740668e8, 2.8903582239978456e8
1.659087782906843e8, 2.7634206405910194e8
2.168505246213275e8, 2.871762750528003e8
2.5839118384958282e8, 3.71002198197536e8
3.422016227596357e8, 4.798051066812864e8
1.391002022508503e8, 2.985522345937336e8
3.537432870682397e8, 3.8699792895670474e8
1.328775012648886e8, 2.0874352819320878e8
2.7218641497689736e8, 3.4978942292236215e8
1.2118245827679561e8, 2.4399164685687402e8
1.7809781977362084e8, 2.5904449867035773e8
9.401956178430392e7, 1.3794383258988217e8
2.2460715249711937e8, 2.93752930834752e8
1.3387612641231154e8, 2.081280858427027e8
1.7857338007879856e8, 2.296690327850568e8
1.9085691559450048e8, 2.4209472582175758e8
1.2875445478511778e8, 1.9961805563600415e8
1.4125978156247008e8, 2.127924634076559e8
2.3889029237760505e8, 2.643384072984398e8
1.1723623266843483e8, 1.9018227676374325e8
2.466656139274687e8, 3.551768915141003e8
1.9002862415009448e8, 2.6083562102538857e8
3.260763350277409e8, 4.1935728240219e8
1.5758649952239525e8, 1.9706138540545976e8
1.708866674845352e8, 2.5935349963230225e8
1.0819207881611742e8, 2.0483623930065286e8
1.502545173265104e8, 2.4032500680713588e8
2.1025017082947206e8, 2.934744697638569e8
1.0789460279676871e8, 1.5728012901106015e8
2.5344097105811015e8, 3.7434689618695855e8
2.2918189509776133e8, 3.125321136465698e8
1.5842685786259693e8, 2.220514762593973e8
1.6996558414914247e8, 2.3217157455069497e8
2.996216032708604e8, 3.561159294438425e8
1.4777313316109326e8, 1.9674470065124342e8
3.139731261519885e8, 3.808620106546304e8
1.5148108272492176e8, 2.248961200286482e8
1.9928045034774348e8, 3.490067685983004e8
1.2330789878809352e8, 1.606448465874826e8
1.3445759174408996e8, 2.1310653224446857e8
1.2133610730238798e8, 2.5059543000261217e8
1.0459680544914272e8, 1.4960764769744146e8
1.4645627846436298e8, 2.0662668648955983e8
9.48890688131064e7, 1.6253134359399393e8
2.118953441629633e8, 2.9427973651563907e8
1.456117912696018e8, 2.3074742580699876e8
1.6148803262486863e8, 2.2281547650840837e8
1.2479215388370633e8, 1.7151253987931105e8
1.2847089501061323e8, 2.1611816528001034e8
1.3093428165668006e8, 1.9295430881328318e8
1.4641351907211205e8, 2.3408621783242875e8
1.3167858978391318e8, 1.870094642927419e8
2.270529434736888e8, 2.829378187668878e8
1.7055174704346544e8, 2.9059651447003627e8
1.4749068628340578e8, 2.239730549278912e8
1.047668262365804e8, 1.8255125892626837e8
1.4561161710198072e8, 1.939307713890675e8
1.918722637568266e8, 3.1614413951979154e8
8.701777418761377e8, 1.1021081820487761e9
1.2123291679161316e8, 4.467632665004734e8
2.132344020843358e8, 2.953827904608752e8
1.385150371107108e8, 2.194767842933553e8
2.3874103000384927e8, 3.087972609671346e8
3.416421433146269e8, 4.3124069909433836e8
3.275829942741191e8, 4.869201421595208e8
1.2431975544945636e8, 2.640943182329073e8
2.3139107245044783e8, 2.9869832778069973e8
1.5761041833148047e8, 2.173955743218793e8
1.1524793601972075e8, 2.0799986902564415e8
1.9949364349768007e8, 2.5992974747833228e8
1.2601946855665044e8, 1.7967215283731788e8
1.7945242968743497e8, 3.9685549754808915e8
1.4288936517269713e8, 1.827874495029192e8
1.1985300668947102e8, 1.8812901683641618e8
1.781757863716344e8, 3.3080257754321796e8
1.568990603152551e8, 3.3290941504373974e8
1.5888106099221614e8, 2.4163585260171703e8
2.1441369344436654e8, 2.9002107330823225e8
1.4078822170522854e8, 2.13980892522214e8
1.9272241927471042e8, 2.428085842968073e8
3.8404663589623e8, 6.245301696336259e8
2.487339943972799e8, 3.647737788617358e8
2.0574610251672176e8, 3.1733187376661956e8
1.4308978924033806e8, 2.1470444785803974e8
2.44891845396256e8, 3.304234476636109e8
1.728861743180235e8, 3.886811965367564e8
2.346605518561229e8, 4.6739297882612246e8
2.292004345794735e8, 2.6601511993536088e8
4.905019921104899e8, 6.946175279599273e8
1.2950684375738885e8, 1.8432198583378214e8
1.484070595701053e8, 2.577994070431919e8
1.5443683152831978e8, 2.8372714363832027e8
1.7334478702866313e8, 2.5753314609173498e8
2.3523436461784914e8, 4.3563807577160084e8
4.786949357557003e8, 6.029522755377069e8
2.464868957079298e8, 3.365354999252243e8
1.2387907391108982e8, 1.70361478373931e8
4.366147284498999e8, 4.985903348090247e8
3.7027983314251447e8, 4.1519213955301386e8
1.6527293462426823e8, 2.2533993994977066e8
1.547468534607845e8, 3.984339328181984e8
2.8876488774124426e8, 4.152611131612847e8
1.2985592461188413e8, 2.1109518232618037e8
9.954463798586823e7, 1.556326713991792e8
1.8082246837688887e8, 5.0707670941860443e8
1.8844956807560754e8, 2.472858409802981e8
1.591831172472589e8, 2.2190825223330194e8
1.2560647280182137e8, 2.0956385786309007e8
2.867898166849332e8, 4.0051590578698975e8
1.7342084453865114e8, 2.4599978776725224e8
1.8081668311263654e8, 2.942138543835922e8
2.9355907178131884e8, 4.775186285501316e8
2.640177277426926e8, 4.1495661670330006e8
1.8137756634249982e8, 2.4679303289409566e8
8.375090784387763e7, 1.329061448694666e8
3.8132841026593465e8, 4.443513230287019e8
1.906039333064959e8, 2.742779323328635e8
1.3409405352787848e8, 2.3822366782231635e8
1.4834604683704633e8, 2.0625761946171573e8
1.3901871690943053e8, 1.98063794511364e8
2.2223221536209834e8, 2.8077221560051465e8
7.107659789053845e7, 1.2714647721694443e8
3.4079460223621374e8, 4.3662687548931265e8
1.2876142363238236e8, 3.102244885113538e8
1.0223354009653643e8, 2.0886589530001625e8
1.737291013020468e8, 2.6494171581503353e8
2.441157093036817e8, 2.9787946977698386e8
4.2896624671632594e8, 5.1545241687389654e8
4.693799182913233e8, 5.3314069279156315e8
3.195304518439968e8, 4.1194486712710196e8
1.471044818962096e8, 3.1225611570653313e8
3.5628049440618813e8, 4.942423251634365e8
9.94319530606694e7, 2.062528881751112e8
1.2081330387389132e8, 2.021687063023718e8
1.8071746290709755e8, 2.6563801166316485e8
9.943734340700014e7, 1.9638348182485694e8
1.0566566697373457e8, 2.0101608960930485e8
1.191040882443194e8, 1.854468854693141e8
1.3802220185561922e8, 1.9435073131294474e8
1.5848450074130306e8, 2.5268393671125588e8
1.4453897737395993e8, 2.1243522247925034e8
1.4775867081791866e8, 4.975392213537354e8
3.50249910228209e8, 4.776050873494674e8
1.2948908355288616e8, 2.1588911012926024e8
1.4970823662236628e8, 2.770791804944998e8
1.2866387315500613e8, 2.3182104340634888e8
1.0360439192959383e8, 1.7565711622893715e8
1.6919652985302937e8, 3.147176104994075e8
1.3510503599515742e8, 2.0392136833164012e8
7.191162983607057e8, 8.000506907223175e8
1.7418091754237965e8, 4.1916142448404104e8
1.1014331580250685e8, 1.70419502496084e8
1.831316081735805e8, 4.063394271692833e8
1.699860584654879e8, 2.2689002114576507e8
1.2163318817912214e8, 2.1100086500505856e8
1.654198544349813e8, 2.1861176522119248e8
1.3559552457690385e8, 1.970193140617639e8
2.3006550930804783e8, 2.929359186815561e8
1.0398435490416002e8, 1.847897379663846e8
1.865793073221719e8, 2.9070007269841236e8
1.2342771400285354e8, 2.443681511050512e8
2.8681415002805734e8, 3.3942079614669347e8
2.5818885372304046e8, 3.663475665557892e8
1.8823709380485693e8, 2.378439063793204e8
1.3444971710726738e8, 2.58929198529847e8
2.3017314661047965e8, 2.91281789108803e8
4.330628337359174e8, 5.353459503873032e8
1.6356139532647568e8, 2.2175285973907498e8
1.366186716159491e8, 2.0263308777289388e8
1.7233568069074622e8, 3.846991711097201e8
2.4477404606010452e8, 6.37646610485365e8
1.2105337815014312e8, 1.751845171064066e8
3.047579496449667e8, 6.671612517096082e8
2.6023481752156785e8, 4.3376293859805155e8
1.289646522828817e8, 2.0629071476451427e8
1.933755830400746e8, 2.4979228652187887e8
1.8398633187695917e8, 2.6588891588471153e8
3.1752666346235704e8, 6.540871973096933e8
1.6688821864092255e8, 2.1664671157660946e8
1.6368468735275844e8, 2.6095432544709668e8
1.678970491463143e8, 4.4427557841561913e8
9.616537316668227e7, 1.709575884543467e8
2.3743816385585982e8, 3.056131330395465e8
1.0702910880353238e8, 2.3117837746994573e8
1.205958768294824e8, 1.704627087474417e8
1.2477991423032594e8, 1.9315873083729297e8
2.070217316609976e8, 3.6172939591421205e8
1.7810426417578408e8, 3.204466413992491e8
1.1451834302113408e8, 1.7986634491842723e8
4.347044727092295e8, 4.8438050607001275e8
2.3698509750682542e8, 3.4620364578151643e8
1.611298041230643e8, 2.4288260985929567e8
1.3840259457295144e8, 3.788199628380046e8
9.339076438875195e7, 1.6592703783400786e8
1.3753565750811964e8, 1.9940704748505202e8
9.00779516912433e7, 1.5498280779097605e8
1.536415446797967e8, 2.769622842770523e8
1.6150801424945807e8, 2.603032717832539e8
1.1219358305332954e8, 1.9179617527756405e8
2.9706313665606326e8, 5.827889656331434e8
1.1809482432456152e8, 1.5649063010541162e8
1.1397421074095084e8, 1.691424059105547e8
1.9701468297212166e8, 2.8352458459029233e8
1.4277704694414613e8, 2.9797706909183294e8
1.4558108090738687e8, 3.0657271235712427e8
1.5919749555682835e8, 2.814494717364325e8
1.4430757216646764e8, 2.6191091401183808e8
2.699824900767124e8, 3.680339484499007e8
3.453404519728514e8, 4.4622811244381124e8
1.0954257626538181e8, 2.096830013364724e8
8.498837571574415e7, 1.1801096697780107e8
2.0376371450519577e8, 2.911753156791157e8
1.8556669054688856e8, 2.3955537363903937e8
1.1198043840288024e8, 1.6649975056092855e8
3.449467261412153e8, 7.84287478659468e8
1.401798890220277e8, 2.3065287578693098e8
3.28831361324266e8, 4.204479243734247e8
2.3723084221697417e8, 5.524524014102379e8
2.3951741161585715e8, 3.744498067489879e8
1.494671345299966e8, 2.363284106710184e8
2.0662184329783466e8, 4.5495560180586785e8
1.5232289446475452e8, 1.8247120856478932e8
2.1678759071941707e8, 2.511516067854536e8
1.9517080099146178e8, 2.9529548323310983e8
1.5775652563308403e8, 2.7475152771057135e8
1.9167361053815407e8, 2.55505660819188e8
2.3893608510250893e8, 2.994161840528272e8
5.730290595462317e8, 6.927589317809652e8
1.7525339747632048e8, 2.538586188586557e8
2.6210117790450567e8, 3.3522482790791273e8
1.7451560434465188e8, 2.391304554520739e8
2.8198314246520495e8, 3.427327339870076e8
8.058582636468862e8, 8.855384257881652e8
1.3569154950158024e8, 2.011815370839364e8
2.55199584091754e8, 3.1946121376672584e8
1.6864926226225743e8, 2.059506050551944e8
1.104104672374677e8, 1.742601532766327e8
1.338612563427441e8, 3.897967863559167e8
1.9417908573528334e8, 2.319725145924035e8
1.0797991446860215e8, 1.712313888704991e8
1.7270745623939678e8, 2.6954958394915324e8
1.4076864775068313e8, 2.188363140207481e8
2.540117382749609e8, 3.707126697304803e8
1.7042176239747784e8, 2.651024284871946e8
9.262903701582447e7, 1.4444200630701482e8
1.5886038163080895e8, 2.5903623070351857e8
3.194374801436218e8, 5.163922860669393e8
1.1544705907131381e8, 2.1964127488225353e8
1.3653187220463455e8, 2.997046119240834e8
1.4414673670530218e8, 2.366419839065527e8
1.0080808511519542e8, 2.0131964611274666e8
1.565274350998558e8, 2.4250727036046726e8
2.1465659854948938e8, 3.395553883927701e8
3.1574483569226897e8, 6.064949864604201e8
5.511321962785574e8, 7.410631864870273e8
3.6349267017455006e8, 4.8213412864179224e8
1.5713660271734324e8, 2.9030150777628076e8
1.3550258751067904e8, 2.808367291671316e8
1.9393938382085434e8, 2.7430488126818484e8
2.5553401895791158e8, 3.5489744328345317e8
2.389161080395212e8, 3.021309576543378e8
2.0770282104375848e8, 2.969917969905062e8
1.1733823778963946e8, 2.096505813869715e8
9.266405406943329e7, 1.7767619875036776e8
1.8278111346719208e8, 2.5689976869769916e8
3.118223201151233e8, 4.588173092033107e8
1.4859762910316718e8, 1.8764819424622402e8
2.005300233654331e8, 2.8533077877092063e8
3.768227276857283e8, 4.5145269616112053e8
1.4832482327268258e8, 2.1486294334486943e8
1.1003829806788844e8, 3.383160951817832e8
1.1436836993010914e8, 2.1652845859299642e8
1.519608769411337e8, 2.4754853364486203e8
1.194254039427279e8, 2.3068188203610066e8
1.1618879506428768e8, 1.7532833439126658e8
1.548683745707914e8, 2.5690934236863947e8
2.5111019461289158e8, 3.703564769314941e8
2.004987769116578e8, 2.4228488801408696e8
1.6944672610712856e8, 2.051572523090671e8
1.4631004290330672e8, 1.867077711432842e8
1.577985178645325e8, 2.5538167394860655e8
1.733036387499862e8, 2.230756264080891e8
1.8545080427126247e8, 3.3561131370338684e8
1.5793997880461043e8, 2.089739609081941e8
1.8201960167317027e8, 2.352661155646565e8
1.2950547425232346e8, 1.8449387014756575e8
1.351888207039756e8, 2.582036404395253e8
3.0578169209284806e8, 3.820157511368403e8
2.4256566297094595e8, 3.876739135486324e8
2.943079292962933e8, 3.740339795999283e8
1.6493274578310734e8, 2.3414511425981385e8
1.4904253224178332e8, 2.555529683371255e8
1.7015953404708928e8, 2.629416057241472e8
1.6016290041396633e8, 2.4223687357431158e8
2.5985208959520057e8, 4.201230938022038e8
2.2667637593288553e8, 4.725840840785145e8
2.250318479331151e8, 3.272239295612325e8
8.976450956454006e7, 1.4263834326109946e8
1.2980877949585336e8, 1.9365301025416365e8
1.9300496310222265e8, 3.2815063218353504e8
1.6687025067889687e8, 2.4770958743708798e8
1.492148694383368e8, 2.700997473818572e8
1.7466505463269222e8, 2.993479004921168e8
6.866779447525692e8, 7.169479143600241e8
9.64608425405741e7, 1.6351472683581656e8
8.967421250218823e8, 9.46610777208207e8
3.8864617715170544e8, 4.756126174676414e8
1.1687224115780585e8, 1.972995093633211e8
1.2785063184491318e8, 3.022687723190309e8
2.4953589175056574e8, 3.1176913931954175e8
2.1948941795111126e8, 2.5883607295673138e8
3.633951664289167e8, 4.281759235120842e8
1.2812039817880744e8, 2.1668592057685176e8
1.6114123207537362e8, 2.1999630060714257e8
1.1153737915601958e8, 3.3277521578926086e8
1.7130128549500182e8, 2.9011113160145104e8
2.4714110418459567e8, 4.075869789616802e8
1.2514085582019134e8, 2.0085128470708647e8
1.5391377097357264e8, 2.0467413133971047e8
1.6835706428629264e8, 2.6005274328389674e8
1.0542833762199101e8, 1.6583238403022185e8
4.4684892456234246e8, 6.387832628387176e8
1.0260921596035674e8, 1.4124204702308682e8
2.3603820637166128e8, 3.0697943265391797e8
1.2826242058892897e8, 2.5933038124935815e8
8.637091490666574e7, 1.7366798071530795e8
1.037049905218413e8, 1.4818792878588688e8
1.2131208078665313e8, 1.784450267599038e8
3.437204174577387e8, 4.824047914541167e8
1.1357985937079717e8, 2.0119530718024087e8
1.2814224610775252e8, 1.8792256982313934e8
1.2266395990503594e8, 2.0330397864299476e8
1.1503759853340234e8, 2.3284322701126182e8
1.4988579826103145e8, 2.610704220962275e8
3.303277828174725e8, 3.983670438264974e8
1.5124055771515116e8, 2.943396136524666e8
3.109096824639973e8, 3.685391548086798e8
8.352035083340965e7, 1.7056185009059736e8
1.5387282633061275e8, 2.5103388500782445e8
1.1523553814409529e8, 2.4831077318144175e8
2.06501247897486e8, 3.4732941457044643e8
1.165083889605235e8, 1.6188068261088544e8
1.2726928291570538e8, 1.8048021508402276e8
3.3410492036336213e8, 4.3050854032315403e8
1.5131917415574047e8, 3.151283955107848e8
1.2661886104153772e8, 1.9234330862678078e8
3.451280233401369e8, 5.331271722044687e8
1.7665756437222365e8, 2.354817035722007e8
1.1250468668373859e8, 1.690233670314726e8
1.625353481424408e8, 5.715775459418497e8
1.0366162685326268e8, 1.822371305205225e8
6.843670781947889e8, 8.423183938649209e8
1.5717482366447663e8, 2.806565049577309e8
1.3625372216382158e8, 2.1390847257926694e8
1.2796737898129696e8, 3.1368070344280916e8
1.8748992010867628e8, 2.27371085390361e8
1.321743319356556e8, 2.1273897560072628e8
1.8852834827187994e8, 3.9769249955732644e8
3.0412646379058564e8, 4.284736385934224e8
4.1411514623440737e8, 4.8203074297965676e8
5.47280890514752e8, 6.297053394450502e8
1.241927893081773e8, 1.850690738994525e8
1.4058513498553774e8, 3.131848398780101e8
1.2370530428587884e8, 1.8013635672249773e8
1.7080065985140634e8, 2.3937161979634142e8
2.5153057130454546e8, 3.2682553970320725e8
1.1535585631174372e8, 2.3823448525268692e8
5.0396701285627025e8, 5.669061942208922e8
1.484069975581922e8, 2.319437293044066e8
1.0723973777770762e8, 1.5680452196369532e8
1.5595760507306817e8, 2.4743337935612044e8
6.450656534392037e8, 6.957786414069054e8
1.108393768526033e8, 2.1694741329211876e8
1.3544762074094647e8, 1.7380451574605575e8
1.4450876042670274e8, 2.7750500291453344e8
2.1816004488288036e8, 3.138497614693228e8
4.6538220624258244e8, 5.767938219195017e8
4.4983979130318135e8, 5.662997148617362e8
1.4080455120028743e8, 2.2171131774580655e8
1.8581594626384166e8, 3.1670776837927485e8
2.938059825191811e8, 3.847830732151698e8
1.9145667323606476e8, 2.4662129481985995e8
1.5180755195923218e8, 3.1897559861267465e8
1.2383913490176696e8, 1.9823471258601227e8
5.4822770695513e8, 6.039407216332697e8
3.9071996954514664e8, 4.3511180984645045e8
1.3395000897069116e8, 1.921975798850296e8
1.3263067349430065e8, 1.803506665184077e8
1.4947465363941872e8, 2.0694345644863695e8
1.9747891942753232e8, 2.5357511130982986e8
1.7466192887871778e8, 2.533265287866282e8
1.857924695775094e8, 4.457877395367495e8
1.3896482070911473e8, 1.978670549750375e8
9.644097964312056e7, 3.050333316213547e8
1.5570080071379054e8, 2.1943684590186596e8
1.3587551960233667e8, 2.006591778147971e8
1.2633887078642435e8, 1.79266018723404e8
1.29993903212975e8, 2.0471609780264714e8
8.740881919309983e7, 3.360130703598673e8
1.973285168038603e8, 2.840589439831542e8
1.2241057946675158e8, 2.2503332063024977e8
1.3964312051590556e8, 1.995260384202935e8
1.8182373779910058e8, 4.361099026045487e8
1.7987440897820586e8, 2.9762858923715746e8
2.3637039388262126e8, 5.255139392550483e8
4.570958401691613e8, 4.933388715987569e8
2.1248221316595495e8, 2.5782057198846388e8
1.7169011826161474e8, 2.3840746806759655e8
1.5438642066086033e8, 2.4236442970603636e8
1.5223458829133937e8, 3.655531334298234e8
2.2226124102379537e8, 3.33923141627779e8
2.071482455002152e8, 2.3788041631327435e8
2.708055833431744e8, 3.3810238966974604e8
3.5085263733680207e8, 4.809622104036432e8
4.278074304327922e8, 4.727926116093793e8
1.754678889466361e8, 2.3522976405087999e8
1.1336215091030239e8, 1.8638756622740567e8
1.389030396376644e8, 3.605828483111253e8
5.060251115069123e8, 6.838430252852917e8
1.7871603197884357e8, 2.4209191949504e8
1.5313090648585227e8, 2.5631062975653663e8
2.1504992967624882e8, 3.091626606126319e8
4.726937929878335e8, 9.110105783224306e8
1.975212932479829e8, 3.224551719075002e8
2.6007062865427455e8, 3.4605687376362205e8
2.232963700380536e8, 2.6350793083970836e8
1.156445259049068e8, 1.83613957414343e8
1.7861309138224155e8, 2.534721083427615e8
1.5813046874047318e8, 2.1217561788454998e8
1.971223229792939e8, 2.6253120779823828e8
3.0288558775807464e8, 5.0241233883430934e8
1.4968564216093308e8, 2.211059097602425e8
9.822038204299667e7, 1.6577308755906063e8
1.5066426353007978e8, 2.3800068583121562e8
1.5201284489204505e8, 4.436804649945336e8
1.722225810770838e8, 2.1718832991370946e8
8.220269381887077e7, 1.1488536586309014e8
1.3065878853716291e8, 3.0043785022242254e8
2.5966383120712292e8, 3.689211217219199e8
1.6715139975345615e8, 2.1337579499637362e8
8.942984189307879e7, 1.3574237035388705e8
9.951281528375427e7, 1.633893652228145e8
2.1469162557660323e8, 3.2810792990212274e8
4.3735972437169796e8, 5.162673631127178e8
1.2449623341056515e8, 1.7181720797634664e8
1.6102661092079893e8, 2.2579599010625136e8
9.164681327148668e7, 1.5492807227502275e8
1.7994522171137506e8, 2.576087912444185e8
1.8051591322469756e8, 2.705974410109249e8
9.052127568895338e7, 2.3748495707133445e8
3.19356810967003e8, 4.455598332285524e8
2.855322804316758e8, 3.7015115135888463e8
1.6980605709827325e8, 2.4037255553978598e8
4.623544399590976e8, 5.262317500413548e8
2.15275681217971e8, 3.269673938333089e8
1.7971753478889734e8, 2.3112907978100598e8
1.6713702398458034e8, 1.9990349383063918e8
2.220718079360441e8, 3.22011156372633e8
1.5142921122292018e8, 1.961521273641106e8
1.52646112656616e8, 2.096218553573852e8
1.7785421790232098e8, 3.2080661317988634e8
3.2032620205038136e8, 3.6605328412797534e8
1.7984540711074197e8, 2.3455266279463658e8
2.338949552916513e8, 5.0840170284693354e8
1.379029571424251e8, 2.2362048286205482e8
1.060455401192258e8, 1.9948052815319565e8
1.4153739693533483e8, 3.443579757284628e8
1.0652484403989486e8, 1.6920477058480015e8
1.7436817754005e8, 2.466183629575704e8
3.645528090612998e8, 4.141154769581919e8
1.6593898128917727e8, 2.8330234117236423e8
1.0431799487070058e8, 2.733357653026118e8
1.8303410893303683e8, 4.445675842278708e8
1.103924812560248e8, 1.6253625199914792e8
4.662003369413143e8, 5.3498897409729046e8
2.3710680379096162e8, 4.5007810461314225e8
1.3252307534912808e8, 2.2286516274381053e8
1.2294088659602916e8, 1.9728696750275716e8
1.8898766826783583e8, 2.4081464957465547e8
2.000143794063074e8, 2.9520051034624004e8
1.4464899821902838e8, 3.035356843726244e8
1.537009792098351e8, 2.2954878615062013e8
1.8907933459442472e8, 3.550282341533153e8
1.6493741447829786e8, 2.984626386639122e8
1.378898629255588e8, 2.5249651883555695e8
2.1339344911878753e8, 2.571446939195623e8
2.4107006135108232e8, 2.9560084914505327e8
1.3911771239779648e8, 1.9320854778119728e8
5.941248862166865e8, 8.021295772713774e8
1.6749256869776887e8, 3.322083278308059e8
1.8380792368456095e8, 2.4880635325942406e8
1.49166232968646e8, 1.8200520666023502e8
1.3828992255647025e8, 2.5261664118364653e8
1.5185115690054816e8, 2.173064550138231e8
2.751867290837063e8, 5.3323151838857687e8
1.804442080035939e8, 2.249046576412637e8
1.6847393400097415e8, 2.5273249705738157e8
1.3693252486262015e8, 2.496864251749685e8
3.572236286757289e8, 5.829224724516654e8
1.9104024325955614e8, 3.934595820073048e8
1.6201257735170874e8, 2.2713529951215413e8
2.9815178573623174e8, 5.595913511930429e8
1.471207827732318e8, 3.579719849556411e8
1.0202070257089739e8, 1.325814990363712e8
1.281023110432235e8, 1.7109235729374284e8
1.453402168235147e8, 2.4867797705781987e8
1.718523698960573e8, 2.1663191796147153e8
1.180200398446964e8, 1.623027836244061e8
1.2613805911645153e8, 2.198481944629305e8
1.432803234271734e8, 1.9222773140651354e8
1.3719853410048792e8, 2.8843246534050906e8
1.7533961249949646e8, 2.899983570691132e8
1.6125757678605628e8, 3.5727252543298924e8
3.34790507017791e8, 3.9622928108211493e8
5.2639468173977965e8, 5.646589174318804e8
1.4595751307903832e8, 2.4373910520984727e8
3.6667493807691395e8, 4.2831971224870944e8
2.85283194842591e8, 3.406784618844758e8
1.0779831163846456e8, 1.4811108067553234e8
8.911630614685336e7, 1.837378987275145e8
1.5419176991750246e8, 2.4593572212297863e8
2.4257291065111065e8, 3.944553583441787e8
1.2686396314965469e8, 2.3558836072369424e8
1.2034359661959434e8, 3.321312558940893e8
2.6123529296677262e8, 6.681703726553013e8
1.643016389722502e8, 2.4330240826803812e8
1.4723759120442337e8, 2.40631652665368e8
2.4057564929509267e8, 4.8245600215129375e8
1.0935535828589618e8, 1.5805382694415402e8
1.2883942006889294e8, 1.7273852270020023e8
1.3888729096310908e8, 2.2385362251860622e8
4.169882093813901e8, 4.6714505379621726e8
2.705135039457685e8, 3.827488173990952e8
1.320042504928612e8, 2.2066824907910332e8
1.6793604957984737e8, 2.047482972923993e8
1.6109095119768998e8, 2.7943329190991086e8
1.6606107733160335e8, 4.404417031896702e8
1.9829123633031982e8, 2.730357648341468e8
1.162350454156002e8, 1.779457482197355e8
2.976988372488637e8, 4.541924277566769e8
1.915017105634399e8, 2.8693496155958194e8
3.1435901960703194e8, 3.629713145007735e8
1.8643287911319005e8, 2.824813480238665e8
1.242236367250099e8, 2.0069192616289628e8
3.602449294198395e8, 4.091097187514924e8
7.739967692062072e7, 1.0938496822997983e8
1.4200719073574495e8, 2.011946412918081e8
1.2735607068305242e8, 2.3353754949953315e8
1.7970388837628087e8, 2.1772480604348573e8
1.6160503206621408e8, 2.908833639015326e8
1.998652295331378e8, 2.853514453863107e8
2.2900434310928965e8, 3.060829366038555e8
1.7653537076412907e8, 2.720053489653115e8
1.3609672815335888e8, 2.5137851987276196e8
1.8613862037846497e8, 7.380533216396347e8
9.7391848735865e7, 1.5551428603076607e8
1.287220149797611e8, 1.72339091303589e8
1.9659395391970584e8, 2.3479270055800924e8
1.087416416139651e8, 1.6451509725683057e8
2.00851825707219e8, 2.741994548776081e8
2.329665891595965e8, 2.9639901828549045e8
5.0942503083408046e8, 6.378345961091614e8
1.178412266898566e8, 1.6998364846792832e8
1.737358681477202e8, 2.5328410506870535e8
8.63807924568247e7, 1.625666565862751e8
7.524417692196923e7, 1.197668605958537e8
9.453923208816008e7, 1.485988140492226e8
2.253431994732089e8, 2.953027917610731e8
7.889007507696109e7, 1.2026729147476874e8
9.559482709601375e7, 1.8242232744337162e8
9.735851773978469e7, 1.9783185097330374e8
3.184835103748323e8, 5.0334937636374164e8
1.2708674881891482e8, 2.4403528098566037e8
9.957261350571191e7, 2.2731570682107937e8
1.428482916443635e8, 2.8296504377430445e8
2.1371769154297125e8, 3.285391808398544e8
2.952129369144262e8, 3.867687518768309e8
3.8407264215772223e8, 4.5804667241490924e8
1.4407779475281468e8, 2.4242718763881996e8
1.041977036728299e8, 1.690417550043142e8
2.3225973210545194e8, 3.413200496552279e8
1.6619753648754576e8, 2.5926274809291425e8
1.3851730725875142e8, 1.9180216395656335e8
2.2585965721943504e8, 3.1486219398876953e8
1.0997540524350567e8, 2.0982231583735037e8
7.758856601595269e7, 1.345258763560409e8
1.5555819117374945e8, 2.3134684648760447e8
2.3140514418071398e8, 3.587915313940352e8
1.0567305381251493e8, 2.4710574377379617e8
1.620596194406873e8, 3.866947794316332e8
1.5375076403813255e8, 2.357569278035381e8
3.548231122850894e8, 4.3523879085813445e8
9.374252793777944e7, 1.56738973383602e8
8.73790256546658e7, 1.8984099540144393e8
2.5136484908890042e8, 3.525916033751282e8
2.7774512634905225e8, 3.1766208166503274e8
1.2529569771893492e8, 2.2484487822312924e8
1.3602217301848724e8, 2.042203083706194e8
3.326726852530923e8, 3.882746766654336e8
1.642827127607474e8, 2.3849259000304386e8
1.7877936076810423e8, 2.7861053876224464e8
1.097233091831874e8, 1.7916612842824256e8
8.039713378036164e7, 1.660653838565746e8
9.665321890855317e7, 1.4551673209520987e8
1.523872864556882e8, 2.5181325609192035e8
1.5642271155073872e8, 2.1991746945328915e8
2.422366489416339e8, 3.143715964398088e8
1.5202492148777586e8, 3.314979931265355e8
1.9422838198218656e8, 2.6595148296706444e8
1.577559681255611e8, 2.310909797994439e8
2.4069647866171867e8, 3.5331879811819625e8
9.018134295506373e7, 1.6623661762648696e8
1.519248199493549e8, 2.5184905228008425e8
7.524047347710719e8, 8.617884237923044e8
1.423125398101295e8, 2.5396091477368963e8
8.884530905962914e7, 1.3848510281487262e8
1.152594963074851e8, 1.8884700582794455e8
1.630616668031118e8, 2.580709117007325e8
1.4847362952278498e8, 3.953916268724014e8
1.3489929558250463e8, 3.1003740824235207e8
1.2407021877015e8, 1.824074526096305e8
9.734590758416033e7, 1.3379829481113814e8
1.913530098353371e8, 2.431389675766268e8
1.400458040987823e8, 2.1416602679241294e8
1.0535188059807816e8, 1.5838732540082237e8
1.7884030416267043e8, 3.317812213508874e8
1.346822131057516e8, 2.005726097227013e8
3.739416086889818e8, 1.0553980517466556e9
1.2329868626461357e8, 2.017275645842386e8
1.447130873659366e8, 2.233535464572417e8
1.0462227878803854e8, 2.0450082882333398e8
3.952198330799526e8, 5.510567722317721e8
1.3678196846653375e8, 1.8923157889574793e8
9.796498859039588e7, 1.8003797284122586e8
1.7346776381451008e8, 2.5946808800681156e8
1.615466611395918e8, 3.103171018694739e8
1.39265351340747e8, 2.6973621890531546e8
1.8186726961365667e8, 2.371095460699265e8
1.410607927024446e8, 1.959090218864875e8
4.9593425509996474e8, 6.196363318746365e8
1.8052666437120432e8, 2.6201763240291464e8
1.9220695632176235e8, 3.340359684033025e8
1.545463541897939e8, 2.0280065900830466e8
1.7844187933429462e8, 6.971050778574045e8
1.5266383601777068e8, 2.3021661169079137e8
1.5008226069216284e8, 2.1106297833188066e8
1.848072615575098e8, 2.5407661706089613e8
1.3124125815933622e8, 2.2620072684277502e8
1.2913218053143018e8, 2.8884252928739965e8
7.207625625162762e8, 1.0798729381500952e9
1.0082483244286235e8, 1.628645547667337e8
1.2649901270498915e8, 2.6072688894732413e8
1.9784146486160597e8, 4.980648079468676e8
1.6882388569390005e8, 2.348179275681223e8
1.5713338645296305e8, 2.6133032460964262e8
1.6849440890166792e8, 3.358285713716516e8
1.6183111104594374e8, 2.41353627386492e8
1.2146602955060026e8, 2.6117028952399826e8
1.5981416196381792e8, 2.816895665633551e8
2.1985489594284666e8, 2.6485693372738892e8
1.924055292986904e8, 4.069204584372572e8
4.25788449187842e8, 4.767809049783336e8
1.3627258971142492e8, 2.1704728515674764e8
2.4805675701945785e8, 3.917014814445729e8
1.3562461753023842e8, 2.336275851621683e8
2.0130454324515915e8, 3.183974724711372e8
3.3962345337574035e8, 6.730686134065075e8
1.4410174369471785e8, 2.0281929289827138e8
1.883548472853679e8, 2.781324570104186e8
1.8694956665469405e8, 2.5571278297620702e8
1.1194259521476023e8, 2.2125362891050345e8
1.279657557609096e8, 2.477974582649598e8
3.188626864817482e8, 4.659519409101905e8
5.830048426704432e8, 6.538554223933554e8
1.261250225180701e8, 2.22775868183795e8
1.7204516585621828e8, 2.3595800230014464e8
1.8879609590429622e8, 2.70582872350213e8
6.345011536560756e8, 9.587262340473692e8
2.963953654493826e8, 3.803387495706808e8
1.5522070282297537e8, 2.228128459068237e8
2.3052563429603183e8, 2.9210346584258145e8
2.0904598727673274e8, 2.632757530011544e8
2.239360720330308e8, 2.794127878419191e8
1.2087368744545999e8, 2.4942064235233274e8
1.0081961548339605e8, 1.5114869683290955e8
1.2425643086731642e8, 1.874861146340582e8
1.2641365441183452e8, 1.675127531426281e8
1.165193703670423e8, 1.6902351285921523e8
1.4293342554006916e8, 1.939763644882186e8
1.4860127944616225e8, 2.2850688851409793e8
1.6038561048084122e8, 2.6619299800318894e8
1.1461504924719734e8, 1.8260542603386015e8
3.4828875189462763e8, 4.16342399248738e8
9.367393903480591e7, 1.8544101905561084e8
1.176648934495175e8, 1.9945636520346805e8
1.575194272552283e8, 2.164910993019444e8
2.992391651461556e8, 3.57179367622243e8
2.948394804663856e8, 4.2768442188869774e8
1.8969169154429057e8, 2.4900185434207147e8
1.2615604151898967e8, 1.8442665703124934e8
9.895813195312284e7, 1.651624401489793e8
1.3399370868933323e8, 2.1381774182353324e8
1.587168976240793e8, 2.188486368630097e8
1.1380513338166176e8, 1.6880643086373138e8
1.5921817334026727e8, 2.4264411935502052e8
1.0808250903407319e8, 1.5744867321668935e8
2.5818686073092118e8, 3.757157726625563e8
1.1479956771830633e8, 1.7356921945365658e8
1.3452275046657342e8, 1.9027701957999536e8
1.4795789178048596e8, 3.099350532209611e8
9.825461715686756e7, 2.1204674512560278e8
1.2396615362636206e8, 1.5665400003929433e8
4.4124134399485695e8, 8.894826909890624e8
3.580660185291962e8, 4.54199380565437e8
1.6893604772946203e8, 2.6700020708310735e8
1.3016756029295765e8, 2.207028809816564e8
1.3379253942644887e8, 1.928074126241637e8
2.1717774242696556e8, 3.7648346616697496e8
2.20359139025507e8, 3.578851078880589e8
2.8569673506694406e8, 3.5556723311781853e8
1.3417548369356516e8, 1.8369153616676915e8
2.6986686932931066e8, 4.2471688572439176e8
2.9292676507067317e8, 3.7389223033830917e8
5.1503062995151967e8, 6.186664686556847e8
1.2097989192790903e8, 3.761732886116796e8
2.515340059994418e8, 4.363323303224769e8
1.2663728769704269e8, 2.786094828500578e8
2.043538834415355e8, 3.30559129932179e8
8.584080481074268e7, 2.1119508519382778e8
1.446720240251373e8, 2.766039764399772e8
1.8046743703462118e8, 2.217225273361697e8
3.0720214668892497e8, 4.0831787974942416e8
8.148523778447236e7, 1.725532415813405e8
1.699243752343667e8, 2.632349007098015e8
1.3278520420384777e8, 2.4635130905711e8
1.9799417539676437e8, 3.004706906452547e8
1.5774304126617914e8, 2.0712362253239247e8
8.561193642958796e7, 1.6052090829408476e8
1.8875138207459256e8, 2.1371495809676462e8
1.400946985682261e8, 2.834189206578942e8
1.8982190693064505e8, 3.1689123093398386e8
1.4028931302182826e8, 2.236030819016604e8
1.1056741282615274e8, 2.0171358638206357e8
2.5516902371662754e8, 3.345055769855448e8
2.179072424684021e8, 2.6745368091534188e8
1.1827173597276028e8, 2.5170960265431088e8
2.1481779406547484e8, 3.688710928895098e8
1.1363975985653035e8, 1.621389559437424e8
6.654557668747263e8, 7.694600839712069e8
1.3438522332996383e8, 2.282466021666784e8
1.3394899838794892e8, 2.2227841400277355e8
1.3553906918222898e8, 1.7526536477772376e8
1.2868771492893708e8, 4.271825803554597e8
1.3132298487798695e8, 1.8024177429637897e8
2.1063676874896058e8, 2.4465338664528668e8
1.687665433603853e8, 2.4045911221613038e8
2.1418122130117556e8, 3.239373825368333e8
1.2475309577833429e8, 1.8904619649265638e8
1.2751686409243314e8, 1.594339956819722e8
2.4708421546789774e8, 3.761559034302567e8
3.4870358291232675e8, 3.9365772219513357e8
2.3428149121440485e8, 4.597956048515633e8
1.1027652844156896e8, 1.7434819468213126e8
1.3926436893575984e8, 2.2746588950091577e8
1.6708292444419718e8, 2.6001359031869906e8
2.8286288108980674e8, 3.5350567813026303e8
4.1324987840339977e8, 4.8256115552337044e8
1.1748271213677518e8, 1.734724362357383e8
2.577823648479972e8, 3.034499343348498e8
4.0331904785278064e8, 5.139640429212972e8
1.681846455824376e8, 2.2367446542450187e8
2.4204732597964358e8, 3.852749103837028e8
1.4484408232218644e8, 2.755061199347812e8
1.071917492769802e8, 1.6205300462841478e8
1.9255659822012427e8, 4.6543415228467554e8
1.8197101744183305e8, 2.528324575764541e8
1.9775603215599886e8, 2.964763856642142e8
5.192603248001935e8, 7.017242339896021e8
1.5899712538953933e8, 2.146739941685193e8
1.2387485917766596e8, 2.5004254524456972e8
2.3692442394800094e8, 3.413415001126547e8
1.1833734576954506e8, 1.7278367183990708e8
1.9328413584289926e8, 3.291781517683764e8
1.2859086836103156e8, 1.730366999295774e8
9.06682290285324e7, 1.351165233519719e8
1.4556005653309113e8, 2.0504673208341748e8
1.5864909918447885e8, 2.9322879001095563e8
2.1000238299179935e8, 2.5346021094297382e8
2.4233979604890728e8, 4.645913316364905e8
7.4990902859069e8, 9.269965950007288e8
8.115373515921754e7, 1.3175835457004057e8
8.447502661535794e7, 1.1714453522141697e8
1.1882522500236315e8, 1.514745238381388e8
3.366944483934547e8, 4.392398896455714e8
1.482531102317322e8, 3.4908313730294997e8
4.5910935504048055e8, 5.968252162901691e8
2.2228462083222637e8, 3.801542328676718e8
2.823629840237173e8, 4.7885466872080636e8
1.3206796268048584e8, 1.6996391863054955e8
1.4685290025535122e8, 2.3025829822331557e8
1.4495513999459112e8, 1.96748701672365e8
2.1139255912282357e8, 2.911985785113813e8
1.9957555396980903e8, 2.4837813552232516e8
1.389333919003978e8, 2.1523855777393115e8
1.8690161611914828e8, 2.9789434123307526e8
1.9626175107391974e8, 2.649306399539959e8
1.4062130393755162e8, 3.68970114259361e8
1.2029095054403734e8, 2.3235545084798998e8
2.0601701677436486e8, 3.6076985975166196e8
3.386326250230661e8, 4.046674887644959e8
3.41448207344996e8, 4.028067215695442e8
1.508072238596389e8, 2.3172777332703474e8
1.8410301882534215e8, 3.743036030647834e8
2.266798263342707e8, 2.743665860158997e8
8.725959790247828e7, 1.6011659407299668e8
1.7374361371411726e8, 2.2386013939315173e8
3.011223561876049e8, 3.7487746660922533e8
2.9434116791901594e8, 3.786939375353442e8
1.5000557332924843e8, 3.2502712679227495e8
4.09822386185016e8, 4.9543417371510994e8
2.804147079006702e8, 3.56437617246541e8
1.2702844171302383e8, 2.2696350960481355e8
1.174570231301352e8, 2.822142373053692e8
2.2075324918421274e8, 2.623679861292622e8
8.871320635725193e7, 1.7159845183786884e8
1.0063181114352208e8, 2.4859801844007674e8
1.556706404656144e8, 2.4822750339346257e8
2.3485191843487832e8, 3.1792314064958763e8
1.1527114576579441e8, 1.839993216564686e8
1.4352186962748012e8, 2.3795122914215556e8
1.1839421288449356e8, 4.287099391610624e8
2.28757976783299e8, 3.257175903057223e8
3.981850827169968e8, 6.487711193892233e8
1.754624831951046e8, 3.0336219866331524e8
1.5872960109086162e8, 2.6636741088988107e8
2.0580167703274018e8, 2.5375775365810147e8
1.0854404680752428e8, 1.5923790803377753e8
1.6637222804765743e8, 2.718332097639678e8
1.3253920405666746e8, 2.3405672878421813e8
1.0757518359067945e8, 1.7900373854901105e8
3.1584706963343954e8, 3.676207073503263e8
1.34744036874578e8, 2.391277050021327e8
1.4325519801278672e8, 2.0225409043361863e8
1.3286097169430889e8, 2.078104749337562e8
1.758178571431253e8, 3.023343523911112e8
9.476698142118002e7, 1.418146614614413e8
1.4444157142974406e8, 2.9787315972817284e8
1.6556672882606867e8, 2.2834630734405506e8
1.9768627628179148e8, 2.6293066478890866e8
1.2007064490046619e8, 1.6663838272992828e8
3.4424610158048165e8, 4.386515325921364e8
8.313444567288862e7, 1.4804094244924334e8
1.8918686791916227e8, 2.526675773434391e8
2.0681430980213267e8, 2.8195923379943216e8
9.60862060369802e7, 1.9860414490502748e8
3.820756735524263e8, 4.544046523996985e8
1.4327131009532508e8, 2.761971915189721e8
1.2285894002008505e8, 1.8133249843338394e8
1.385808676280836e8, 2.0422928247637433e8
5.494606996378012e8, 7.455121824244318e8
2.698771204026487e8, 3.74648607069449e8
1.35234643005845e8, 2.1819611949553716e8
1.2235368049749102e8, 1.8495982966043308e8
1.2755203417558369e8, 2.0120095315233025e8
1.54600924820669e8, 2.250061978165408e8
1.0196749924578921e8, 1.4326210876174966e8
1.6900457356539336e8, 2.3871169778474072e8
3.293501367398255e8, 4.34043435580813e8
1.322602232995794e8, 1.7928249441977045e8
3.751084333085334e8, 4.2659122762359154e8
1.6670950687079665e8, 2.710956304626477e8
3.810047480122907e8, 4.8276989671727926e8
2.110473548365111e8, 2.761890264239184e8
1.6946163002703592e8, 2.3749290497354722e8
1.5878753521077687e8, 2.167518264174342e8
1.8596419077749223e8, 2.5061715668073767e8
1.2699800909456065e8, 2.4499567642053595e8
3.692632289832099e8, 4.5485709838581806e8
1.2865181378074825e8, 1.884266462707605e8
9.4069725704177e7, 1.553719810791812e8
3.452581164905303e8, 3.9165440428313124e8
1.2991636234064703e8, 1.7355994531981057e8
2.705147788310134e8, 4.045719008915805e8
1.56012874726437e8, 2.4707132794505027e8
1.708590153204681e8, 2.1530626384819776e8
3.275284348194278e8, 3.761456027757618e8
1.898871912131969e8, 3.6848372150442195e8
1.2968885097647208e8, 1.8581868876139122e8
1.2775156042021307e8, 3.1325960470299107e8
1.8444852120369706e8, 2.6325642985746637e8
5.269210756957384e8, 6.88294743328896e8
1.287809160070472e8, 1.865115317814882e8
2.554370946601942e8, 4.5613776563552994e8
9.51192310690173e7, 1.441716073199583e8
9.989392360736531e7, 1.4644542160164058e8
2.011157540070468e8, 3.9621673324482006e8
1.9271852109886077e8, 2.4700093059769455e8
1.6216841086843202e8, 3.749987442812937e8
2.0456599718569404e8, 2.8897012319518906e8
1.1963937249836953e8, 2.4051288306521532e8
1.2635586510820593e8, 3.955908132881159e8
2.4911261890760314e8, 4.610060481171645e8
3.324919557903018e8, 5.227905066399942e8
1.5992652031181195e8, 3.649489457925462e8
2.693604376734146e8, 4.780694521941435e8
1.5117119991628215e8, 1.8841305690657425e8
1.6573236093377662e8, 2.3083372073421133e8
1.5186354965433624e8, 5.536614993785635e8
1.0704145127233084e8, 1.5896944782294467e8
1.610048259479354e8, 2.134290691747784e8
1.857194691827579e8, 2.8904509308138037e8
1.2963725437064601e8, 1.7913057406294006e8
3.111874859875216e8, 4.530527171910071e8
8.339218575000338e7, 1.41217058749643e8
2.572918238628625e8, 5.834515848781313e8
1.508930430971452e8, 2.5922016037032038e8
1.531324637616464e8, 2.511526325842115e8
2.2334002845351583e8, 2.992545233237747e8
2.495546081838679e8, 4.1097070282899684e8
1.881593549631935e8, 2.9984146486618185e8
1.7566837954962465e8, 2.861795897467633e8
2.079042096948065e8, 2.7380748347069585e8
1.5563183312178928e8, 2.713363585877037e8
1.0777905163811058e8, 2.1447667703030843e8
1.1305555395667775e8, 1.777084039083764e8
1.6679703547100562e8, 2.4641481539640388e8
1.1004011459489e8, 2.5821092977476427e8
2.6366679891108984e8, 3.720853975587868e8
3.1446566026388764e8, 4.348244035846545e8
6.758022164264591e7, 1.3946623176781738e8
1.5870629827795312e8, 2.7254010894563746e8
1.4812968680602336e8, 2.4099709184226653e8
2.085876616581091e8, 3.120392645190292e8
1.2955458194756114e8, 2.0145582203534895e8
2.2467493641750723e8, 2.982492130532563e8
1.5241235094092536e8, 2.4357191022524703e8
1.6806435312890333e8, 2.456148236560723e8
1.9846548553374076e8, 2.5213122430846217e8
4.141524731034335e8, 4.786095319806994e8
3.6448195807518303e8, 4.192517577379434e8
2.7826677907941014e8, 3.4717685083221245e8
1.606183838132563e8, 2.0252821791846344e8
2.0864103832780424e8, 2.429345388818814e8
1.3549911699742547e8, 4.9390735518200165e8
1.6752974920981708e8, 3.122371298872196e8
2.2309535777830997e8, 3.0420803770173985e8
2.5401915067782396e8, 3.6671109064524794e8
7.770403674959898e7, 2.0246207186918676e8
2.569190873870632e8, 5.660584697496668e8
1.173492092728236e8, 1.7980806047796074e8
1.7221930632658526e8, 2.46013949482845e8
1.0341719757180086e8, 1.7897284000305644e8
2.3555226107552838e8, 3.7068442954946107e8
1.879843642647756e8, 3.292914663283246e8
1.1032058392244454e8, 1.72790653168246e8
1.3360841433328946e8, 2.3329418557271013e8
1.9627962910176918e8, 4.998746086040098e8
1.7233536023720974e8, 5.603776984596198e8
1.1932344223506522e8, 2.007676663483e8
1.854765601593426e8, 2.879540413534972e8
1.4461823098564532e8, 1.910193044362887e8
1.6554512574564078e8, 2.2075157037839964e8
2.98695192898787e8, 3.924484409291694e8
2.5711730506751302e8, 3.373870862354483e8
1.8510983696096247e8, 2.8380151749421465e8
9.132219246097896e7, 1.685380986283091e8
2.2086980238530633e8, 2.6145722128156906e8
1.8977164023601627e8, 2.767346283872431e8
1.3401949150038879e8, 2.109136426236043e8
1.3483216759159e8, 1.9498146058421755e8
1.2600701285963964e8, 3.0697569649445003e8
1.6606561790923214e8, 2.3135261932799852e8
1.9722241957760406e8, 2.602386098564195e8
1.617448766128339e8, 2.2869916468847156e8
1.9833699301086077e8, 5.093387366945711e8
1.3600499913657984e8, 2.1813995316576937e8
1.3303037692949805e8, 2.0502506507378232e8
1.939775091094525e8, 2.6153359347871646e8
1.3139541553001314e8, 2.007682931936127e8
1.2695430863590954e8, 2.1296638952712435e8
1.4437194423935854e8, 2.5433555506914166e8
3.593816935539554e8, 5.636349137566818e8
1.810299828344337e8, 2.757721013544466e8
1.6199390203902763e8, 2.6224366486606166e8
1.770452621816702e8, 2.6579449487403885e8
4.468954137522242e8, 5.032838612225805e8
1.411747407090483e8, 2.1472065418401262e8
1.6537875183965024e8, 2.3520096415080085e8
1.3601470750044537e8, 1.950059035296057e8
1.751682184601696e8, 2.0462668505555043e8
1.9274123008002564e8, 4.655620355921814e8
1.7529322128497508e8, 2.224939662583396e8
1.6502632771495736e8, 3.534002218241192e8
1.3608369384622818e8, 1.8342760266125566e8
1.1081076251955132e8, 1.9085644856871197e8
1.5177303354551458e8, 2.0198845198238018e8
1.0682830962178534e8, 1.791544681717036e8
1.820113892511722e8, 3.3839116115213454e8
1.794175475268146e8, 3.6472774675779563e8
1.4718263025057134e8, 1.9757106212160134e8
4.309006136061907e8, 7.082876625908197e8
1.312896116670594e8, 1.887430610370073e8
2.2682325726353407e8, 3.5667221172658086e8
2.1357772320735738e8, 2.99052507034048e8
1.6629569353280115e8, 3.02444668539539e8
2.9312258014812124e8, 3.8633991464226156e8
3.8492403579244024e8, 5.890127614566098e8
2.4887850503514242e8, 3.918976740543676e8
3.327368516822421e8, 6.563753499338051e8
1.0801216235995583e8, 2.441136641178414e8
2.1144249979962632e8, 4.939907956977391e8
2.78982497948331e8, 3.9757878923264015e8
3.6871005898503363e8, 4.262892385093795e8
1.1917673737213834e8, 1.9894585083488587e8
1.9214633052124056e8, 2.3106509920900616e8
3.8527333918714464e8, 4.73911395888179e8
1.1890487965229067e8, 2.0815405748540664e8
1.609960762095266e8, 2.3614875847089258e8
2.9172726440614885e8, 3.588462480884193e8
4.1661494709131473e8, 4.7343942963107294e8
1.461995870170993e8, 3.055548097607045e8
1.2814215108345568e8, 1.6662845921631473e8
1.2835888362653348e8, 1.9172874323488793e8
1.2800444232481135e8, 2.9221154982855105e8
1.0000014602414681e8, 2.324790378962196e8
3.781751816299631e8, 5.0856388488722867e8
2.4809289558156335e8, 4.9409832170876366e8
1.3558816563178277e8, 2.0363045596867335e8
2.0111145966230777e8, 2.7392647557876736e8
1.3356478429115129e8, 1.7952483958957654e8
1.1342204225848655e8, 2.0547142060974926e8
2.85587059088175e8, 4.194741094396034e8
2.0130246823041955e8, 3.393036483688061e8
1.2513697577209166e8, 3.4918723493017673e8
9.613743384057045e7, 1.5684612482285133e8
2.1403266852084026e8, 2.8163539556452173e8
2.4790040279742056e8, 3.2433359552079475e8
2.4835773742651394e8, 3.2501743127205354e8
1.530483849652139e8, 2.0417884289436874e8
1.2420988473799856e8, 2.1447157318184602e8
2.1037460345240283e8, 2.6242650570021492e8
2.77279294037493e8, 4.067288688948822e8
1.2624943472960736e8, 2.379524551827594e8
1.9798487482561678e8, 2.5161990951862037e8
1.205493087137615e8, 2.3871335279582685e8
1.5282234404285428e8, 3.1518552492126626e8
1.4712191400238135e8, 2.0524832177552307e8
1.2394688064645885e8, 3.6534352438205373e8
1.5870793815270483e8, 2.1683422895006216e8
3.158161739804225e8, 3.629949449873011e8
1.2213150080189969e8, 1.6970073217877892e8
1.3507814986643913e8, 1.924841546567837e8
1.0767395618614526e8, 2.865930260958302e8
1.6004398023240125e8, 2.6648069592728245e8
1.6569128428780323e8, 2.3303523375771114e8
2.718665563220247e8, 3.5087845933733755e8
2.2830412829100502e8, 3.6062461568713176e8
1.3250427444985923e8, 2.4672427421145374e8
2.398419667121786e8, 3.749251888734822e8
1.0465478189888728e8, 1.8816758405128303e8
1.2172969715741012e8, 1.9707834460968512e8
1.2088399250299248e8, 1.7828815129042703e8
1.426836821923549e8, 2.0114324447349015e8
8.213210480652972e7, 1.786370578089494e8
1.4919271442431426e8, 2.4362461674700123e8
2.854470237475948e8, 3.595953571573642e8
2.6291008094113433e8, 4.0614870185027844e8
9.370252050842312e7, 1.6980789473105857e8
1.757769843803368e8, 3.278597714264724e8
1.4996118922270074e8, 2.0033650910091263e8
1.78496013270218e8, 2.951419132077318e8
1.0079734875935368e8, 1.900395861947102e8
1.6704746498801687e8, 3.05699110150602e8
2.2085995149952152e8, 3.050491915906013e8
1.2204437269464141e8, 2.4894503189987844e8
2.6324205142449403e8, 3.7062363016220987e8
1.7074653731185937e8, 2.728892590790047e8
1.2720158982046725e8, 1.7812240468081242e8
1.3019535937847733e8, 2.1306765296111253e8
3.3166336542220205e8, 4.1457045422744775e8
9.025612209741426e7, 1.935343403399068e8
1.799056383483268e8, 2.905811448983759e8
3.124985655195672e8, 4.334667935211826e8
1.2177667796495081e8, 2.0195773208518645e8
2.7065276062814444e8, 3.6464420519176835e8
1.2082342161208668e8, 1.6196939027280426e8
1.3383201429659708e8, 2.5796493899378094e8
1.487162468267783e8, 1.8606800461580822e8
2.491086576430872e8, 3.0367219591003954e8
3.408200962265878e8, 5.474406437962743e8
1.864703447847834e8, 2.22156026282143e8
1.3161781715102199e8, 2.5110564668822184e8
1.8439652813320795e8, 2.312037332669554e8
1.213053226118396e8, 1.9988295338651854e8
2.5102632122061545e8, 3.607568916487256e8
1.194637727847915e8, 2.774180205826202e8
1.2073626982329828e8, 1.6702811078178817e8
2.1123225925539038e8, 3.8594850310727495e8
2.2266819709284702e8, 3.1407811367746264e8
2.3996592990808704e8, 5.353784910502461e8
1.2436807777488485e8, 2.3494675886082724e8
3.058922703957691e8, 3.779871040710425e8
1.855064172409363e8, 2.524982270190508e8
1.1925535930796282e8, 2.073995173218756e8
1.6514128050176638e8, 2.1821899434846124e8
1.1610475272244875e8, 2.6126778660628211e8
3.481226632614691e8, 4.137093742499705e8
1.2065342224164896e8, 3.184535342587549e8
1.2882139065074939e8, 2.2694943557782304e8
1.919105052753978e8, 3.311624804492791e8
3.147514256355451e8, 4.628523226264701e8
2.5108956862138137e8, 3.849707223311976e8
5.852030537863334e8, 6.743661653634456e8
8.704269993556684e7, 1.9778237682105714e8
1.370771330740735e8, 2.026088793618552e8
2.1676138056481543e8, 2.6396198165908557e8
8.480081239228685e7, 1.9917140247250903e8
1.8168108780703008e8, 5.796195598012781e8
1.7347805030023035e8, 3.814874008274522e8
1.1960411890941572e8, 1.958200184395021e8
1.0090113594505255e8, 2.6004403509410745e8
1.688169985375116e8, 2.910856030416947e8
1.620383809201841e8, 2.943722260568509e8
1.4322737316510928e8, 2.653639859806795e8
6.040943548336476e8, 7.729479646144164e8
1.1664987080174726e8, 2.4630349720118526e8
4.993577578223065e8, 5.94769420728944e8
3.638128532959693e8, 4.521274403165592e8
1.231690441518781e8, 2.0875147133378473e8
1.8247956380123836e8, 2.8510148219975454e8
9.74291549925934e7, 1.9127934751226223e8
2.6162859338552257e8, 3.233084922545195e8
1.5615779382534716e8, 2.3151853089111933e8
9.947363945637155e7, 2.2462576689994687e8
1.5610228346344075e8, 2.0749600399093455e8
1.461839771953056e8, 2.4873919853247842e8
2.8032580823550016e8, 4.4352905983299875e8
1.6070025260930052e8, 2.7576637416126144e8
1.2426206557777607e8, 3.110646072793994e8
1.1935687209191138e8, 2.711881977186042e8
2.2691550458497468e8, 3.263869074581806e8
3.329346108995005e8, 4.237962952508643e8
1.5633582629693913e8, 2.4441833826942074e8
1.508981515351873e8, 2.1530059856212068e8
2.0387467106248435e8, 4.6961235422816026e8
1.5277096228155872e8, 2.2732047151091716e8
1.1416968854743643e8, 1.7691335302200076e8
1.411405797215152e8, 2.4590836629794288e8
1.1468750924299003e8, 2.3368280639488396e8
2.5143365147293633e8, 3.0255994787574804e8
1.4019093932846266e8, 2.6588782531968027e8
2.855267674509269e8, 3.495137444938981e8
1.590321554727447e8, 2.1689854689313075e8
1.1102841277391681e8, 2.1103871104726565e8
1.345667991341133e8, 2.4252960366114837e8
1.9872129922899818e8, 3.2785462889831406e8
1.1982419488894114e8, 1.680424315637221e8
1.448305618109171e8, 1.9730949069722846e8
3.0785309729221195e8, 4.2306268197644717e8
1.6350115360593095e8, 2.6048368202765474e8
1.5888862722191393e8, 2.6196453586156517e8
1.5885321354110512e8, 2.2174441843426698e8
3.2260881681967676e8, 4.0181859019918567e8
9.22711468830976e7, 1.8560036286165446e8
1.8269631762757266e8, 2.6353196183113807e8
1.3225522092293565e8, 2.2330662497829267e8
1.3508685183430585e8, 1.672259765715871e8
1.5666675095798165e8, 1.992224172456997e8
1.4482552019585788e8, 2.6892160980545115e8
3.10572784073034e8, 3.634591227695488e8
1.0650005982233453e8, 2.2497249138101515e8
9.649112241498958e7, 1.37199935926524e8
9.353533479476364e7, 1.4478038743289173e8
9.087943968133708e8, 1.002684898186399e9
1.9821731044360313e8, 2.583732078598892e8
1.0714555447607802e8, 1.617310873214615e8
2.679846910291724e8, 3.363806118284141e8
1.2944497681123473e8, 4.9084246454411185e8
4.4085146957765275e8, 6.16001831242842e8
1.9786952687119633e8, 3.0158431431121755e8
2.667560363806411e8, 3.5781537543154424e8
1.2063434973687103e8, 1.8717405301215044e8
1.8238139401141813e8, 3.2101187076710856e8
3.41201447563828e8, 3.760820272863998e8
2.1966365965196824e8, 3.058131404857844e8
3.24902417289507e8, 4.7371912706271523e8
1.8838583320135623e8, 5.2271719807647866e8
8.405862525522082e7, 1.6707973898526207e8
1.8097405672976658e8, 4.6053580792415583e8
5.566748466859503e8, 6.020731658596307e8
9.10145980301826e7, 3.0719995065967226e8
1.6057806932485303e8, 2.4137363603399733e8
3.1218259649035794e8, 7.110464065414044e8
1.854614228915155e8, 2.7150894265182793e8
5.320704485532669e8, 5.90810503416285e8
1.1897584833807124e8, 3.5841870925495106e8
2.7373093936462826e8, 3.6221498788411856e8
2.5875541758153638e8, 3.179085790611322e8
1.8124090134114766e8, 2.3803088107687646e8
1.020996697033201e8, 1.702496131164929e8
7.136119054991935e8, 1.1263555460486157e9
1.2123908143655095e8, 3.3590275629587734e8
1.4116061969130936e8, 2.6067085868880248e8
1.2454723333375987e8, 2.0462649111321065e8
1.512319490760251e8, 2.4815733214968628e8
1.6332674355148405e8, 2.6210522467376533e8
1.2282650627708793e8, 1.86624379205262e8
2.9669891407983893e8, 5.190251958557069e8
2.0183794279674536e8, 3.0233326445510215e8
4.058328047043718e8, 5.167137220924825e8
1.1667529924868125e8, 1.9330376340935275e8
1.4402244307915273e8, 2.4721967953264207e8
2.841195321402106e8, 3.9612610402017057e8
1.590473593909178e8, 3.8118531972071034e8
1.5094786935170752e8, 2.1597704753458107e8
1.2927264144879323e8, 1.9032052301399437e8
1.6462405787295666e8, 2.0284900568157825e8
2.018047143568679e8, 2.9037839347151256e8
1.2945908417233458e8, 1.8830501606424493e8
1.8056138844118398e8, 2.5118958302711686e8
5.488478881056573e8, 6.022138368464473e8
1.483758095008487e8, 1.961789501646606e8
2.7937455150505483e8, 3.212909481064677e8
1.54347324117886e8, 2.6647980090853503e8
3.615641361390743e8, 5.623600763511487e8
1.1308541969922537e8, 2.314436799120896e8
2.94833437149936e8, 4.8615501940758514e8
1.2598272214869815e8, 2.950639276740245e8
2.582701378264517e8, 9.134058713845865e8
1.2976872518899824e8, 4.372611683702686e8
4.143761909540301e8, 4.629155721914786e8
1.8657496921290824e8, 2.6985387441532725e8
1.3594630989045635e8, 2.1156212839263546e8
1.964801495059486e8, 2.9656855062669206e8
8.822952964024495e7, 1.4102054458276927e8
1.0518428419914474e8, 1.9133401203508276e8
1.0447903212158675e8, 1.882345018748616e8
1.7010709918952715e8, 2.140627036914607e8
1.5907974250227776e8, 2.3449538560600936e8
1.2653145235998298e8, 3.234364945147386e8
2.2907362337560523e8, 3.109807030220817e8
1.2328157851527847e8, 1.7524950306495088e8
2.4360917822390625e8, 3.028351839636426e8
2.3643754233905476e8, 3.118611758214915e8
1.5487680969319952e8, 1.914299141991542e8
2.403551184040531e8, 3.096165145426237e8
2.2227060874619108e8, 3.5550258831031275e8
9.431512958454798e7, 1.6275632326887986e8
2.1864068765061286e8, 3.701535435724439e8
2.088186432632542e8, 2.5004876335652086e8
1.108483213489018e8, 1.768333788898103e8
1.506414608944279e8, 1.853014753842098e8
1.3642326303063858e8, 2.361279183520685e8
1.2110631328729874e8, 2.2874406656588072e8
1.1805711913809818e8, 2.1058367076873463e8
1.7331797059578696e8, 2.908395044211826e8
7.132344929486046e8, 9.023174395551168e8
1.361531650830394e8, 1.9645514519749063e8
1.73686337930551e8, 2.790506041906388e8
2.0819392895021555e8, 2.6415707841927966e8
2.5005310250168055e8, 3.2404721485164744e8
2.7972410365861446e8, 3.376117492696971e8
1.5044836361644676e8, 3.3344522364682776e8
1.306715609649894e8, 1.7814404679562813e8
7.051929222934207e7, 1.3516233607075697e8
2.412622393186784e8, 4.703375605288004e8
3.951021660517895e8, 4.620708029420029e8
1.3491506208834597e8, 1.8932541263804203e8
4.509572204744514e8, 5.2722862374794394e8
2.2616146193818077e8, 3.352109395455746e8
1.88675073778147e8, 2.830371101341962e8
1.57365298139484e8, 2.3223207056339675e8
1.8916528401307565e8, 2.6180679918056947e8
2.968929386347262e8, 3.54424197575858e8
2.0315639180634636e8, 2.545148227919034e8
6.080382568389884e8, 8.287512436072503e8
1.0358890805049516e8, 2.1815158151702553e8
4.5222993930661273e8, 4.988182596472769e8
1.4664662441803843e8, 2.488855169163901e8
3.150858164867104e8, 3.9778354088839895e8
2.5818446792117792e8, 3.310830624614294e8
1.9007990303307742e8, 3.313451894042417e8
1.6367402727149746e8, 4.285619760775819e8
9.818919382858303e7, 1.3808268961030272e8
1.7491705898060322e8, 2.2962033980109927e8
1.529456913340829e8, 2.2772253125255364e8
9.451919909695466e7, 2.098097976845154e8
1.6618043085955483e8, 2.4224987662089503e8
3.084957755403789e8, 4.872127570438244e8
1.2379776189263158e8, 1.9492688838229296e8
3.349427600417584e8, 6.256285733403056e8
2.2257999712957773e8, 4.970473502115155e8
1.2434814333154044e8, 1.5314358849167964e8
1.311598111090926e8, 2.3634318183470672e8
3.0244925010190356e8, 3.787724456873861e8
1.4714296296610007e8, 4.626609405931671e8
1.3050320236812973e8, 2.0306844153371233e8
1.7128963100000274e8, 2.6387774566012576e8
1.4766965753626335e8, 2.1236105649480674e8
1.520425245032159e8, 3.4280595004248726e8
2.3399581594866812e8, 2.9475542604377663e8
5.499883340662547e8, 6.195994380711055e8
1.9687380659658688e8, 3.698844602033274e8
2.029670123657231e8, 2.882262419407302e8
2.0923299896560812e8, 3.540201432869435e8
1.6278661414559585e8, 2.470687983766117e8
1.8703690911724153e8, 2.4907599876161477e8
2.202907187606034e8, 3.5158429229291785e8
2.3134813384432298e8, 3.184344797065715e8
1.1984230604910967e8, 1.6573801028639665e8
2.047808428022108e8, 2.521835720094188e8
1.7397075905564296e8, 2.1638445797253656e8
1.7699317728977868e8, 2.3351003563381103e8
1.2107245745624071e8, 2.1295207750884444e8
1.7054436878575087e8, 2.5607422149755996e8
1.944759851142054e8, 2.8903590076645684e8
1.2123932830483693e8, 1.7767161513514754e8
9.501610914676294e7, 1.4381012962113914e8
2.148196358088431e8, 3.1839648466870123e8
1.466947621902214e8, 2.551267332218331e8
1.1019738160198812e8, 2.7593832593760395e8
9.89754217394915e7, 1.5232669278286886e8
8.686629302336238e7, 2.0172208441826788e8
1.592940508151887e8, 2.5092364490239853e8
1.6543007318655396e8, 2.3567068577286926e8
1.0386823549030273e8, 1.5262863478033933e8
2.2125950980253714e8, 2.6319576090469575e8
1.5416512151115316e8, 2.722058162246876e8
2.2554952978212062e8, 3.129275209148723e8
2.4472982086544058e8, 2.848781680658074e8
4.4759273241423124e8, 6.537698656491004e8
1.1832721954242247e8, 2.1156367377130178e8
7.836535062810627e7, 1.87101621253328e8
1.51706477924837e8, 2.0603648611178604e8
1.594703424216284e8, 2.2253100080226853e8
1.5834043275108224e8, 2.8101367234096813e8
9.766812284601617e7, 1.5619515229726282e8
1.452677871312511e8, 2.312410734317454e8
1.1515564043084827e8, 2.1881998133901343e8
1.89461383590687e8, 2.4647204476089674e8
1.680761413943994e8, 3.600968138480348e8
1.4354136883798409e8, 1.9003927523414257e8
1.0688476456980398e8, 1.8543312990662512e8
1.6903377784391004e8, 2.4197319432103974e8
1.4232158500900704e8, 2.9996389321810234e8
8.40606488800039e7, 1.57663407114759e8
1.3264109587196076e8, 1.6475253267592475e8
1.1687546469293551e8, 1.6894344133554748e8
1.385743718527974e8, 2.16378793117551e8
1.2785010748789142e8, 2.5666592607189238e8
1.3327533186908366e8, 3.212736152644501e8
2.866857228164936e8, 3.564353003950996e8
3.068548040619013e8, 3.9709762270819014e8
6.331131013004569e8, 7.596804691233509e8
3.9653002677516115e8, 4.433902109461108e8
1.870595110037492e8, 2.593367086477648e8
1.90847161829428e8, 2.4469355531547955e8
2.1577864173151296e8, 2.930687684513281e8
2.658904918917526e8, 3.3374847599291325e8
1.858136965595969e8, 2.658920391260511e8
1.1964605794160107e8, 1.7389653112361842e8
1.35135377969851e8, 1.9583748626093033e8
2.2750548768662205e8, 3.023275882917381e8
4.077967193991774e8, 5.067749963011807e8
7.935109322076097e7, 3.160499469691988e8
1.9233535817943305e8, 2.4980739272119862e8
1.8654790581366786e8, 2.6606602580925837e8
1.6112385474406424e8, 2.4632392105964825e8
1.4748511905282676e8, 3.7126339008342654e8
3.0165057366965747e8, 3.428639353142025e8
1.2159096790390833e8, 2.052451532274918e8
1.7860606590113574e8, 2.5980887057865304e8
4.2788580723696506e8, 5.627976282769638e8
1.2025858485693122e8, 2.6313789989438942e8
1.1230523139422369e8, 1.967749957514116e8
1.4568621699551052e8, 3.8546454633444774e8
2.1181708825370628e8, 6.258433434214357e8
1.3977008594576824e8, 2.9345127507856435e8
1.133428884255182e8, 1.813016580774879e8
1.5605679648492533e8, 2.462904905263942e8
1.3982790757868826e8, 2.3179951044987273e8
1.5864582958691353e8, 3.37735277275896e8
1.4778243171169648e8, 2.292834777602203e8
1.471752297075481e8, 1.9570560980868933e8
1.0406278717418528e8, 2.0610424985408863e8
2.5688478829568475e8, 3.2791671642437595e8
1.0717852661745869e8, 3.397376332131775e8
1.780270386705588e8, 3.197704064832647e8
1.0990156551587577e8, 1.7639396854155087e8
1.1277550043298982e8, 1.5888007135217398e8
1.0626871081809254e8, 1.4863982828783643e8
3.5035318264036125e8, 4.2946611594802797e8
1.1655531698816952e8, 1.4810955719565147e8
1.9321145851781827e8, 2.6702257007015854e8
1.3921655428789994e8, 1.9938161691487396e8
1.4279749228694898e8, 2.153564391091734e8
1.9920915617208004e8, 4.392109177311998e8
2.2136540544032055e8, 2.7053246459112227e8
1.2821497267221272e8, 2.1106862600335202e8
1.551495720901394e8, 5.609446131662598e8
1.2273382892123854e8, 2.2590021741014522e8
1.2392690071775453e8, 1.5471972598806047e8
2.7948376525104606e8, 3.558677717069999e8
1.5568268212882638e8, 2.781476218836537e8
1.781449373736928e8, 2.1971677978703022e8
1.1177805923212938e8, 1.9428392079476938e8
1.3808116177087995e8, 2.273570941815711e8
1.6512986330082792e8, 2.5392155575746015e8
2.0417137776678956e8, 2.96931722413058e8
2.5289713162891957e8, 3.2961053185754764e8
2.910858098340988e8, 3.716567844612259e8
2.0598979073217592e8, 2.4554077861930087e8
1.336296022650921e8, 1.7763494408311057e8
1.6331699543011653e8, 2.753699195021116e8
1.3536440319189194e8, 2.3537255759297898e8
1.3632224440377486e8, 1.7011709147716793e8
1.2921092608362609e8, 1.7862646563445976e8
2.067436059693066e8, 2.6599135257732928e8
3.0909523107705486e8, 3.673266613281407e8
3.149450186171245e8, 3.956151660021919e8
1.2192810569655254e8, 1.877768669390736e8
1.4945577672054523e8, 4.651772650415396e8
1.0723381199880905e8, 1.7182265235008556e8
2.828396908623075e8, 3.379816492919061e8
1.1886089663544846e8, 2.603668161254578e8
3.114505994853911e8, 4.121755449771673e8
5.698971559497336e8, 6.609883350550486e8
1.8091940270753196e8, 2.3635167098015806e8
1.5465297540308082e8, 2.2887391550438005e8
1.263350084256913e8, 2.1392782207750145e8
1.7015283333345124e8, 2.7767769437081295e8
9.744555350533703e7, 1.5955473314426163e8
1.5154819292909336e8, 2.893467445552671e8
1.7732515745139873e8, 2.5441945813582745e8
1.45597319837267e8, 1.8523637298182926e8
1.1403645491750838e8, 2.367904207719822e8
2.9669851042756253e8, 3.7633823401169974e8
1.1938676760035291e8, 1.8027456255930305e8
2.4013378657534206e8, 2.8992458668539494e8
8.420350934734951e7, 2.3902099643163794e8
1.286684959818942e8, 3.829586863531291e8
1.1619965221072327e8, 1.5088164643463707e8
2.23864843066912e8, 3.2969509846985954e8
2.3121560517027432e8, 3.0049762345911354e8
1.557935544898793e8, 2.3083149360534188e8
1.5307345579405186e8, 2.0416183426025292e8
1.1530586433797173e8, 2.4367159678363273e8
3.43227342957026e8, 4.3060741389387393e8
1.0998567533358365e8, 1.8415514198603183e8
1.2828036767235619e8, 4.834398589269764e8
2.0373203544550037e8, 3.090191964467883e8
1.5576400554944968e8, 2.1279307189058822e8
3.6024139371312433e8, 4.844920136863923e8
1.4151667170118052e8, 2.3111255686464563e8
1.4545125265836114e8, 3.26981911205261e8
1.5125469467347452e8, 2.057039853484595e8
1.7284921787884822e8, 2.2324585622044092e8
1.4915896334798282e8, 2.5392542781353995e8
1.6962979025179985e8, 2.19095146394802e8
1.3992435500612274e8, 3.0625283654430526e8
1.938888265099002e8, 2.6195481665170184e8
1.7022024624101308e8, 2.513459762996919e8
2.2023803963195083e8, 2.8457772625629807e8
2.216189236897348e8, 2.6096595653849578e8
2.6235506105576226e8, 3.5393162762561613e8
1.2768538805968435e8, 1.9348071862176657e8
1.3121035806253892e8, 1.798387485293296e8
2.373893722916108e8, 2.936404612219269e8
1.5244823281408796e8, 2.032258965480379e8
1.4931420139098218e8, 2.2593879524383953e8
2.0465624870960215e8, 2.879931576147685e8
1.1977479927368988e8, 2.241050066126019e8
3.388989351752375e8, 4.490179826989884e8
4.494458633518927e8, 5.369799561918733e8
2.2513911959173113e8, 3.2055837512763774e8
5.922716791378254e8, 9.509859240924397e8
1.1324693085766709e8, 1.7680254999550775e8
3.1503545532790065e8, 5.658237436712489e8
1.2968584943593675e8, 2.0406073027606842e8
1.5356236855332544e8, 2.1726198805867854e8
1.6441389669310865e8, 2.6443533150964198e8
1.938776940590945e8, 3.08875679466551e8
1.779934339871595e8, 2.709779581258209e8
2.1983636211124384e8, 5.147753310284808e8
1.1823671121099779e8, 1.8049542170398962e8
1.6839679453791636e8, 2.1021178487224624e8
1.7858719824732575e8, 3.599226321136288e8
1.6885563635408112e8, 2.73319709584255e8
1.2779450425085315e8, 2.469750622476295e8
2.9458005854507935e8, 4.124129449689712e8
1.631250809396286e8, 2.4554327394877687e8
1.1848795387330984e8, 1.742881838684275e8
1.3929850941319683e8, 2.1467298766244397e8
1.8212308251584408e8, 2.693112952118453e8
1.5890359084752524e8, 2.734915477556347e8
1.3747146922043568e8, 2.4374333043447447e8
5.612576635127654e8, 6.166726088567765e8
2.6235047379937962e8, 3.300005769604813e8
1.5553325152766544e8, 2.3569464367387623e8
2.783207471753018e8, 3.23179129208339e8
2.719498523788674e8, 3.429393824233928e8
1.8019310625731683e8, 2.5776377784199944e8
1.10854564594312e8, 2.055647400636721e8
1.025809870446871e8, 1.263174470056409e8
9.717291842061058e7, 1.3235290866445972e8
1.6803699476811665e8, 2.0063908549087253e8
3.8894348902431405e8, 4.543665938580941e8
2.5106018088912967e8, 3.4836664175724506e8
3.204793697773567e8, 4.8475902525448173e8
1.0623847382844138e8, 1.3912400406960562e8
2.2507209982523182e8, 2.7558539833675414e8
1.7821308307758743e8, 3.742646011030275e8
5.714436632605017e8, 6.270395622902918e8
3.0792676997745174e8, 4.8868371345669204e8
2.233439418479596e8, 2.902070909605418e8
4.0179850530848086e8, 5.196598436530513e8
1.0242515506739694e8, 1.8640626698165226e8
2.5342735847993895e8, 3.521786650726806e8
2.5848646162731233e8, 4.283744858051728e8
5.870878094144237e8, 7.297598821162498e8
1.7610811656586322e8, 3.194003854769661e8
1.6313002212825215e8, 2.344503445461084e8
1.2503974691918404e8, 2.2881981462407842e8
1.685429746299758e8, 2.077306768919112e8
2.0374376201945347e8, 3.6633756625367683e8
1.3964028815887937e8, 2.633905291458407e8
1.3583772643386847e8, 2.4039051350383487e8
1.5852487558342195e8, 2.1920105450716013e8
2.234463749207778e8, 3.5149290675291014e8
1.6031533621892783e8, 2.936079328893916e8
1.643225955484731e8, 2.3207749581788775e8
1.976662499765326e8, 2.8106000452826756e8
4.14486594524977e8, 6.555875894513371e8
9.052237616868787e7, 1.3867622458276415e8
2.64977789838376e8, 3.2092727661764437e8
1.9318487531252572e8, 2.696472048422392e8
1.0122713000456403e8, 2.0995747452479136e8
2.1573630811428723e8, 2.626523227088103e8
1.4772388014919397e8, 2.054913054565245e8
2.5009771509798175e8, 3.0900595575465477e8
1.5900597174401632e8, 2.1744412442242265e8
9.318578602777684e7, 2.0842975366773808e8
2.0813224884896562e8, 2.5235164685571057e8
1.8328117518666536e8, 2.6332570565713838e8
1.7207668472931653e8, 2.4767475947737083e8
9.838892689802438e7, 1.553977632609973e8
1.272014037273042e8, 2.123239541217205e8
1.557811836151066e8, 2.2559488304618677e8
4.004198474249761e8, 6.782120705604441e8
3.9314402004032475e8, 7.002202521012044e8
1.0505153910737462e8, 1.9291735359250546e8
2.1937668006999248e8, 3.111328815084276e8
1.67077654167137e8, 2.869905065965546e8
1.8178368027331787e8, 4.002630244688781e8
1.5907191670000872e8, 3.454658182783205e8
3.5676935446960473e8, 4.558863382234879e8
1.504830833979173e8, 2.40658855392321e8
1.1381147725234148e8, 2.241784149675509e8
2.0600980733052838e8, 3.169733708577231e8
1.2117746791493212e8, 1.9847745563920897e8
9.273141902876541e7, 2.2026132673063934e8
9.78539702641554e7, 2.1404725435233295e8
1.5559863463981336e8, 2.2240024277306998e8
1.1582552746062969e8, 1.6254480493008724e8
1.7706716249845544e8, 2.228871631964003e8
1.5184966085575745e8, 2.4724206029667208e8
9.478796613011814e8, 1.1624642810814743e9
1.8301678865035748e8, 2.903609191650089e8
1.6649382104684773e8, 2.2718280636213508e8
3.322138710021066e8, 3.933086529977806e8
1.7111071240043485e8, 2.3320390415041727e8
2.2862343155356413e8, 2.8798904234635514e8
4.5747824861192626e8, 5.608738882798222e8
1.1931209323755142e8, 1.9953862155362153e8
9.969095371611223e7, 2.0678850987060487e8
1.4429635611987707e8, 2.906758698081049e8
2.2607514667192546e8, 3.778281480759338e8
1.1724262169564171e8, 1.5910561883245248e8
2.4179188142977569e8, 3.573801946213354e8
1.2486257229096888e8, 1.940416309201687e8
1.9419960758109087e8, 2.4296997984539455e8
1.8942710545432386e8, 3.139725297653366e8
1.0971130209849598e8, 1.9206395698948044e8
1.6205877883932024e8, 3.4347564682253706e8
1.88664960802525e8, 2.4805625207499808e8
2.070682772992073e8, 2.596435973587283e8
1.3527149269530758e8, 1.706330194701284e8
1.9148716687988025e8, 2.9701978671325976e8
1.3457732131283748e8, 2.0056565930789304e8
9.092163039160138e7, 1.7365164202132845e8
2.6961665884193784e8, 3.9443890635784584e8
1.7083443969930992e8, 2.3387421901407486e8
1.3171794373318732e8, 2.09555072111856e8
1.2874969495881543e8, 2.3711045026072595e8
2.4093634783584258e8, 3.2965621190955985e8
2.4635472187843582e8, 4.706315071462793e8
1.6491414172509167e8, 2.5908745434481624e8
1.2559124641297208e8, 1.759417221802138e8
3.6773103680905336e8, 5.3938022448423e8
2.1377183902344918e8, 3.047503953904759e8
1.3760697110301843e8, 4.7817620244668967e8
1.2978801840694089e8, 1.796864128474134e8
1.8188568499669242e8, 2.376297698101993e8
2.6319249206466895e8, 3.899348280641289e8
1.937456037753614e8, 2.5254901558169356e8
2.183046063727288e8, 4.255411444405585e8
1.4731403329899406e8, 2.215077586505115e8
1.0849654599501264e8, 2.1662675901133016e8
1.186733190806793e8, 1.7403376751454347e8
1.3646741171349415e8, 1.871959379434063e8
1.7136085807031468e8, 2.2650632739151993e8
2.4736708918866438e8, 3.3585781263400674e8
1.2968246146992159e8, 2.9113255761320233e8
1.4287324047151595e8, 2.3229537805436584e8
1.3596679427405298e8, 1.876034632525255e8
3.494896392870952e8, 4.4668608308354634e8
1.1548584389160591e8, 1.6976569150440186e8
1.4749307645034385e8, 2.3231482833651334e8
2.2134638866237321e8, 3.448517722531654e8
1.5578377864868474e8, 2.1181472736228594e8
9.84554499793543e7, 1.9846025356103882e8
1.2836031017912267e8, 2.341874865737956e8
1.2940461257034133e8, 6.329798747738427e8
4.103356839416504e8, 4.526459477652519e8
1.5598104067425436e8, 2.1504720802713177e8
3.2063866306088823e8, 4.160000707883145e8
1.25549940201317e8, 2.3019823885834137e8
1.254223132498906e8, 1.937402128175868e8
1.2384050511482602e8, 2.437872992413078e8
1.4083277204444122e8, 1.8147972885030928e8
1.6787908199308977e8, 3.579272283936903e8
2.515645058509766e8, 3.0668477127271575e8
1.3378199331564853e8, 2.021517177196532e8
1.5360388298454854e8, 3.066398254379136e8
2.8680379545804006e8, 4.006774921029581e8
1.1362084394993572e8, 2.5613503358830094e8
1.3798806666513884e8, 3.1865241441413057e8
1.945541665556221e8, 2.5683785760256252e8
1.101469898988216e8, 1.671981574564783e8
1.3010567723494081e8, 2.3111784306034672e8
2.202837408017555e8, 3.277412221929851e8
1.8683934294849277e8, 2.538048407334184e8
1.527174592492761e8, 2.4346177652024785e8
1.9425458595721844e8, 2.929628890567793e8
1.4492149484615797e8, 2.253649291803457e8
1.4847773741002113e8, 2.0584911254942292e8
2.503998920327153e8, 3.9561243278834534e8
1.724329151414736e8, 2.1804553355205527e8
3.030993774133176e8, 4.637483731686697e8
2.975260607448804e8, 4.5314393740271324e8
1.1897954345340945e8, 2.5207474512326455e8
1.6066163747307497e8, 2.023935774480069e8
1.1423631272203031e8, 1.4317451618955597e8
1.4422258786556023e8, 2.1439217105783632e8
4.661357598554551e8, 5.76994018067734e8
1.5860532685998076e8, 2.323374199167349e8
2.941295745004388e8, 4.663461844630111e8
1.3052095491711287e8, 1.831080657891648e8
9.953529588345514e7, 1.4793195157884637e8
1.7634535541866967e8, 2.612593978980657e8
1.1622128271296142e8, 2.0910155561772272e8
1.797228190134839e8, 2.548990916077204e8
1.2519538366471626e8, 2.729771197410374e8
1.673951556762437e8, 2.1830629723500302e8
9.668651930018209e7, 1.7864004148007116e8
1.1577740823285362e8, 1.8826817429467866e8
1.4001692082674706e8, 1.917011246451436e8
1.6473332214064527e8, 3.083124495117409e8
1.3278419897111128e8, 2.4172270086707738e8
1.1134835831089081e8, 2.876367183128894e8
2.571220401474904e8, 3.624944435375317e8
4.453941422194852e8, 5.201556861794993e8
1.2986179385449821e8, 1.9047816272471735e8
1.097408104976772e8, 1.6781009654506075e8
8.81587064075221e7, 1.989029620602259e8
2.2732938564137772e8, 3.099104860391843e8
1.7779833865470922e8, 3.046448703644766e8
1.7785326287242147e8, 2.803417443431129e8
1.9591808987679905e8, 3.611101885252886e8
3.3118133890021217e8, 3.820683262406845e8
1.580862455428006e8, 2.0681719441345736e8
1.711558377635154e8, 2.64501208762528e8
3.597811334654551e8, 4.077384051975429e8
1.3967929552837953e8, 1.8919266835324237e8
1.2334585426143578e8, 1.6063663328464437e8
1.5905529014867446e8, 2.5275282356236163e8
1.4774209196323952e8, 2.934569729755321e8
1.9836499961413848e8, 2.4434685554791385e8
1.6426748042114642e8, 2.1105379982217312e8
1.1761648106624657e8, 2.420271292430133e8
8.612634239931425e7, 2.241524602774999e8
1.3058202058906223e8, 2.552887913346426e8
2.3344025486636728e8, 3.1678021731438446e8
1.2660040403166962e8, 2.6967819949638987e8
1.3194532679805146e8, 4.311723258401346e8
2.047829624207826e8, 2.7935514976604134e8
2.0282390020006916e8, 3.844953548185169e8
1.607276714129427e8, 2.280441514473688e8
1.2081536188357228e8, 2.629824641632232e8
1.155514825756824e8, 1.796637277247387e8
1.327532287812078e8, 3.9346118558082396e8
1.2868283385767463e8, 2.1171110633831015e8
2.6620507888260144e8, 4.1615070840955526e8
1.5012970816271093e8, 2.4965236956499115e8
1.0989091731144291e8, 2.8039686658978295e8
1.4163323816116706e8, 1.8868266607892978e8
1.1642375535609305e8, 3.7729956068722045e8
2.027195794315086e8, 3.0831620578500515e8
2.0479861556800076e8, 3.770130024140388e8
9.063640147754623e7, 1.194611974496788e8
1.9115822759621778e8, 2.884490552042591e8
1.5039018980973622e8, 1.9652625155616057e8
1.355625523301758e8, 2.2097947366079995e8
3.593283463571923e8, 4.8811315711018175e8
1.2473933158593877e8, 1.874763243851628e8
1.1374103881987676e8, 2.0143840724455962e8
1.186516810440822e8, 1.7369993137653816e8
2.0058855348405823e8, 5.561802284402173e8
1.6048694949073407e8, 2.1661595026007602e8
1.2586656628797974e8, 3.6784631381162256e8
1.2663103738962068e8, 1.9395527686364138e8
2.1225754164837465e8, 5.743676951288592e8
2.2527886368152365e8, 3.2395434098796296e8
1.656761721385604e8, 2.853178431854247e8
2.9817926881070024e8, 3.9192249772606987e8
1.8195348764541337e8, 2.2244128190098277e8
1.315527231929296e8, 1.8249987972150695e8
1.0141733235090418e8, 2.007203050367445e8
1.2498863782873115e8, 2.319163249668481e8
1.367494022448558e8, 1.931579619031814e8
3.239183012902098e8, 5.365658970405215e8
1.6887364507284847e8, 2.333462525408472e8
1.395141381643373e8, 2.1962016807234138e8
2.1609999672128198e8, 2.9278313058084506e8
8.840058665351123e7, 1.99823112598618e8
1.4004968255522263e8, 2.0160130805358827e8
2.0848197417179316e8, 2.6493161437825996e8
1.4569130179114833e8, 1.9524595140828058e8
2.3596338624511504e8, 2.713877905593319e8
1.4731326538008264e8, 1.9573347350358355e8
2.6780600106257933e8, 3.276063542584806e8
1.1706658052159758e8, 3.56364332097256e8
3.8127245407325566e8, 4.921317395324766e8
5.3495790899305034e8, 8.69137051586828e8
9.798789229822032e7, 1.5570413279852128e8
1.5952479979889446e8, 2.958384316677062e8
3.264959720507746e8, 3.975215668427868e8
1.4405504726541737e8, 2.3741779079466444e8
1.3743058945666152e8, 2.0519787419136456e8
2.098261041886481e8, 2.562973393725117e8
1.3370861092089362e8, 2.4151220932229623e8
1.8600729303612322e8, 2.4890384451689693e8
1.633515143085455e8, 2.45830118158787e8
1.8444600984691155e8, 2.4294847503187767e8
1.9295329609886608e8, 3.120760196182436e8
1.1775440179842222e8, 1.7608451344767445e8
1.7466068634194195e8, 7.417092577776473e8
1.4951386281808102e8, 2.3745883037396264e8
1.3239653420030612e8, 4.534077758184154e8
1.341085403473349e8, 2.3781359463267794e8
1.5910321630130288e8, 2.018183042611381e8
1.1865648715127867e8, 2.0240974123074666e8
1.443002855580709e8, 4.181729228593264e8
1.8150512919415212e8, 2.3838254834825057e8
1.2011993786951917e8, 1.8519191929791844e8
1.792417043590068e8, 2.5602233874684113e8
1.5496817479311234e8, 1.8561909380656856e8
1.6266504628754133e8, 2.48814255262914e8
1.9728436727809504e8, 3.1057159366083026e8
1.1477893243490814e8, 1.8525735803283134e8
1.2983452544678175e8, 2.1268480222412154e8
2.5195229881321123e8, 3.23122308611481e8
1.4363708200151774e8, 2.522230983540819e8
