(1,87560.79)
(2,113242.18)
(3,134329.5)
(4,140778.41)
(5,138107.98)
(6,130129.66)
(7,118323.09)
(8,103390.93)
(9,87936.04)
(10,74420.58)
(11,66071.73)
(12,70512.15)
(13,91241.22)
(14,113167.77)
(15,129919.7)
(16,134126.27)
(17,130340.92)
(18,122752.08)
(19,111636.84)
(20,97895.52)
(21,84648.43)
(22,73167.04)
(23,66316.85)
(24,72948.17)
(25,93863.14)
(26,116504.79)
(27,133991.59)
(28,138088.45)
(29,135056.0)
(30,127058.47)
(31,115119.07)
(32,99605.74)
(33,84947.49)
(34,73525.73)
(35,66318.96)
(36,73083.64)
(37,94823.44)
(38,117579.32)
(39,132517.16)
(40,135181.74)
(41,130894.4)
(42,122889.32)
(43,111330.21)
(44,95952.38)
(45,80928.87)
(46,68572.69)
(47,61493.63)
(48,67930.81)
(49,88346.81)
(50,112895.0)
(51,132203.17)
(52,137760.08)
(53,135257.72)
(54,127862.98)
(55,116568.06)
(56,101688.21)
(57,86817.33)
(58,74207.41)
(59,67112.59)
(60,73339.77)
(61,94389.57)
(62,117962.13)
(63,135859.46)
(64,141091.01)
(65,137726.51)
(66,130559.76)
(67,118850.97)
(68,103357.87)
(69,88421.68)
(70,75268.01)
(71,67699.19)
(72,73727.67)
(73,94564.24)
(74,117444.06)
(75,135008.49)
(76,140082.91)
(77,137959.66)
(78,130238.25)
(79,117935.38)
(80,101648.29)
(81,86178.75)
(82,73527.06)
(83,67192.03)
(84,73511.88)
(85,94667.47)
(86,119286.13)
(87,138470.28)
(88,144373.62)
(89,141806.85)
(90,133618.11)
(91,121414.56)
(92,105466.59)
(93,89559.72)
(94,76952.55)
(95,69095.77)
(96,75069.62)
(97,95849.34)
(98,120258.86)
(99,138699.25)
(100,143313.13)
(101,139493.03)
(102,130730.14)
(103,117747.2)
(104,100605.83)
(105,84280.7)
(106,70083.46)
(107,61501.49)
(108,65827.27)
(109,84458.89)
(110,104613.1)
(111,120917.69)
(112,123108.93)
(113,115057.06)
(114,102254.97)
(115,85629.1)
(116,65200.23)
(117,45118.03)
(118,27839.66)
(119,10563.48)
(120,10041.07)
###################
(1,65176.07)
(2,67891.02)
(3,72444.35)
(4,71137.98)
(5,64889.18)
(6,57315.62)
(7,40570.54)
(8,18648.23)
(9,1641.38)
(10,0.0)
(11,0.0)
(12,68.14)
(13,12511.39)
(14,23262.4)
(15,26821.22)
(16,21702.1)
(17,21775.07)
(18,18675.67)
(19,6930.12)
(20,740.54)
(21,0.0)
(22,0.0)
(23,0.0)
(24,333.45)
(25,11149.21)
(26,18406.04)
(27,25666.25)
(28,28886.17)
(29,29309.51)
(30,23785.41)
(31,13554.88)
(32,1025.08)
(33,0.0)
(34,0.0)
(35,0.0)
(36,0.0)
(37,13076.89)
(38,17734.53)
(39,30542.32)
(40,27118.75)
(41,33435.61)
(42,32744.75)
(43,22471.88)
(44,8888.06)
(45,548.18)
(46,0.0)
(47,0.0)
(48,0.0)
(49,11540.72)
(50,15819.92)
(51,28793.33)
(52,28359.32)
(53,31444.24)
(54,30448.41)
(55,17911.53)
(56,11274.43)
(57,2906.14)
(58,0.0)
(59,0.0)
(60,857.36)
(61,12441.58)
(62,18340.47)
(63,23520.55)
(64,26342.1)
(65,28311.77)
(66,27638.49)
(67,17386.01)
(68,3889.15)
(69,0.0)
(70,0.0)
(71,0.0)
(72,1476.94)
(73,11540.72)
(74,20038.41)
(75,27151.64)
(76,30371.57)
(77,41591.25)
(78,39224.88)
(79,26582.19)
(80,12690.57)
(81,779.58)
(82,0.0)
(83,0.0)
(84,2722.02)
(85,13672.09)
(86,22066.78)
(87,27410.68)
(88,23794.2)
(89,24775.96)
(90,21438.99)
(91,15113.72)
(92,8821.74)
(93,1203.8)
(94,0.0)
(95,0.0)
(96,3868.27)
(97,14348.67)
(98,23177.36)
(99,30653.84)
(100,33873.76)
(101,41113.04)
(102,39972.72)
(103,28500.3)
(104,19129.5)
(105,7473.51)
(106,0.0)
(107,0.0)
(108,857.36)
(109,11540.72)
(110,16890.65)
(111,27082.84)
(112,21548.76)
(113,24649.91)
(114,25864.53)
(115,18950.33)
(116,11652.58)
(117,1532.48)
(118,0.0)
(119,0.0)
(120,0.0)
###################
(1,114058.37)
(2,155406.36)
(3,197896.99)
(4,200717.6)
(5,200717.6)
(6,200717.6)
(7,194546.14)
(8,181656.81)
(9,168626.77)
(10,156645.8)
(11,151846.04)
(12,164690.05)
(13,183364.31)
(14,200717.6)
(15,200717.6)
(16,200717.6)
(17,200717.6)
(18,200256.08)
(19,194142.86)
(20,182825.68)
(21,170127.32)
(22,158229.74)
(23,146097.56)
(24,154488.59)
(25,178564.0)
(26,200251.52)
(27,200717.6)
(28,200717.6)
(29,200717.6)
(30,198461.85)
(31,190979.82)
(32,177984.62)
(33,167365.01)
(34,158857.99)
(35,153088.15)
(36,161350.94)
(37,176999.7)
(38,200357.51)
(39,200717.6)
(40,200717.6)
(41,200717.6)
(42,200059.06)
(43,193042.26)
(44,180346.63)
(45,162790.33)
(46,154277.88)
(47,138520.93)
(48,149619.75)
(49,174538.79)
(50,198318.45)
(51,200717.6)
(52,200717.6)
(53,200717.6)
(54,200717.6)
(55,193884.26)
(56,182512.63)
(57,169606.4)
(58,158264.69)
(59,152163.98)
(60,160777.03)
(61,174488.43)
(62,199177.19)
(63,200717.6)
(64,200717.6)
(65,200717.6)
(66,200589.15)
(67,192560.26)
(68,178316.25)
(69,163797.34)
(70,153247.95)
(71,146153.19)
(72,153589.99)
(73,173918.25)
(74,198121.92)
(75,200717.6)
(76,200717.6)
(77,200717.6)
(78,199560.21)
(79,191467.61)
(80,173892.59)
(81,161291.37)
(82,150292.63)
(83,140327.17)
(84,151096.42)
(85,172621.54)
(86,196825.2)
(87,200717.6)
(88,200717.6)
(89,200717.6)
(90,199660.28)
(91,191922.01)
(92,177796.64)
(93,166014.75)
(94,153170.98)
(95,143091.97)
(96,152115.94)
(97,168876.34)
(98,193474.46)
(99,200717.6)
(100,200717.6)
(101,200717.6)
(102,197227.94)
(103,185866.99)
(104,168227.1)
(105,150427.96)
(106,137815.29)
(107,127365.33)
(108,129392.61)
(109,151120.08)
(110,176347.11)
(111,197704.02)
(112,199078.86)
(113,189088.16)
(114,170369.42)
(115,150126.15)
(116,126584.8)
(117,102063.03)
(118,82278.64)
(119,39155.16)
(120,43516.04)
###################
