2.0702187351227415e8, 3.243850484464438e8
2.4187097367149615e8, 3.4527431620473665e8
1.518647525783208e8, 3.126152082046885e8
2.3678396308247334e8, 3.06915381852288e8
5.471896959172666e8, 6.944606904559467e8
1.6522738811200747e8, 2.5383318954690778e8
1.1682114875486498e8, 3.004685589632031e8
3.8877329126187295e8, 4.7322859422960573e8
5.3455290157315797e8, 5.939436829192301e8
1.5287961117011905e8, 2.2318112215603703e8
4.8723638125994915e8, 6.13706269535241e8
1.6257354591597092e8, 2.3267968544029927e8
1.4815365900684786e8, 2.3838651109865648e8
4.0238857605672777e8, 5.98209769146482e8
1.9419672688820654e8, 3.683511238802189e8
1.2617873613634692e8, 2.1269407478196245e8
2.2355736709215122e8, 3.8494424181147575e8
1.6057213102823618e8, 2.316682321836007e8
1.9785550471597898e8, 3.075944972122767e8
2.805398729764641e8, 8.374373861860296e8
2.3306554473652846e8, 3.0822941856991804e8
1.3360663846390997e8, 2.098564063695687e8
2.476086117924361e8, 5.705698384844631e8
1.2631668962075882e8, 2.8886013914877456e8
2.5282721981475607e8, 3.0767313672687495e8
5.518304970997969e8, 6.213675254707007e8
1.3396112864311643e8, 5.097761974355734e8
1.9955459795082992e8, 2.725297421034159e8
2.050566740472738e8, 3.454943201523528e8
1.9347242341924986e8, 4.31627013160191e8
5.494198241709845e8, 6.635139504795371e8
2.5932662198472586e8, 4.49818049226789e8
1.4746843211853462e8, 2.3227534241054416e8
1.4345698951166657e8, 2.1868915005418175e8
3.9430147383949876e8, 1.0858949108810735e9
1.4992748575871098e8, 2.249047649108025e8
1.6156087853357843e8, 2.2305514671973345e8
1.62972220051633e8, 2.3063309673537555e8
1.0924392046704064e8, 2.001861180068563e8
1.0887723112539014e8, 2.2009615648276109e8
2.3259661266594416e8, 3.924787267942896e8
2.132609345441611e8, 3.0016137921785325e8
1.1097610710010667e9, 1.1843329340245202e9
4.443408360223609e8, 8.902503513561131e8
9.690833077386725e7, 2.546879931217281e8
1.5221261288489616e8, 2.5859249492926028e8
2.0576680661445808e8, 2.8825993787675303e8
1.6284853315697712e8, 2.670883482524449e8
1.5567604482704628e8, 5.71064228169616e8
3.7732787624270046e8, 4.337546371333734e8
5.297887522607243e8, 6.424651425489007e8
2.4481144830790704e8, 3.280065514969934e8
2.3754804772764647e8, 3.263958291546797e8
2.3484038242914757e8, 3.357479468412125e8
1.2003081200076166e8, 1.8242043996699706e8
1.6883491988713905e8, 2.926340834221167e8
1.4084022903069952e8, 1.834315554470184e8
1.5944941820032513e8, 4.477505806851597e8
2.5355810063462454e8, 6.868125948753672e8
3.09171684610658e8, 3.55207696086363e8
1.2891752458382781e8, 2.178012611029028e8
1.1962708236344616e8, 2.2398200299754792e8
1.3438634771071717e8, 1.82996292906273e8
1.7143154217484874e8, 3.857355100446083e8
2.5901352177203673e8, 3.920336602695332e8
1.3234848753563817e8, 2.1915391317889696e8
3.165274416609898e8, 4.350838182763602e8
2.0455320477136534e8, 2.7901842094308996e8
1.787611694969106e8, 3.33739044714021e8
1.716411935261136e8, 2.4331452330689433e8
2.2656231052370176e8, 3.140840292224251e8
4.696637321019587e8, 5.719758190849905e8
2.8446923473475045e8, 4.1818358414979523e8
1.4458683427946454e8, 2.1446193442857468e8
3.108551162214876e8, 4.224029521339592e8
1.401171815923017e8, 1.924755810302837e8
4.862057637917995e8, 6.675384227488525e8
1.403372530857362e8, 2.1191210633477214e8
2.2118171757989603e8, 4.6805122785477245e8
1.2979648810450667e8, 1.862796200010848e8
9.442114843957433e8, 1.0399470900968025e9
1.813027647299981e8, 3.042370800553252e8
2.21234589004152e8, 4.6767489232030296e8
2.7710696971449476e8, 3.864279450153366e8
2.828746295132377e8, 3.4093404705573815e8
2.400885353547906e8, 3.212933914195497e8
4.261619819263076e8, 4.967841900745493e8
1.0970135088666707e8, 3.5810697530124164e8
2.56634528239906e8, 8.111441972680495e8
2.1209238436883348e8, 2.8886486619606435e8
1.423479857785356e8, 2.5471358962843186e8
7.417956727348233e8, 8.961097051959398e8
1.670854050190158e8, 3.281928219150741e8
1.2207358028672001e8, 3.712359671793518e8
2.2079563511095452e8, 2.841715094601324e8
2.6262637299184918e8, 5.476407980969288e8
2.3636409172963902e8, 3.7917720179355043e8
1.665248272798883e8, 2.3495314061335447e8
2.5362399164994958e8, 3.3222136740646684e8
5.09006319257002e8, 6.191970111390429e8
1.916554656516152e8, 3.6189813373278475e8
2.1512178045164242e8, 3.6068458142810875e8
3.1704575684772927e8, 4.112142752840805e8
1.8604902194759324e8, 3.411313451990058e8
3.4111598273784953e8, 4.645348879226136e8
1.925415582680662e8, 3.063810912888877e8
1.1768361935053107e8, 1.7661531631587353e8
3.867081915626748e8, 6.977275610936092e8
1.0026772746640715e8, 4.250132382178342e8
1.7618028210170594e8, 6.861798186956419e8
2.6445720087817678e8, 4.1051683595206136e8
1.2616175050675696e8, 1.944279157889801e8
1.2810570283243202e8, 2.5669262028450537e8
3.920796869237722e8, 4.706687929955213e8
1.8858988699377698e8, 2.874552029108675e8
1.8452216399773812e8, 2.5217494000557467e8
1.3975340190417883e8, 2.538064698550196e8
1.4755524949359563e8, 2.2952963544111282e8
1.3451601846670267e8, 1.9013603023358127e8
2.8846086435199434e8, 4.0286477338255537e8
2.016002480843514e8, 3.2702391410045296e8
4.1451868070948577e8, 9.355130321913056e8
5.216559592369974e8, 6.612542855349638e8
1.1992294820436905e8, 2.087825190536063e8
2.124407070896407e8, 3.3665824831057435e8
3.3198487414651215e8, 4.741795611043465e8
2.5342891566277167e8, 4.668191675268914e8
3.321594629563756e8, 4.8758054042004406e8
1.8332857789009106e8, 2.865005717381489e8
4.9937214133744866e8, 5.643528243552155e8
1.597834834498696e8, 2.023287704256406e8
3.458438913829135e8, 5.203723452818026e8
2.6362756055502307e8, 3.607885282477771e8
3.299407655387286e8, 4.340652849974876e8
2.081693324514698e8, 2.779347647222125e8
1.614694036246462e8, 2.4946216340423262e8
2.50712033446704e8, 5.658175211924549e8
4.109118234255278e8, 9.03745885179779e8
1.9263245312164208e8, 2.58796249403225e8
1.9097171665501282e8, 2.2693797785370883e8
3.7580415157565033e8, 5.647399850461471e8
5.169609060508491e8, 6.787019762819151e8
2.676407298504339e8, 4.5915215663573915e8
5.401974601586428e8, 6.083772313053106e8
1.2450924936407083e8, 1.8985342795873952e8
2.6476936337513083e8, 3.495303561117041e8
1.6945709750476116e8, 3.339221101042419e8
1.731521449201226e8, 2.5075625802246127e8
1.3679318194096285e8, 2.1820795744010723e8
1.987318646048104e8, 2.810984832052629e8
2.3978917731873614e8, 3.199752751519676e8
1.473687280812297e8, 2.9701917855253154e8
1.5549794909863153e8, 2.241937281921278e8
1.927828950591368e8, 2.9351722039709496e8
2.0501696550195083e8, 3.47712383447265e8
8.288877561760494e8, 9.253421038965077e8
2.6367190131055447e8, 3.7931075178792775e8
1.2622036037435421e8, 1.7043851256600025e8
1.412984918866655e8, 2.3882776509078813e8
1.1058225259187855e8, 2.4497135505353433e8
1.1816074546624288e8, 2.4827325911685348e8
1.8471562065996477e8, 2.4023356469991738e8
1.3048592748576944e8, 2.6026363936316165e8
3.635593484937119e8, 4.4031254596770644e8
2.5370072896403724e8, 7.00927412492883e8
2.0509279137790003e8, 2.957076630029762e8
2.7071293826717293e8, 3.7561814682486624e8
1.8909756337901384e8, 2.716307340757917e8
5.571411666025354e8, 6.773390183426403e8
1.7070116960499433e8, 3.1501350926028705e8
1.5402480539847264e8, 2.386332845904593e8
4.439466006525686e8, 5.463041053314985e8
1.5250027370043024e8, 2.2405073863201368e8
2.3935305758002168e8, 5.129579084186841e8
1.1136572784811103e8, 1.7224190183514217e8
2.3273275413768458e8, 5.814672776636243e8
1.3605928389962807e8, 3.023970336183722e8
1.1337368591071372e8, 2.0270144166154775e8
4.925354118040388e8, 6.756510104667337e8
1.2404176599487145e8, 4.6020824612667686e8
2.701657830451394e8, 3.762282174807218e8
1.2661382719972774e8, 2.0327887477372277e8
4.437337098398908e8, 5.110794301430209e8
1.1115602266949795e8, 1.726978932733238e8
4.183957573424649e8, 5.526614070317668e8
2.346027259074437e8, 3.1520928606220114e8
2.976354234429243e8, 3.696381460365938e8
2.141870123902395e8, 2.5420295130417982e8
1.97254693500693e8, 6.105958491214207e8
3.7030048179220194e8, 4.81561959704495e8
2.151064763931654e8, 3.1296558395610946e8
1.4887391415705314e8, 2.1013597153354833e8
4.866119279294646e8, 5.442392893958368e8
3.2099087632379484e8, 4.836260395330784e8
6.685512014323379e8, 8.677974038342637e8
1.735796417792727e8, 2.4948939380152443e8
1.710364924152144e8, 2.876651901111214e8
1.6740085576780832e8, 4.9125522326439553e8
1.6039452183204836e8, 3.500707836906433e8
2.632133793153535e8, 5.663183937979659e8
2.664308345131563e8, 4.186411734932139e8
1.966867327950397e8, 3.835327662132524e8
3.563339928583076e8, 4.9120168884583586e8
1.2297705114440332e8, 2.5754700633087528e8
2.212438635196034e8, 6.057578355240684e8
1.0996185475333835e8, 1.9903433069271937e8
5.647718013519319e8, 6.634467107993321e8
1.7136558933040798e8, 2.5144633268595663e8
1.5898050783691216e8, 2.5857079928772038e8
1.7919747890562436e8, 2.440087116952235e8
1.889140573695016e8, 2.3878419355824658e8
1.8120421526626158e8, 3.574011119237498e8
5.655041161696659e8, 6.712201638136138e8
1.1923195915217334e8, 3.0605710299695104e8
2.1534991730419412e8, 2.834117296409449e8
1.4478214999580333e8, 3.328007501159776e8
1.791950787372706e8, 3.368136852973748e8
9.871721206775114e7, 1.5567659470751458e8
1.3043110158926795e8, 2.3864085391721573e8
1.5034027452251658e8, 2.172433940830519e8
1.2352860950812794e8, 1.8710858986241925e8
1.4821508971140516e8, 3.600892673659045e8
2.5022257315806323e8, 3.945961116967713e8
1.970867223062537e8, 3.772133973345719e8
1.347524730743269e8, 2.0440666261152196e8
3.394249059312206e8, 4.3657992050266516e8
2.803158867038288e8, 3.5811653150939065e8
2.3336144348147878e8, 3.899756516693332e8
1.9141253049073833e8, 3.4595909632426804e8
3.1928844008690053e8, 4.2300637963572866e8
2.5303429165516627e8, 3.8164191169064546e8
4.758664595438242e8, 6.649499485312223e8
1.472671810878367e8, 3.374924919017101e8
4.8687549758876073e8, 5.32517295251187e8
2.0534969522684318e8, 3.0305293919142413e8
4.9115851202636886e8, 5.936445722255472e8
1.4921802465232518e8, 3.318993210889956e8
2.5467076034727687e8, 3.485665516777109e8
1.1537508188076764e8, 1.867491386009217e8
3.1608600908788645e8, 4.192675955136339e8
1.6484350873620296e8, 2.5493741824705595e8
1.8098767227534723e8, 2.4668713875934774e8
2.962700901980816e8, 3.6282859600153595e8
1.5820088874447685e8, 2.4851261911021644e8
1.7057342697483695e8, 2.5796626547998834e8
3.008967858324937e8, 3.321512958422065e8
1.2192580525843997e8, 2.222153677484203e8
3.7928995853714824e8, 5.3642168893239385e8
1.7545573190792572e8, 2.7259184652012974e8
3.650812075626271e8, 4.9191968857528865e8
1.8140876076953244e8, 2.413189589189625e8
1.7842769885035595e8, 2.8918924724529326e8
1.1428395344585967e8, 2.230394112101304e8
1.9033550034447542e8, 3.4529654806944823e8
2.982346406770503e8, 4.31131257720542e8
1.2360870361923993e8, 1.901958646964718e8
3.338459493672506e8, 4.7298360744697756e8
2.824865768581054e8, 4.5065377576687956e8
2.2406352271997252e8, 3.3539479628115755e8
1.92733425470657e8, 2.803237534272461e8
3.520796146993182e8, 4.233546910067436e8
2.033656577125903e8, 2.591077456557689e8
3.6958830455229765e8, 4.813872705831346e8
1.7482183818378866e8, 2.5840379050019002e8
2.792908860238253e8, 4.910983953036544e8
1.462376342113077e8, 1.905118325968274e8
1.5233743517731547e8, 2.93346106140721e8
1.3200829312686251e8, 3.0344165552555925e8
1.2539208627019265e8, 2.0115531158929166e8
1.9105965294796452e8, 2.940152255107777e8
1.0784983852151376e8, 2.245226388819863e8
3.548100703145833e8, 4.556397011660705e8
1.529471829295982e8, 2.3871598014991128e8
2.4989360237127626e8, 3.1938461019128925e8
1.448698501730916e8, 2.079304560150138e8
1.576813751272329e8, 2.6714248981459567e8
1.5624820463481444e8, 2.3072535754232118e8
1.8811260149549323e8, 2.7415010226624906e8
1.6060334482187808e8, 2.329667829408638e8
2.4343996521227452e8, 3.239296227714515e8
1.8845625328432006e8, 3.35947624699488e8
1.9039761961135173e8, 2.7738857610655063e8
1.1763505288165411e8, 2.0015956737345174e8
1.503015080723633e8, 2.1037672619760615e8
1.9909233958180982e8, 4.367345405093752e8
9.766308877301369e8, 1.391978319700324e9
1.8153591055213466e8, 6.853665796226151e8
3.8152603027508104e8, 4.704869383603762e8
1.802250574252634e8, 2.6421009203163022e8
3.083769924948877e8, 4.008164953483845e8
4.32840475721923e8, 5.2751428575505054e8
4.515112961344994e8, 7.212664679555564e8
1.5257908655735123e8, 2.9823149829939663e8
2.8371079050090826e8, 3.9138963704856896e8
1.7575590521829775e8, 2.531544453769196e8
1.4591132560710755e8, 2.5948970269544047e8
2.979093877762652e8, 3.709836202145386e8
1.5042188379732278e8, 2.190299927419207e8
1.8850979981062657e8, 6.432556242250623e8
1.610817436220341e8, 2.2097707492671648e8
1.3626328048544204e8, 2.369306478792882e8
1.6128058991075224e8, 3.782776773983753e8
1.8384336070888072e8, 4.7594507581435204e8
1.9031666437731972e8, 2.8798528360688424e8
2.3478421228470242e8, 3.332110185711086e8
1.5264106525147444e8, 2.4211735069621515e8
2.378429178336735e8, 2.9178600538817924e8
3.937540487186414e8, 8.146229352483966e8
3.369175552009697e8, 5.628939883024995e8
2.3369662768081895e8, 3.699601901109442e8
1.5404424471248585e8, 2.410792305030659e8
3.810693587709453e8, 4.8208163137039876e8
4.449235894791012e8, 6.736395146185181e8
3.0680293079560935e8, 7.101986358788337e8
2.7450758922168165e8, 3.2248399675473696e8
5.732503188404385e8, 8.692362738741469e8
1.567208080196223e8, 2.4092559714621553e8
1.7035598280609107e8, 3.843956420083998e8
2.1187866455617198e8, 5.0650887942541474e8
1.662697806806741e8, 2.9582440585016876e8
3.9194077891803634e8, 6.461672667214937e8
6.166345502320249e8, 8.054660212541746e8
3.261792538837338e8, 4.815555204520807e8
1.3918398199928722e8, 2.050355065593887e8
4.757985594531543e8, 5.577708882937887e8
6.117004952294512e8, 6.690867944983777e8
1.8251537216477108e8, 2.7000219371371377e8
2.1376298258840945e8, 5.878353913852929e8
4.892187564840399e8, 6.583042688831761e8
1.4907341275381386e8, 2.4636277601191476e8
1.1194784981200716e8, 1.802412003664553e8
2.1862169422628123e8, 6.491534622316786e8
1.819024042633874e8, 2.5827029473286426e8
2.989683783503107e8, 3.798868429658591e8
1.4775466593668553e8, 2.6395113813351884e8
4.2631386865176713e8, 5.988083866467714e8
2.5162675068683645e8, 3.5858500551696223e8
2.1909108013294205e8, 4.519938306311381e8
5.0144095630633956e8, 7.213663457492801e8
2.9371622375993484e8, 5.392112402208302e8
2.3903520879739037e8, 3.3304653722198355e8
1.0715691493430056e8, 1.7029101590101877e8
4.877380356670333e8, 5.63216681717251e8
2.6334885568462393e8, 3.919428205288611e8
1.357342354655519e8, 2.3889472470816013e8
2.2513793092648357e8, 3.0680052143799746e8
1.8488737627325693e8, 2.5495686681428927e8
2.8050640398254573e8, 3.669465791257278e8
8.145667228943868e7, 1.461351469622324e8
4.907947842639069e8, 6.030144133034583e8
1.3813704077383333e8, 4.5566629966268146e8
1.1748265903109518e8, 2.993922979218189e8
1.8132777016968942e8, 2.887994498495186e8
4.0013891667157394e8, 4.7265096043364125e8
5.352962779205826e8, 6.496525829029827e8
7.642690024284321e8, 8.481434129172978e8
4.07995432228886e8, 5.153302666065196e8
1.5949503668347e8, 4.379274874995465e8
3.912901483268787e8, 5.948604502965078e8
1.1782313292105617e8, 3.2260184178012e8
1.2728592342790978e8, 2.5037766933119553e8
2.0540226160538334e8, 3.1096235993166953e8
1.1328736774099055e8, 2.3667190687168568e8
1.4428182326485312e8, 2.7153450122051615e8
1.4647773479363352e8, 2.1577682915875354e8
1.4835404141172898e8, 2.179279005243646e8
2.0323535069566026e8, 3.5360286851295424e8
1.6411908714720845e8, 2.5183646274270472e8
1.9233507200858986e8, 6.763655591165433e8
4.77325034532849e8, 6.724839335734743e8
1.6349181357601985e8, 2.681650416909549e8
1.5947044523531723e8, 3.6342133280847037e8
1.5679057233201927e8, 3.1627609013969284e8
1.2792057079325801e8, 2.6120584234498203e8
2.136653050117889e8, 5.295288084142344e8
1.5469098932211939e8, 2.3751741255405414e8
8.210283484600955e8, 9.365074616721135e8
1.9637897725616547e8, 5.596520568288026e8
1.5888374120848355e8, 2.6018967362189686e8
2.1805728272178805e8, 6.816686105656949e8
1.8504751812438992e8, 2.715563973348387e8
1.516960509461314e8, 2.605194770197971e8
2.0134529284415832e8, 2.769305300208578e8
1.4925995237476227e8, 2.363480515777489e8
2.9706841103405416e8, 3.6569302000796294e8
1.1920830172195536e8, 2.280101264832432e8
2.848128412582102e8, 4.889534873068279e8
1.538906648692116e8, 3.2871912889380455e8
3.888853950857731e8, 4.508157440474613e8
4.593581707761428e8, 6.462150436751893e8
2.0295862006778467e8, 2.694683208462544e8
1.4623095524803895e8, 3.192909437778507e8
4.346141187349492e8, 5.1160272652398986e8
6.242501679950775e8, 7.680855929034885e8
2.3686926888915977e8, 3.135466075645494e8
1.6890248802069908e8, 2.663693680408035e8
3.138120003785868e8, 6.142198373238851e8
3.185943305424692e8, 9.166967561163307e8
1.6814532174949497e8, 2.3211848590501815e8
4.648399967071497e8, 8.750371431983815e8
4.245902076414392e8, 7.114644416595446e8
1.3300082196400914e8, 2.2897880083633557e8
2.5562893693937063e8, 3.2096689185363847e8
2.4111295705200207e8, 3.689220753953074e8
5.19746111003008e8, 1.044254245072526e9
2.038680826474247e8, 2.653584355974365e8
2.3190430918605912e8, 4.224380814199715e8
2.1377991355244055e8, 7.072154911848063e8
1.1439850312376472e8, 1.919652138031697e8
3.279578380312415e8, 4.222234517228118e8
1.2673387183261459e8, 3.12961058041308e8
1.4322861840983176e8, 2.0732131049567622e8
1.3063538867629756e8, 2.0503778324967074e8
2.111571692874447e8, 4.3478710412176156e8
2.7393970584767514e8, 4.5489691087725914e8
1.3193761417943998e8, 2.303059910803945e8
6.124137308372355e8, 6.733444253872362e8
2.6721406014448553e8, 4.704151543603082e8
2.0881751766951317e8, 3.2510606130023444e8
1.580148660746766e8, 5.558316185494754e8
1.3210189271639965e8, 2.333798096176543e8
1.9230718472131535e8, 2.8365365021248657e8
1.1933295837228233e8, 2.1814719529051805e8
1.737216765202369e8, 3.2630182217441875e8
2.3903596918380028e8, 3.729953872422975e8
1.3879381031591615e8, 2.6307808521792102e8
3.7952610289603263e8, 7.389195157529755e8
1.7657278723784822e8, 2.2912919974307305e8
1.2719768201651432e8, 1.9514547039213535e8
3.02009941442868e8, 4.28592300547385e8
1.62666018222252e8, 3.4616152394167745e8
2.2083270726289946e8, 4.667711551525735e8
1.680602245866123e8, 4.315367203340432e8
1.908287010883832e8, 3.2558511444338554e8
3.615753906544169e8, 5.182308295015378e8
3.2964196533074313e8, 4.226336270020354e8
1.1377195700669543e8, 2.675447199270989e8
1.1015852408609638e8, 1.6156825803703424e8
2.763786515403323e8, 4.100518944801185e8
2.0393539916572466e8, 2.9541873383669823e8
1.3902196080492795e8, 2.0679599164676479e8
4.998099496719384e8, 1.1565667248619034e9
1.9529350182348692e8, 3.1317273037772954e8
5.380705742943416e8, 6.668643505533698e8
3.322919307061396e8, 7.668960779617838e8
3.0870696499470353e8, 5.998858607786034e8
1.9266753300267422e8, 3.029255344196871e8
2.8569978196341544e8, 7.567388341767731e8
1.8651742383489993e8, 2.2706385228700155e8
3.826401531774354e8, 4.318046101833979e8
2.213038595382378e8, 3.740348737119616e8
1.9658111590309516e8, 3.8627367013510305e8
3.674393458727053e8, 4.531008684931949e8
2.5918656726670414e8, 3.333687749585318e8
6.413132372005024e8, 8.410704600507618e8
3.078093608311221e8, 4.1607369522179306e8
2.7945288171939886e8, 3.786166154637584e8
2.1058494392422232e8, 2.9083806148685664e8
3.767014183631293e8, 4.4770947975267863e8
8.960780429673455e8, 9.86713693681159e8
1.9535776748359054e8, 2.7375539626823217e8
3.7722254969081485e8, 4.709993007877045e8
2.149240175534752e8, 2.7065216095404905e8
1.188583373282272e8, 1.9483891933097556e8
1.6350584063544676e8, 4.6857016889222676e8
2.643587061471172e8, 3.270690919119518e8
1.1949233042942825e8, 1.9348822033038542e8
2.030867020322296e8, 3.6452452844789565e8
1.6016649398512268e8, 2.6600522178366214e8
2.5097134260158435e8, 5.130703927628622e8
2.0749822462918508e8, 3.641865285236943e8
1.048424369097976e8, 1.615027553375292e8
1.8762849254529878e8, 3.260149781509716e8
3.649394987119572e8, 6.771724566332065e8
1.605828501782322e8, 3.1727993049879587e8
1.5341315187576467e8, 3.6246906916966444e8
1.5624770013694754e8, 2.8514703558947986e8
1.0360796875571638e8, 2.1746351356820658e8
1.615036940953143e8, 2.868144839079336e8
3.250016194775423e8, 4.929255956627537e8
4.3086034589234316e8, 8.157384205544043e8
7.258169979895445e8, 1.0296673673674648e9
4.6386184495727307e8, 6.150671623540286e8
1.9179261104189414e8, 3.792214304342363e8
1.4732855389646298e8, 3.036020013155667e8
3.0886614741589326e8, 4.101262474361384e8
4.1275793894544816e8, 5.3295706163527834e8
3.112242238985349e8, 4.141472963673911e8
2.4545403534105784e8, 3.6969080203259355e8
1.3447881944777018e8, 2.3695970368006495e8
1.0647465345898746e8, 2.236339414529251e8
2.6300741732198793e8, 3.846083386678562e8
4.962580812160071e8, 7.05835346834351e8
1.7650289656779552e8, 2.2444058276087543e8
3.2282778031072193e8, 4.302170448187361e8
5.242300716875424e8, 6.247157046202364e8
2.055199741365583e8, 3.193107250256777e8
1.2916626569767246e8, 5.611155511000471e8
1.4004725687159136e8, 3.109818909006126e8
1.766197913382847e8, 3.1313795676467425e8
1.438564696833353e8, 3.264406815513413e8
1.1532102785161753e8, 1.94944924665361e8
1.751392740924471e8, 2.936736982389196e8
4.0968741085798043e8, 6.153497418034645e8
2.570117031456092e8, 3.1939348668216616e8
2.0655067085820225e8, 2.5165713851692572e8
1.7659603076877618e8, 2.2710389185476613e8
2.140435211582114e8, 3.3657978040243477e8
2.1111487207220176e8, 2.838040807053517e8
3.0136733723881495e8, 5.699020994897318e8
1.6010481648141375e8, 2.1983891759893197e8
2.814323454574193e8, 3.4748471118688e8
1.6451399746733078e8, 2.6040766049946433e8
1.592967886051187e8, 3.487647593541523e8
3.478390386775767e8, 4.519191874604045e8
3.935568100355813e8, 6.48868723336581e8
4.081325718016596e8, 5.103288900880913e8
1.9952251748690832e8, 2.842637546280394e8
1.99813101412842e8, 3.8100150088537645e8
2.0076410735110268e8, 3.493019021911815e8
1.8027975964268064e8, 3.0409651701483e8
4.727232131234132e8, 6.894874148255506e8
3.5803756652856666e8, 6.714815654915463e8
2.9399283836519563e8, 4.0497826631175005e8
1.3065332881097253e8, 1.8949904139345357e8
1.509850873350022e8, 2.2128271698959938e8
2.3638016242373255e8, 4.3268621223204577e8
2.055601299594623e8, 3.09518390695825e8
1.9413473683871982e8, 5.0617504178724027e8
3.1908020907904357e8, 4.6710194627023923e8
8.018129240536692e8, 8.439212892468742e8
1.3211674199608363e8, 2.1803310476350227e8
1.11372348030034e9, 1.1986075566869147e9
4.543143665886158e8, 6.121436400002192e8
1.5813939873018533e8, 2.5803135600411522e8
1.632262183542719e8, 4.3821782679709554e8
3.949932359167823e8, 4.5777264297692347e8
4.168578364997775e8, 4.936263386167664e8
3.73056591815605e8, 4.642701883575301e8
1.4265755506672993e8, 2.724791935576317e8
1.8285118382274827e8, 2.6590101003458777e8
1.5935741891319093e8, 6.304167599873084e8
2.083810031649854e8, 3.85660128556811e8
3.860180548754601e8, 6.08214827206432e8
1.4725349981602547e8, 2.3250936930532023e8
2.0751996032317382e8, 2.8777129846490145e8
2.012105011293467e8, 3.2715097469255346e8
1.2481195124874657e8, 2.228368837600741e8
5.128881223869237e8, 8.227762485209492e8
1.1247120494379543e8, 1.6010492710276803e8
3.4364296915940446e8, 4.5030606588881236e8
1.6134928756116527e8, 3.545983326938591e8
1.0014692595416737e8, 2.3065517900925398e8
1.2078290998425269e8, 1.7990194523864645e8
1.4275630587124503e8, 2.2190275128952572e8
3.711578400794215e8, 5.297116142917619e8
1.2847898329682289e8, 2.3246592340792477e8
1.4608106990988317e8, 2.22114255139225e8
1.4126757071118948e8, 2.6457807174321425e8
1.4518746016521078e8, 3.395056406844273e8
2.1154914656333706e8, 3.5202017120512086e8
4.966868574963099e8, 5.882082431411082e8
2.3732824051205796e8, 4.913751304952024e8
3.768851462793275e8, 4.4452782560797924e8
1.0931316591243768e8, 1.956047837122821e8
1.3369195126333585e8, 2.803448057518506e8
1.4142097087247527e8, 3.6737843581340885e8
3.522643400997397e8, 5.815034121559702e8
1.2653609394365875e8, 1.860011037904549e8
1.888401663183879e8, 2.670357523817386e8
5.598281341749898e8, 6.783348476084341e8
2.0057009044385195e8, 5.189358765075019e8
1.537070156340939e8, 2.2051956276765633e8
5.289129199033982e8, 8.121087969551402e8
1.891883638519203e8, 2.5007379218815956e8
1.2111916301425377e8, 1.8832044878311345e8
2.32666924962666e8, 7.0767403321789e8
1.1705892996145737e8, 2.065567029495724e8
8.444659439048653e8, 1.0882229694819353e9
2.135147594417722e8, 3.938804092030366e8
1.8044981262434834e8, 2.987183128210419e8
1.688731381655373e8, 4.804576321156172e8
3.604346937377606e8, 4.1951374763669896e8
1.4101610027856514e8, 2.48380083063149e8
2.3524329998306778e8, 5.742952713488933e8
4.346316270453294e8, 6.312930669513017e8
4.888886082239085e8, 5.933028966609632e8
7.477750767557583e8, 9.14062607348198e8
1.4917451610526034e8, 2.352709339510297e8
1.566672887457989e8, 4.785263205142139e8
1.3425336344424638e8, 2.045271709707846e8
1.8460121196406668e8, 2.661214024285473e8
5.098746651758238e8, 6.119374921290296e8
1.7914704192208058e8, 3.4097137127728343e8
6.850011664432944e8, 7.571382663882549e8
2.4167781259454387e8, 3.516503545342636e8
1.2002601562094074e8, 1.8417450397134066e8
1.6670719528217036e8, 2.9303022493568355e8
8.764168233527015e8, 9.450212329860847e8
1.2213327087971295e8, 2.5712703842508358e8
1.6174741866984555e8, 2.1247929302408537e8
1.8404313429755384e8, 3.7794950726878285e8
3.2177243533445626e8, 4.627430603571148e8
5.444957636576698e8, 6.735783195606264e8
6.880430344484949e8, 8.580587184456015e8
1.5228193305426905e8, 2.6676597411641467e8
3.7220387563471174e8, 5.433324671563351e8
3.720319208308142e8, 4.9634176627134866e8
2.7137096311142373e8, 3.3755747215886635e8
2.4401307947256872e8, 4.887266973827387e8
1.601403127124369e8, 2.5511664396962976e8
7.082779729158446e8, 7.792450929018373e8
5.393368715869696e8, 5.990251345397549e8
1.6710071525033885e8, 2.4257564905009195e8
1.3629417611650437e8, 2.0842447432493526e8
2.06428346002867e8, 3.0558493205124027e8
3.0808506486704695e8, 3.785259819280229e8
2.1487211256826925e8, 3.190535775902766e8
2.1546244378386068e8, 6.786984243897043e8
1.7172728730368447e8, 2.3909789243561855e8
1.4662028932604894e8, 4.526396561121891e8
1.7088195437606066e8, 2.4527054743699634e8
1.9771414136157033e8, 3.062855909155907e8
1.3912681223634917e8, 2.0909142378977627e8
1.5230508890724048e8, 2.6723304666991386e8
1.0256764898488331e8, 4.117865286752993e8
2.6529290900914413e8, 4.0014839227742136e8
1.522865740862695e8, 3.0141588660279167e8
1.9960612770854497e8, 2.775109988200916e8
2.3663513810942048e8, 5.802141005779213e8
2.70448685012351e8, 4.7824085765893584e8
3.6203202909839565e8, 7.486397244769492e8
5.907113405446872e8, 6.406891930657884e8
4.180623650832942e8, 4.939603695796493e8
2.4893866095143458e8, 3.2333942170765465e8
2.284552456420323e8, 3.4130326851531184e8
2.758075784807671e8, 5.662708991198303e8
2.509406356216988e8, 3.850432343892446e8
1.8536189977250782e8, 2.3802892263865274e8
3.4739727750948286e8, 4.6471082131193984e8
5.3191723127462566e8, 7.955969398004515e8
4.0926411865784216e8, 4.5965353384806633e8
2.5451299067435884e8, 3.23065165632043e8
1.234667947226597e8, 2.0973113264094636e8
1.754350937489548e8, 4.980615144909636e8
5.947396258381722e8, 7.945519412751659e8
2.440183759556858e8, 3.365707915079438e8
1.891758843339779e8, 3.799108704498527e8
2.8692902487080306e8, 4.199959481239372e8
6.469114160081993e8, 1.2328235482078006e9
2.1540067143827167e8, 3.647188069662287e8
3.5291028356973374e8, 4.4687049296391284e8
2.669565239792164e8, 3.1501947216635e8
1.5799086433284262e8, 2.3755711300289917e8
2.3512857217769864e8, 3.399589745451422e8
1.704342345943982e8, 2.5296467815494487e8
1.909909881980111e8, 2.839164628241155e8
3.4219825910714406e8, 5.817220286835196e8
2.3884940913141873e8, 3.264049280527744e8
1.0848306680271466e8, 2.0139275356046954e8
1.6339201749241987e8, 2.624524278788808e8
2.074834668788158e8, 6.508014724066719e8
2.1935455034696126e8, 2.834463650819566e8
1.2165469851082231e8, 1.5727768078721866e8
1.8835891744929963e8, 4.3358430008759665e8
3.8210135162770414e8, 5.065663077457545e8
3.498856797914244e8, 4.207069026997972e8
1.030566515202663e8, 1.5479863020778865e8
1.0786341259764016e8, 2.409852233946063e8
3.512375970860324e8, 5.492935876180445e8
7.395922645474318e8, 8.374576664035248e8
1.5207230647333473e8, 2.4083412282573387e8
1.658384508307759e8, 2.593013347847294e8
1.5997125434446713e8, 2.362718191364527e8
1.9881488599454474e8, 2.917265610152225e8
2.025822395281116e8, 3.4259967298275995e8
1.1467986091384757e8, 3.5967270318588394e8
5.055837057777406e8, 6.739749181220431e8
4.1951880095622724e8, 5.375654105631113e8
2.0866656206866005e8, 3.032037650221774e8
5.396678354372543e8, 6.317064935892494e8
2.2951905368918085e8, 3.942457219775692e8
2.507452862352609e8, 3.302409592009162e8
2.6212078269262224e8, 3.0425611543423295e8
3.6636105637088823e8, 4.959865498108846e8
1.8431166947330502e8, 2.41846799704011e8
1.719174163873551e8, 2.53448127733327e8
2.48393105932311e8, 5.338140985289231e8
5.1531544968641764e8, 5.743179202560147e8
2.838284497984078e8, 3.722900809468418e8
2.818304083240879e8, 7.586891109093255e8
1.593383196187567e8, 2.901724942964862e8
1.3573671232051453e8, 2.876548985009787e8
1.649924324169272e8, 4.5230677007803863e8
1.1557026644317994e8, 1.8794749345255655e8
1.885865721463738e8, 3.136657045570777e8
4.2127424303613204e8, 4.8490648115831167e8
1.9666168656231254e8, 4.019703538410833e8
1.1221888303919278e8, 3.6727463411617696e8
2.8744210538995653e8, 6.625916186859955e8
1.2353127115542525e8, 1.874645301119187e8
6.790944386308876e8, 7.721435788034378e8
3.877905035786522e8, 7.564380883979677e8
1.5101073125203422e8, 2.878315960428675e8
1.4002566465240535e8, 2.2343016605951676e8
2.6413279348885602e8, 3.318002391215362e8
1.985068700122444e8, 3.076599522339148e8
1.599520241967619e8, 3.62914190068619e8
1.982556481635789e8, 3.084765413880953e8
2.959380491038323e8, 5.49580533438965e8
2.0970035165852898e8, 4.091038417131116e8
1.8475571879048535e8, 3.248285339212716e8
4.187765146808891e8, 4.7067798393323815e8
3.185344181571933e8, 3.805459445597059e8
1.495191625043666e8, 2.1781142116720396e8
9.399391719517598e8, 1.2169514078397553e9
1.7816010220476973e8, 3.73926827288082e8
2.766376519695028e8, 3.553781987844519e8
1.511867479909377e8, 1.9651593077933574e8
1.8050728841945666e8, 3.3008013416239756e8
1.967908061829755e8, 2.729695295799717e8
3.622859999748369e8, 8.765760337392706e8
1.7787877948716655e8, 2.3294238989102718e8
2.2408403437535614e8, 3.232813299907966e8
1.64816749915728e8, 2.938729243447824e8
5.046444434847424e8, 8.551962427958095e8
2.140760662403768e8, 5.037716831498122e8
2.1223373200535193e8, 2.945643942638188e8
5.2271848204505396e8, 9.644330132058456e8
1.640792502328614e8, 4.96576683676974e8
1.2352421786496371e8, 1.6188395590248492e8
1.5365728106944084e8, 2.2458959236402127e8
1.6246440389448786e8, 3.486089585173377e8
2.5358604454827905e8, 3.1600027617333406e8
1.2835804741971105e8, 1.8260291142288193e8
1.552340061377844e8, 2.450414387567227e8
1.5916988163058376e8, 2.1775465713823763e8
1.719334558865212e8, 4.566252466636947e8
2.6859659341718364e8, 4.801666052281617e8
1.6899587709199724e8, 4.886337017893086e8
4.951515006060589e8, 5.760365746713139e8
5.436118214191536e8, 5.877128793764936e8
1.5595766489142448e8, 2.804750292355181e8
6.512793640719582e8, 7.475591770148566e8
3.975169142668969e8, 4.7610081372003776e8
1.2574874802672921e8, 1.790609792224138e8
1.1527258671063145e8, 2.30876358842935e8
1.7730824276161125e8, 2.9137707796249354e8
4.5672217705764055e8, 6.532040688868723e8
1.6692794955530792e8, 2.937089021461691e8
1.5985959690183914e8, 4.881956985530936e8
3.452494055248858e8, 8.453807841513069e8
2.0126355406743667e8, 3.118480725859807e8
1.6386473393769878e8, 3.044443758574272e8
2.9625550147090614e8, 6.707746603752433e8
1.3050680737429541e8, 2.1031877509558174e8
1.409506092502393e8, 2.0831865758036774e8
1.6246821088413364e8, 3.0269576014364046e8
5.69530182151838e8, 6.276622996527725e8
3.956829392527234e8, 5.709341160034348e8
1.5309585496444184e8, 3.193609170001154e8
1.784940802248774e8, 2.3323216863507867e8
2.3587375562384155e8, 4.827447984225135e8
1.7833243889201373e8, 6.572493995767492e8
2.5827278958054888e8, 3.614345433695028e8
1.6668345175360778e8, 2.666881286511262e8
3.836568297423608e8, 5.999412453173158e8
2.981196651678483e8, 4.2203630743115914e8
3.2174383944251066e8, 3.985927315722272e8
2.5487055842420694e8, 3.673527932792347e8
1.6174298472252446e8, 2.86276472734812e8
4.5207825154665995e8, 5.167420841474442e8
8.705070455943727e7, 1.3479042727755237e8
1.6334873908433282e8, 2.5099771748076615e8
1.4564443302749255e8, 3.274550766228987e8
2.725440218969724e8, 3.279537713830905e8
1.7031446676008612e8, 3.5243669664544135e8
2.5517978496816486e8, 3.7666262268926424e8
2.700132518068469e8, 4.186780442843952e8
2.817772686322236e8, 4.1980561935021174e8
1.4446331159207737e8, 3.7050187112048805e8
2.0957496967506337e8, 9.372083340727404e8
1.4972770085469335e8, 2.194637799063852e8
1.2120781387747768e8, 1.7344530550543204e8
2.795009413036341e8, 3.3478072754658854e8
1.2317168211809535e8, 2.0616090641255602e8
2.6403988792850524e8, 3.5973314015902436e8
3.0691502529279363e8, 3.91476094945658e8
5.495457099656948e8, 8.050815019893235e8
1.4196125180883703e8, 2.041998622534725e8
1.787239645128385e8, 2.877709845114524e8
1.0644574954927659e8, 1.9978016677753934e8
8.521378053111881e7, 1.50193690245539e8
1.1680899458827479e8, 1.762097428271376e8
3.363014555553214e8, 4.3118085054450786e8
9.894588718910553e7, 1.486946198603482e8
1.1200725553887007e8, 2.4575075407980466e8
1.1628962017678456e8, 2.6385866089255288e8
4.9457141713189167e8, 7.308721060446424e8
1.6157600320719925e8, 3.6452902243102247e8
1.2285333166214474e8, 2.6752536387232396e8
2.0181947607069084e8, 4.0788126469033545e8
2.2973364650305972e8, 4.2383909351249665e8
4.45894679470988e8, 5.841416061610929e8
6.868899282862208e8, 7.897797833130727e8
2.012691761006927e8, 3.250572319912718e8
1.1634495062852442e8, 2.002216943752076e8
3.330445464655159e8, 4.703411655403018e8
2.2556483366593912e8, 3.978615019281659e8
1.4773883535383686e8, 2.1532752511028153e8
3.8709349228185e8, 5.01245745698316e8
1.21640918292936e8, 2.6814499559537327e8
9.845862432705362e7, 1.707383100704111e8
2.0326745624438637e8, 3.160374986655482e8
3.16771678221989e8, 4.788133417182338e8
1.1726948708960521e8, 3.7011876273488986e8
2.1805953436558142e8, 4.819389386476713e8
1.7699073654705235e8, 2.9610987289153993e8
4.601465189698504e8, 6.138998607177215e8
1.1043026799733947e8, 1.818804672037422e8
1.0274242722856095e8, 2.067038640971941e8
2.880609849984331e8, 4.7249001278944683e8
5.1053896072646946e8, 5.861062238311454e8
1.401280273999182e8, 2.4815339724243796e8
1.6980084238776228e8, 2.7913157612143785e8
4.8710051056147355e8, 5.568999137593396e8
1.8787637001548797e8, 2.8844814763405097e8
1.9355385623179704e8, 3.4287543736260825e8
1.1228123612812957e8, 2.0191039279800373e8
9.730199213371603e7, 2.3648699296669427e8
1.157599306219052e8, 1.8276391812858927e8
1.7294555723403808e8, 2.769453245150862e8
1.4962823446662152e8, 2.316895813170224e8
2.472471350103405e8, 3.265510754975203e8
1.7707260281520984e8, 4.2970812428686905e8
2.1728492357533103e8, 3.061045233118133e8
1.6521200958029562e8, 2.96334810173013e8
2.8869759966463935e8, 4.907610018855083e8
1.0875171398436162e8, 1.8883385620347834e8
1.9347403328760365e8, 2.809912078740742e8
7.186721723425112e8, 8.67779159084453e8
1.8001533277472526e8, 3.8332820666714096e8
1.085972247306133e8, 1.6766031816379425e8
1.3340626889538865e8, 2.1844376678784168e8
1.5471194069273308e8, 2.816489207668235e8
1.810080653462136e8, 5.2704478439085203e8
1.5717484147045764e8, 3.798543212129101e8
1.580976336511649e8, 2.3845312818248656e8
1.6473312533575732e8, 2.1327705939365524e8
2.504293320749783e8, 3.139484610511692e8
1.6595157458539146e8, 2.769331015071834e8
1.1722421667590141e8, 2.1501054899385083e8
1.9727774389371496e8, 4.568978718278205e8
1.4680002198805556e8, 2.3734444228158936e8
6.300997630846432e8, 1.3144253884427164e9
1.3936626482240593e8, 2.4295488147127768e8
1.6995614405575132e8, 2.735194960995762e8
1.3635710584840053e8, 2.4212586671694514e8
5.463296371026037e8, 7.650049309241077e8
1.5723140220158726e8, 2.3813437293390527e8
1.197959786039094e8, 2.2522691284054565e8
2.0825235831225902e8, 3.0959498647423095e8
1.8184647568175274e8, 3.5766588899046445e8
1.5591188570099875e8, 3.719108646250447e8
2.4566442157037657e8, 3.1601527606088215e8
1.5653580322283244e8, 2.5426408048655134e8
6.411928319020278e8, 7.701873881272093e8
2.3581555928556016e8, 3.219040299210546e8
2.247883722462168e8, 3.984770862936802e8
1.8302882439305484e8, 2.5285029247429118e8
3.153606419361219e8, 1.0914194504569392e9
1.72468170020876e8, 2.5552183584445962e8
1.9999712492021602e8, 2.793135492702713e8
2.772874416842733e8, 4.026662998942361e8
1.458957151533205e8, 2.86392259533401e8
1.8199816068569502e8, 4.479914723256753e8
9.106163230868044e8, 1.3398371122954807e9
1.2145205335509573e8, 2.1186943642103738e8
1.5266989732035562e8, 3.310908895727707e8
3.0415575606695294e8, 7.173597655638925e8
2.976395944338559e8, 3.9110936794629586e8
2.2121882172775388e8, 3.638080212045498e8
2.030264871273821e8, 4.746415387484592e8
1.6854019803523666e8, 2.942163477601201e8
1.3277729129421929e8, 3.7629610160207295e8
1.832512124313652e8, 3.1936359139670664e8
2.6452651788840285e8, 3.280113059111374e8
2.733298278320497e8, 5.215122482172916e8
4.1126412037617517e8, 4.810849688432735e8
1.611268646087552e8, 2.667818357821854e8
3.3941700691661316e8, 5.626618916950412e8
1.4457539694140893e8, 2.7300401703717285e8
2.5080351139809114e8, 3.978845797221773e8
4.3089244980640817e8, 8.631112916638472e8
1.5511385201471287e8, 2.2644823635747588e8
2.4312541705786258e8, 3.735691754705259e8
1.8721117369736788e8, 2.7562702336335033e8
1.2043079246003698e8, 2.294775206974627e8
1.5372930270202434e8, 3.354412443181179e8
3.9139592936575854e8, 5.94805689107037e8
7.785277043870625e8, 8.766147517442925e8
1.5206128790341717e8, 3.0846885925827104e8
1.778968162048381e8, 2.5057134690600672e8
2.341031421823948e8, 4.088688918414736e8
7.972439808027432e8, 1.2093803527800875e9
3.056335712726582e8, 4.4850924761294204e8
2.2514115853505224e8, 3.1017475806840014e8
3.204055691373165e8, 4.0533661185279393e8
3.4066797704235345e8, 4.1136812324093014e8
3.9088480239429975e8, 4.5419007641165566e8
1.3339231577269977e8, 2.7964524775249934e8
1.1173571373824492e8, 1.6783786232921323e8
1.443923582142089e8, 2.4428257324194884e8
1.388498251292096e8, 1.846463263244876e8
1.346679223723254e8, 2.066722457336076e8
1.6367960126548415e8, 2.6686768807592538e8
2.6802576606465033e8, 3.673478106319146e8
1.9579437545024502e8, 3.916493820403269e8
1.4660451186396047e8, 2.3263543621533632e8
5.663581451159095e8, 6.465096355007229e8
1.0349022201192081e8, 2.2524070734748244e8
1.528793083996873e8, 2.4957187241546586e8
1.936789985408378e8, 3.013623466673892e8
4.620828429553264e8, 5.583782948447315e8
4.524963511122049e8, 6.096857713757278e8
2.3116346710881984e8, 2.983324052530496e8
1.5772730922542718e8, 2.305734338481645e8
1.2451428198977111e8, 2.0304883446083435e8
1.7768970646850383e8, 2.830495107053059e8
1.950079806115499e8, 3.317067012609165e8
1.2935235150859888e8, 2.0480299676827443e8
1.7337996687155217e8, 2.929459575800985e8
1.2715218396118861e8, 1.9125847504426363e8
3.9196654834830296e8, 5.63560530615302e8
1.2928397425965898e8, 2.1216252159916544e8
1.7164793687467334e8, 2.5078743091418397e8
1.8669279199886736e8, 4.746986485472427e8
1.3348028814666052e8, 3.189122660151901e8
1.437696164378902e8, 1.944754014741672e8
5.645337525757488e8, 1.1701677448027236e9
5.692180864283855e8, 6.747287932787987e8
2.9114781994045806e8, 4.476520000105709e8
1.345292475648224e8, 2.4847679727505454e8
1.6607735403284413e8, 2.395440953940271e8
3.2555521723025423e8, 5.521707273803095e8
2.157418321189909e8, 4.2359515349764895e8
3.8610379707521933e8, 4.753354877279706e8
1.7992144326249906e8, 2.4056465965487465e8
3.766909946897286e8, 5.722381633301444e8
3.458837821758282e8, 4.413969230921327e8
6.561794036014342e8, 7.846066794132781e8
1.3615743929716742e8, 4.9646343273034513e8
2.5463067368003368e8, 5.670048453560666e8
1.593284563450554e8, 4.0939047386059767e8
3.1071574439864314e8, 4.6778636228227997e8
9.832156532960106e7, 3.2900913405972e8
1.4908962701259834e8, 3.5086797042689526e8
1.9696140959449717e8, 2.5428049537232986e8
3.267167573852144e8, 4.446703328395942e8
1.1432459699743462e8, 2.2744803732254443e8
2.4635737051007336e8, 4.726307560919951e8
1.528935799666418e8, 3.4225795834180945e8
2.6710673046217903e8, 4.4020375675126696e8
2.0262568368606785e8, 2.783360754072414e8
9.468874784608695e7, 1.925300679918391e8
2.862463291674233e8, 3.2311813305099535e8
2.2588767378174374e8, 4.792198083570447e8
2.39442967650875e8, 5.22262083348863e8
2.0606837705706686e8, 2.9771152595464635e8
1.2469591028692254e8, 2.7335784204513186e8
3.3434496100316536e8, 4.3644153575126654e8
3.4379272090674925e8, 4.0170371749282795e8
1.5049899015330383e8, 3.7902279942685777e8
2.2089463990769666e8, 5.024436902597437e8
1.4143661930482084e8, 1.9981532812488842e8
9.045173465690084e8, 1.0707512408383396e9
1.4947741726000243e8, 2.581467253481552e8
1.7781611624345756e8, 3.0275391263586044e8
1.7472051519862536e8, 2.2772287732757515e8
1.7796883217419395e8, 6.189513723715209e8
1.6772659741734788e8, 2.3173377022412008e8
2.787634463929225e8, 3.293187296008816e8
1.5880719928792328e8, 2.65513042687189e8
2.3471377138993526e8, 3.985268718063782e8
1.3196703889426108e8, 2.14144081181218e8
1.7442348141983098e8, 2.1423287537346432e8
3.3123834673214203e8, 5.722675259461253e8
4.5833535361520064e8, 5.129746976606029e8
3.762224186761016e8, 6.959085942134497e8
1.3501498099316046e8, 2.2263175364550787e8
1.5664818044743282e8, 2.8536914909300345e8
2.469952206357112e8, 3.7904755118052316e8
5.2871481162893933e8, 6.300981934322683e8
5.59863674341526e8, 6.483292808064898e8
1.3596877145140207e8, 2.166737645410103e8
3.644577802246414e8, 4.1985541754660887e8
5.861599278665271e8, 7.603574886040522e8
2.3607836831071383e8, 3.1190413357763624e8
3.765506724211641e8, 5.600070219429181e8
1.544195453296803e8, 3.678704660198087e8
1.1827624572737433e8, 2.093309570225878e8
2.1541860932968917e8, 5.79699326087096e8
2.2126655884121644e8, 3.0422265785833085e8
1.980516657510425e8, 3.522504942399752e8
6.352624655607729e8, 8.841796095119566e8
1.9354393813208476e8, 2.902769826426406e8
1.5784155106836066e8, 3.103443571816554e8
3.31107611136139e8, 4.964014732780786e8
1.355231388388482e8, 1.970454143575944e8
1.924149142578166e8, 4.353811265092237e8
1.5175395853710234e8, 2.3540105533428532e8
1.0008367709712096e8, 1.5343835459691614e8
1.476105459867073e8, 2.277962581097808e8
1.7827492046666196e8, 3.459550962354113e8
2.2683209127317956e8, 2.9043478067301685e8
3.568539004414673e8, 6.59426396882966e8
9.805450338112956e8, 1.2330863857224467e9
9.101582873571193e7, 1.4690833038751838e8
9.396268728248054e7, 1.3508419220541215e8
1.3838965611392125e8, 1.7913585321251202e8
4.03941947770082e8, 5.506929703011265e8
1.636141492277327e8, 4.0002461326082355e8
5.468117987774554e8, 7.183428773281771e8
2.618989577442716e8, 4.6629703270238656e8
3.241941999322836e8, 5.380899968423303e8
1.6520370344168022e8, 2.343571427342613e8
1.551425396237303e8, 2.6567357657547733e8
1.5455619880756298e8, 2.0763487877604452e8
3.4047540775517774e8, 4.560574403085831e8
2.7734085392413545e8, 3.7210789323349166e8
1.718314971048271e8, 2.5293807570931217e8
2.5929499276594052e8, 4.0482133693959665e8
2.5388017886049634e8, 3.2905406692069805e8
1.6702195228211805e8, 5.735264062986337e8
1.2752281317931198e8, 2.9250299071044743e8
2.41452923829258e8, 5.022235849920731e8
5.1441808185967994e8, 6.036605254690834e8
4.10049869785545e8, 4.900530189180799e8
1.6608949649501532e8, 2.6023059312271154e8
3.018026441681291e8, 6.955042206261256e8
2.754612108774148e8, 3.345834932590553e8
1.0461866014354126e8, 1.895092027860029e8
2.7018756015308315e8, 3.3708246095710295e8
3.6770465156655437e8, 4.6645809985644364e8
3.637339791801596e8, 4.889713918500839e8
1.8314980849728948e8, 4.6724878052764267e8
5.894857334648349e8, 6.981464599303107e8
4.3164608653596914e8, 5.2398806961015636e8
1.6796494792659682e8, 3.1227731641601574e8
1.6479099094501933e8, 4.4116354651369536e8
4.300867312094693e8, 4.9277527665177864e8
1.0815933447841568e8, 2.0892005521857858e8
1.1469342066785523e8, 3.2397882471256274e8
1.6317383956108317e8, 2.5417380848210296e8
2.5745718182101062e8, 3.6486236797974753e8
1.4458315620523703e8, 2.344488929503771e8
1.6311432688754037e8, 3.3258351091249144e8
1.3793929590895897e8, 6.35680575711838e8
3.040111661895699e8, 4.200867354581619e8
5.62959987448324e8, 9.009136541580279e8
2.397368191787127e8, 4.619261206133444e8
2.4629594074124306e8, 3.881681410003592e8
2.6291828674480373e8, 3.275915816435838e8
1.1859034137151313e8, 1.9649831550746614e8
1.7654024631583118e8, 3.250402216207463e8
1.4220570162593988e8, 3.1675973374638265e8
1.1475444580255067e8, 2.1127096182462338e8
5.198307778892483e8, 5.824044976363289e8
1.7881113604451948e8, 3.3394228126122034e8
1.6746908198775223e8, 2.3662919656564936e8
1.5237745671989122e8, 2.6103032709997958e8
2.5774150233099154e8, 4.347443951817637e8
1.0960634736704037e8, 1.784298110407038e8
1.737789079116434e8, 4.411319122224339e8
1.721136467622882e8, 2.50027570687489e8
4.0013957268666875e8, 5.110105235537017e8
1.296553778789119e8, 1.8366380055420065e8
3.676665530693244e8, 4.995013216172449e8
1.0170580813807872e8, 1.8070127033093658e8
2.4548090824600554e8, 3.4779719033317226e8
2.4936835149845344e8, 3.6235620275435466e8
1.0547159398582567e8, 2.524825965083686e8
5.744577610053238e8, 6.676734888874964e8
1.556793513553858e8, 3.95142977115014e8
1.5049750620910951e8, 2.190685426538335e8
1.6178338198081738e8, 2.66047484181491e8
6.834213807781813e8, 9.921222223708291e8
3.9009494491261667e8, 5.0253228089746916e8
1.9125560715438664e8, 2.981805551860351e8
1.295050054148694e8, 1.9951110327200744e8
1.5267271983805206e8, 2.484044822332967e8
1.5888122502401564e8, 2.5309323316820282e8
1.2075875608262049e8, 1.725911647075187e8
1.756720356410292e8, 2.809325774511912e8
3.8623557548418397e8, 4.9624457707288235e8
1.6352768940701413e8, 2.213742117057202e8
4.5150859254196024e8, 5.140726202414723e8
2.3526799705014464e8, 3.4423560749322593e8
6.222606787078152e8, 7.780816434869386e8
3.696686150924503e8, 4.5613714604452235e8
2.2175602279918173e8, 2.976288665740212e8
1.763265254811711e8, 2.5999824622730488e8
2.521305127032592e8, 3.294305563195132e8
1.5911925806581783e8, 3.3013995924715453e8
5.557477855027359e8, 6.57966282171334e8
1.4541247542107484e8, 2.182733133243646e8
1.1640845743570207e8, 2.1187478375126445e8
4.7247964471235937e8, 5.2892452981898916e8
1.4058142820933485e8, 2.117147330600776e8
3.826442570675883e8, 6.628211583257045e8
2.1656596054990003e8, 3.4051436750411844e8
2.371647610758592e8, 2.924056387354666e8
4.901502950642779e8, 5.452773888300812e8
3.392604964448696e8, 6.144866934962429e8
1.6185934242420134e8, 2.1978717377634245e8
1.3881093889693838e8, 4.2809463479997647e8
1.989800682190681e8, 3.161018500589002e8
6.174321128731364e8, 8.841695513678315e8
1.5551350367859334e8, 2.201689137083342e8
3.818202117785044e8, 6.817743651933016e8
1.2288707241927037e8, 1.9571802129507577e8
1.183900382474877e8, 1.757244646767586e8
2.7084275603409797e8, 6.109244355929332e8
2.378185958862327e8, 3.0953956027106744e8
1.8965605954382426e8, 5.231284402404102e8
2.1020790893255e8, 3.195745274576808e8
1.4513140848998857e8, 3.286759958219604e8
2.1165143379521158e8, 6.462477826989871e8
4.332635644422666e8, 6.627813602010504e8
4.4519995269630826e8, 6.71337318539164e8
1.6643892542443827e8, 4.384643920174955e8
3.150801591400821e8, 5.917012910458218e8
1.7552317249491698e8, 2.2863886641881472e8
2.2373198110182038e8, 3.058118258470459e8
1.661605198099647e8, 6.830066775963998e8
1.2271607874720074e8, 1.827925723633113e8
1.8006122913215923e8, 2.4321870660719147e8
2.106619009185632e8, 3.9091920371974516e8
1.7509095520766628e8, 2.4773310970944074e8
4.297180519515717e8, 6.074922432992463e8
9.683486360384502e7, 1.7635728601134065e8
2.9911409566279805e8, 6.812320014538678e8
1.8687490525830176e8, 2.986562040061835e8
1.6358211610197866e8, 2.989693529584645e8
2.5605243487064078e8, 3.5232082861545926e8
3.6414790668016297e8, 5.517094662525281e8
2.928627794802967e8, 4.6664558865650135e8
1.9507192166709155e8, 4.1943963041447896e8
3.269570426872999e8, 4.120966326848712e8
1.8539633325434557e8, 3.6361449539451677e8
1.2114662319332549e8, 2.5762496249368754e8
1.3713058832901305e8, 2.145368288273683e8
2.9256743142153096e8, 3.8872906900832903e8
1.1389114716844958e8, 3.492753791237531e8
3.307299339748366e8, 4.9935306616225666e8
4.5351262113330406e8, 6.446097555823531e8
8.022182743036304e7, 1.4938205037044537e8
2.0758833331838056e8, 4.1556302656768245e8
1.9275825097132775e8, 3.587359868626025e8
3.638642367006418e8, 5.106190006466388e8
1.488074880054813e8, 2.5517835968131277e8
2.755285043467867e8, 3.6166140132224464e8
1.8477539055234963e8, 3.0139719647507536e8
2.0934039097977644e8, 3.276642846391601e8
2.8596194508600235e8, 3.683187999392176e8
6.233995569627638e8, 6.99251269155468e8
5.353928243972071e8, 6.133727123552184e8
4.0583621563842714e8, 4.857485576927952e8
1.7589487126329824e8, 2.3994523618631303e8
3.548791650855093e8, 4.0260841076414317e8
1.453146017560895e8, 5.973643467994939e8
2.329907895141704e8, 4.4259510072885406e8
2.7095080644407314e8, 3.7665425203823566e8
3.6506403435414726e8, 5.042975749146643e8
8.900821065448536e7, 2.7408120972570163e8
2.1790833164977205e8, 5.709221956014193e8
1.3403007595846413e8, 2.0250504479886878e8
3.0986902968231916e8, 3.8097681156595707e8
1.3590100253688344e8, 2.1367865365402183e8
2.531035988593871e8, 5.512739121114781e8
2.626303219314143e8, 4.36613412739612e8
1.3407605541986156e8, 2.062315933848118e8
1.682245572488534e8, 3.035440284489302e8
2.4705355840898466e8, 6.098016377307537e8
1.8912875784738824e8, 7.302095115000753e8
1.3186208695916596e8, 2.85348148299958e8
2.2136678600662765e8, 4.404643117630347e8
1.6784099331747165e8, 2.2209255937554246e8
2.3547859448950648e8, 3.229338638965371e8
4.3356769863220173e8, 5.687946961636559e8
3.1597614886861414e8, 4.111453733988877e8
2.2861628496549964e8, 3.6323622787585926e8
1.2615407430654179e8, 2.5066123660887444e8
2.246992747219059e8, 2.889303958809528e8
2.4187479608927625e8, 3.6510305783716923e8
1.5864765077313253e8, 2.437078667958745e8
1.526487636759775e8, 2.3813652639574373e8
1.673023860893128e8, 4.664052606395072e8
1.986719763747212e8, 2.8229944403030205e8
2.2686341763585413e8, 3.150159251978899e8
1.7328800728568456e8, 2.674889922474864e8
2.1008929399300364e8, 5.8897303555778e8
1.5799797768409407e8, 2.5212457327757654e8
1.458892735847398e8, 2.5241267539533162e8
2.972664564087039e8, 4.150126812860674e8
1.5321582105106282e8, 2.425099033119894e8
1.7587510903146368e8, 3.436237611558156e8
1.9465280346843594e8, 3.719771060130791e8
4.2243631434812707e8, 6.800750039309083e8
3.150828251459735e8, 4.6060734771932584e8
2.2548377426971266e8, 3.2746004088574004e8
2.451966577497568e8, 4.034708673021213e8
7.270486589563735e8, 8.003545357055229e8
1.5468599882737723e8, 2.668812254963108e8
2.5556275764999485e8, 3.622335155142783e8
1.5659094094055068e8, 2.2666608821488932e8
3.306918481563138e8, 3.799280989457158e8
1.7930341003497806e8, 6.050690595180213e8
3.109756964782775e8, 3.611650328411111e8
2.2903751669169584e8, 4.661799937548288e8
1.5748907011063194e8, 2.1525056887797445e8
1.3225838189275555e8, 2.4359484974759457e8
1.4924948765542462e8, 2.1440117563117442e8
1.335801873970696e8, 2.2952068437198174e8
1.9879739791567644e8, 4.0837806043243074e8
2.1879688629209304e8, 5.615487390272588e8
1.795446739697204e8, 2.6829575621890587e8
5.207883592264373e8, 8.707178957739093e8
1.3323539960644723e8, 1.964818890968456e8
2.950853406759606e8, 5.576409940715432e8
3.2808810789389557e8, 4.602426932308509e8
2.269561257697099e8, 4.431558408000751e8
3.973177120415779e8, 5.1486716896000487e8
4.80065339959534e8, 8.5676418777673e8
3.096377261271119e8, 5.731744349996998e8
5.02519180313018e8, 8.795702832018362e8
1.2058214770936929e8, 3.058328240198825e8
3.250872572069958e8, 6.191353500677456e8
3.9456466486486405e8, 5.392485134453223e8
4.3559120060103697e8, 5.08740341345815e8
1.2753349148447041e8, 2.4063041813477108e8
2.4225525918317145e8, 2.9434619844121087e8
5.3029219436018246e8, 6.250673003742999e8
1.414758581804412e8, 2.795549128597236e8
3.1354822371669567e8, 4.304020469238252e8
5.710742598775212e8, 6.509340301554979e8
5.862887618783392e8, 6.712226616998874e8
1.9416042601208094e8, 4.9066111144551384e8
1.47695621018878e8, 2.0948123618835166e8
1.3480573070190704e8, 2.099474975518687e8
1.3916804728211287e8, 3.874958057722712e8
1.4710821254279426e8, 3.162451318986365e8
5.311219673624838e8, 7.407464968380309e8
3.390834453635584e8, 6.666347767647237e8
1.5363867295164645e8, 2.6009051224581945e8
1.927926335154289e8, 2.974573683415124e8
1.7465939112408108e8, 2.404027660065113e8
1.511403430545475e8, 2.785049860028877e8
3.984771897020761e8, 6.231160811326057e8
2.768321946346867e8, 4.292734384043742e8
1.6496000464471647e8, 6.111132260423017e8
1.229288076702888e8, 2.160534594627969e8
3.262200264743515e8, 4.5470718963967603e8
3.3909334407075924e8, 4.57863759731996e8
3.6301051799588954e8, 4.776450727137522e8
1.813839046521922e8, 2.4406929424683055e8
1.2767164626479885e8, 2.4131148558360898e8
2.8023641529654044e8, 3.481802084544398e8
4.5494171435246766e8, 6.289872776721284e8
1.4917737032988745e8, 2.5528025590567026e8
2.244499235603596e8, 3.025871704732033e8
1.545213818237598e8, 3.001125525476454e8
1.6906464094486767e8, 4.3347753566745144e8
1.8338890792153662e8, 2.701893922753998e8
1.446354658987049e8, 5.463162379859627e8
1.68936094214347e8, 2.3617992215746605e8
4.2698594359006137e8, 4.9357303410486925e8
1.7139088749795315e8, 2.2992064786162457e8
1.8537631233476928e8, 2.5343404845459744e8
1.2558955185373773e8, 4.445893152378894e8
1.948162308163016e8, 3.343696862544983e8
1.8488096694459635e8, 2.786381667596729e8
3.642930925893333e8, 5.386431044101609e8
2.3576739786454794e8, 4.4347785981090987e8
2.0072483665367597e8, 3.9198971757806176e8
3.52970068551925e8, 5.751340016042432e8
1.4934021126846036e8, 2.6657299351712853e8
1.3687887693826646e8, 2.2767936174237105e8
1.0667219924169731e8, 1.780752758429478e8
1.9039271109325886e8, 2.6245183214870664e8
1.024287629688937e8, 2.425192285545192e8
1.4856604740729544e8, 2.9294808223050237e8
4.3006858974896073e8, 5.2265222098556584e8
3.857944389499513e8, 5.970485673073871e8
1.0195132387928434e8, 2.0647138085164657e8
1.758434272946612e8, 3.4686404886880165e8
1.9128653156080353e8, 2.6394351399621525e8
2.2283819099121717e8, 4.2600115583752203e8
1.2832856462004903e8, 2.5678145330180344e8
1.6191888376107287e8, 3.713188311529868e8
2.7592803931992406e8, 3.7115302767532414e8
1.3957746952894872e8, 3.2377698938525635e8
3.53863781499431e8, 4.891031245471272e8
2.395665051807297e8, 3.6601158317013806e8
1.497205728497439e8, 2.1811143564867857e8
1.792893578178805e8, 2.704682166187321e8
4.935897450918371e8, 5.935028078676751e8
1.0910146499639744e8, 2.823236392499605e8
2.3918638758393845e8, 3.9433732728233343e8
2.8918164208280194e8, 4.334200404062699e8
1.419237009207429e8, 2.5022476457245344e8
4.555332270078853e8, 6.089465140555887e8
1.284156942674216e8, 1.8244093823194864e8
1.804758071105167e8, 4.193551308945744e8
1.9697323698476893e8, 2.4483915775694615e8
4.0887318923471546e8, 5.041721489813134e8
4.9537676320231795e8, 8.13983461862743e8
2.1468426815561205e8, 2.676939565042332e8
1.607503637099128e8, 3.8803193764191157e8
2.2865164498909965e8, 2.897220316799194e8
1.3898667066923666e8, 2.3848750835176423e8
4.336608712524739e8, 6.458910046738504e8
1.7190067855201587e8, 5.432632669602286e8
1.2632102054651076e8, 1.8549109737445763e8
2.4731433412081793e8, 4.366243157914798e8
2.289192688914261e8, 3.2684680041717136e8
2.9470678849950916e8, 7.524298282524368e8
1.2999794839130017e8, 3.575772494120726e8
4.151941213298644e8, 4.889637621943544e8
2.151010905768409e8, 3.361577743984099e8
1.6170900196106496e8, 2.7364195263188e8
1.9638139691600546e8, 2.6329783159477112e8
1.2871798103310256e8, 2.839862755303888e8
6.323488593588709e8, 7.318499901808815e8
1.485127729449698e8, 5.261011706196414e8
1.5114984107909018e8, 3.028412858575281e8
3.49990844905217e8, 5.3207966543910336e8
4.159971131114003e8, 6.693311888633143e8
2.8089134034245e8, 4.3982308950459987e8
7.210994832383087e8, 8.274529196084416e8
1.0583753324318627e8, 2.566343510063742e8
1.6125794492374685e8, 2.330621658797153e8
3.291858420383483e8, 3.8911333800390244e8
1.1595031304135211e8, 3.3846056939113486e8
1.8244560580703983e8, 7.147220736719755e8
1.951195047572133e8, 5.0255932795717925e8
1.442843861379866e8, 2.3607504552659872e8
1.2025676828088075e8, 3.474045412399704e8
1.8314817145668077e8, 3.3421411168763083e8
1.4319941554849944e8, 3.142841116278172e8
1.734583208368021e8, 3.334181486127307e8
7.224565154650311e8, 9.228905390598202e8
1.3670850642326432e8, 3.127606439032361e8
5.0202710978556806e8, 6.350688470528898e8
6.436414362881505e8, 7.440019631815511e8
1.4992579730690292e8, 2.490040461772409e8
1.9762428253718397e8, 3.9683324185320276e8
1.1108163269283977e8, 2.1475621292252824e8
5.283031030067666e8, 6.136809828843739e8
1.796204317908743e8, 2.6688832542166954e8
1.1080099279686266e8, 2.7854315068885684e8
2.1492013427307105e8, 2.7850224833095735e8
1.725955424930097e8, 3.147023647986965e8
3.5609293993753767e8, 5.2949270218091077e8
1.8935304501928067e8, 3.7607281423659647e8
1.3612464415900475e8, 5.466265793961895e8
1.3566043831202418e8, 3.383583254564706e8
2.3703357865073702e8, 4.1813023474557805e8
4.0637316086491627e8, 5.52195889858858e8
1.984025177935838e8, 3.2735402965335983e8
1.601349604559687e8, 2.341002405435579e8
2.607325112079053e8, 5.584695324365479e8
3.4695652828409743e8, 4.481569563373504e8
1.2839995844566719e8, 2.020407855739263e8
1.7733688460164827e8, 3.194105163008548e8
1.406835152758205e8, 3.290371880164147e8
2.9380204612855256e8, 3.582783644476484e8
1.833330651022397e8, 4.003382691461037e8
4.319202525250185e8, 5.235491315332728e8
1.8194304549977538e8, 2.61242625430389e8
1.3071614579549064e8, 2.4349743492240122e8
1.4808474581051773e8, 3.598758477362791e8
3.3961508328359675e8, 5.429148294510481e8
1.5026484525821075e8, 2.150238707118929e8
1.9414344253168344e8, 2.6317902957809755e8
3.9361025012001455e8, 4.973324632085033e8
2.2896843170469007e8, 3.9100786778844196e8
1.8742639426843402e8, 2.9850544946346945e8
2.037527765606689e8, 2.917382021035327e8
4.194522933361975e8, 5.679579615409898e8
1.1089145794301425e8, 2.221994381133051e8
1.865647363560733e8, 3.385216801236357e8
1.939685110944424e8, 3.505315901860742e8
1.584807741606615e8, 2.0772349154423055e8
1.783153030338e8, 2.3781348555636594e8
1.5931220589450336e8, 2.958259883376749e8
4.243018311589811e8, 4.9239726592998326e8
1.1395997354104728e8, 3.032947395435797e8
1.1547149836408854e8, 1.6666389908056122e8
1.3419479683432975e8, 2.0156739634562945e8
1.08312374815299e9, 1.2185885190402873e9
3.2547900885354024e8, 3.914418880677485e8
1.694240176748069e8, 2.3745467105074728e8
3.5893490102115643e8, 4.4332836935788715e8
1.506674920298374e8, 6.082598909529804e8
7.08488447163032e8, 9.622948485354638e8
3.1910865426176536e8, 4.594348610711443e8
4.63195369440812e8, 5.89294316202306e8
1.2912223250544935e8, 2.1979386174313498e8
2.2483715119408217e8, 4.8049831976347303e8
4.151609016677524e8, 4.660263909893923e8
3.46024548364392e8, 5.0691524774962956e8
3.934767683951043e8, 6.141867700744414e8
3.6503838781224775e8, 8.480967725553297e8
1.0457426266145776e8, 2.1399406436302903e8
1.9188415139942583e8, 5.436330697438077e8
6.291808972080445e8, 6.90360873361338e8
1.2903757008134212e8, 4.475472132206292e8
1.836011018223291e8, 3.1220270797648233e8
3.712371185047301e8, 7.959346266685966e8
2.1234461912784734e8, 3.1109747524339795e8
8.321625084415878e8, 8.974698785467536e8
1.3905169382968667e8, 3.9713024347369784e8
2.935508222713549e8, 4.102800519745108e8
4.144680294111778e8, 4.903563634981136e8
2.285798993113553e8, 3.12143976974391e8
1.189187181470895e8, 1.943095384073789e8
1.0194258154794345e9, 1.5670086737479572e9
1.3546675371802074e8, 4.275224228671703e8
1.4130638286161518e8, 3.7699398348742646e8
1.2658490083778195e8, 2.2396830508078477e8
1.6721336658760482e8, 3.072849874239214e8
1.687834568339344e8, 3.66992523330898e8
1.7227147767640108e8, 2.559893454242222e8
4.502509941561418e8, 7.677095499113543e8
2.7427759901443845e8, 4.269481233372835e8
6.08397315824257e8, 8.276617606757292e8
1.6575935309551236e8, 2.6551639188668835e8
1.782882188272103e8, 3.6471943507176685e8
5.233949406763697e8, 6.388193639656094e8
1.8586769344091287e8, 5.2280326482424235e8
1.8174469798994422e8, 2.5808844757560542e8
1.8554857381657007e8, 2.5910235075081968e8
1.929205447346552e8, 2.3852860741847986e8
2.5917170750404057e8, 3.4208876121546763e8
1.3631231031548622e8, 2.4036300382642078e8
2.026314002411402e8, 2.887133620854541e8
7.270059547481788e8, 7.875192554807706e8
1.783315631370696e8, 2.4021071799050942e8
4.093129925137642e8, 4.6062034493246865e8
2.3067331760931468e8, 3.939393614340216e8
4.752858406507992e8, 7.655913900234611e8
1.377619528613822e8, 2.93600660698293e8
4.36652657236788e8, 6.774504327208248e8
1.559437202649407e8, 4.609355538072759e8
3.3271959294260603e8, 1.0211151552999685e9
1.37904912733192e8, 4.9726672912963957e8
5.0210403244108266e8, 5.676650997785767e8
2.7853570614939404e8, 3.7798569712803036e8
1.36707605658018e8, 2.910981854146844e8
2.0902008887533584e8, 3.445659345438852e8
1.3868512241467834e8, 2.1718335498621452e8
1.2822139953006227e8, 2.806799401489073e8
1.2571302185440002e8, 2.334630199358915e8
2.3293637167905667e8, 2.8486843545490956e8
2.0369435744807586e8, 3.0138804746701896e8
1.6827423329023594e8, 5.155378428712273e8
4.434925892106148e8, 5.763572560487711e8
1.6323228538248742e8, 2.330152749831897e8
3.35225997646865e8, 4.144860475882724e8
3.1683508863894254e8, 4.087366368134086e8
1.833388109425296e8, 2.2894784192070413e8
2.769140353388077e8, 3.617435084703171e8
3.602416771677667e8, 5.673181145872804e8
1.414511345495574e8, 2.5590489721298575e8
2.4679156382335204e8, 4.754620051791448e8
3.044696306674984e8, 3.5651416413577735e8
1.5250141769742465e8, 2.3489593737092066e8
1.6886748005183616e8, 2.1108382790251577e8
1.974371053504599e8, 3.467119408467972e8
1.3820869681000754e8, 2.909367005927672e8
1.3117232456236525e8, 2.827119654433048e8
2.7236966342397e8, 4.499350254954756e8
7.142397046509755e8, 9.248533419169272e8
1.5224101970075577e8, 2.2031910734527892e8
2.0361880966907567e8, 3.372636475583823e8
4.548961469499863e8, 5.2938880861556137e8
2.6655411404431242e8, 3.529575805797876e8
3.5403739745519537e8, 4.175694120587543e8
1.7246265755669317e8, 4.7070522729120886e8
1.7869769685593504e8, 2.362682310196089e8
8.157310581128062e7, 1.6899072650342306e8
4.011600905380005e8, 6.623978372110473e8
5.793590518002087e8, 6.573575312345034e8
1.5892140107093483e8, 2.2086661749217883e8
7.441355561618882e8, 8.446722736932417e8
2.325952258359408e8, 3.706735357599424e8
1.967022475317322e8, 3.209129646739473e8
1.7691595034490573e8, 2.8575862278892654e8
2.2077493536535552e8, 3.2141905070578575e8
5.163834224985028e8, 6.027770964268968e8
3.263182728288821e8, 4.0936976837454534e8
7.51134572742021e8, 1.0566181412382699e9
1.5330303683396485e8, 3.12689133824847e8
7.209072696088372e8, 7.807712713446915e8
1.6924095629237318e8, 3.267729136495676e8
3.676573648830705e8, 4.781808067586781e8
2.953843366738518e8, 3.885491417479003e8
2.7065188767486024e8, 4.921958422180612e8
1.9156035119307745e8, 5.523655002135546e8
1.1676588003415178e8, 1.8470282622064075e8
2.0314096838089058e8, 2.8027006274126446e8
2.2108088094882643e8, 3.1275728227019817e8
1.2114945639464763e8, 2.7614740296353793e8
2.393473833403214e8, 3.494064061996977e8
6.314074447629043e8, 9.858452144549046e8
1.2267942305145563e8, 2.2638256831325132e8
4.7731647310356957e8, 1.0016865569537826e9
2.7231030599446434e8, 7.446410097527218e8
1.3467529225822434e8, 1.705989887225462e8
1.748855230020943e8, 2.7751487791822344e8
4.9160998622363186e8, 5.854973887691784e8
1.6982462668670207e8, 6.62689438286441e8
1.6650722232844955e8, 2.7797367922348064e8
1.9154877690317652e8, 3.216895446736439e8
1.5216089444414777e8, 2.2006850004245287e8
1.700232292093882e8, 4.5500427861690545e8
2.697986986223946e8, 3.471062411652938e8
6.623421696978705e8, 7.539734839566115e8
2.8275917662371594e8, 6.354060767618246e8
2.355407954074053e8, 3.3327880456399953e8
2.9084708720042956e8, 5.475424172019422e8
2.2526147711096784e8, 3.7707692094138974e8
2.2389775809731692e8, 3.2422376509562176e8
3.039696147430116e8, 4.7002286555650616e8
2.333463875418655e8, 3.4765130538755304e8
1.4399921287086886e8, 1.970234621752798e8
2.1137068109265918e8, 2.8958968061488366e8
2.4979599946186966e8, 3.043010152403411e8
2.2342330702885023e8, 3.108348500264461e8
1.352957831739172e8, 2.560950455911776e8
2.170358685234283e8, 3.7672895148060334e8
2.3160379084072387e8, 4.213520027389188e8
1.5016366115340763e8, 2.1444519308729854e8
1.160384385763663e8, 1.9198610060644135e8
3.2036398624203e8, 4.545525954582441e8
1.823724988514317e8, 3.81861282084937e8
1.2822043849138686e8, 4.1030494770145357e8
1.206418623005997e8, 2.225433233028458e8
1.0228829865994999e8, 2.6231108269350138e8
1.7132659578176987e8, 3.265270596119905e8
1.809147016818649e8, 3.0012326897867846e8
1.3032039414321184e8, 1.9024687538367516e8
3.4580551431172675e8, 4.028796074974098e8
1.7786906477454057e8, 3.744802239261983e8
2.9064061487087893e8, 4.178543327716399e8
3.5545956737513566e8, 4.0820338290395856e8
5.821455723520961e8, 8.856857779001079e8
1.3259206532055147e8, 3.082651376612084e8
8.947884174213806e7, 2.2114598396507955e8
1.7278168454490325e8, 2.4206747542939928e8
1.7660564832126838e8, 2.43117162502307e8
2.2389872213594744e8, 3.7439282846425474e8
1.1017108849645887e8, 1.763246907844296e8
1.5672829236387002e8, 2.746247022026661e8
1.4462889365894228e8, 4.348737838768702e8
2.4579088415038544e8, 3.220979511806891e8
1.998342045678938e8, 5.479289640642241e8
1.7526781544689703e8, 2.366810742648847e8
1.1803820312620844e8, 2.307799288013863e8
1.9611639139810178e8, 2.8015502171528864e8
1.562538005739961e8, 3.3253177640762204e8
1.3213701821337014e8, 2.4103993509252813e8
1.386355484656426e8, 1.830360919787254e8
1.317341579360121e8, 1.994445564272e8
2.0595313410102257e8, 3.7358415965252304e8
1.4282808173243293e8, 3.6055023003848207e8
2.0634760956504378e8, 3.987603389003374e8
4.908057760751351e8, 5.757490223388278e8
3.7268517021514535e8, 5.415732742491232e8
7.280442540341829e8, 9.474476302118275e8
5.473179736874204e8, 6.119711500138139e8
3.596959232620696e8, 4.3814960075648165e8
2.1562544344866845e8, 2.812695431147259e8
3.5896582409133655e8, 4.6948636348116946e8
3.30508557395722e8, 5.082855369463631e8
2.8311391549529475e8, 3.9144538097593665e8
1.4146681677829877e8, 2.1234266312825054e8
1.585594925993954e8, 2.74616228589408e8
4.0716224606501675e8, 5.240033443931716e8
7.074531915148449e8, 8.477475885189232e8
1.0107722164806774e8, 4.189115123488964e8
2.3819625870430982e8, 3.066999213782873e8
1.8222169440434605e8, 2.8049663361303085e8
1.9914596028955883e8, 2.96438494354516e8
1.961516907733007e8, 4.67314096990201e8
3.6838663111963177e8, 4.5145944597171617e8
1.4731276609556696e8, 2.738177686296325e8
2.2179451674757624e8, 3.339406906286246e8
5.55454583231609e8, 7.206468362570117e8
1.3336385772846001e8, 4.040450670280647e8
1.5160995678770503e8, 2.469460465808898e8
1.58713724646575e8, 5.869175453884468e8
2.3304094946227548e8, 8.029689812294853e8
1.5611117833024567e8, 3.551945899335389e8
1.2460361026979814e8, 2.279080334994867e8
1.5854092055321828e8, 3.046056308276923e8
1.7491602585600302e8, 2.7809378040169585e8
2.392135718743733e8, 5.426741276552237e8
1.55365257668146e8, 2.4058158082172942e8
1.780165830255011e8, 2.377064683886316e8
1.173564213922333e8, 2.2768329909455332e8
4.2033586152956074e8, 5.160169828078648e8
1.1996635510833909e8, 5.0197538137733465e8
1.9399032268099776e8, 4.524944397923118e8
1.4227931332742575e8, 2.3110509183990586e8
1.2146919675932121e8, 1.8509047814127794e8
1.1747778334017527e8, 1.715246498856136e8
5.404324859862205e8, 6.256859630288543e8
1.3468918968408656e8, 1.9589134679911864e8
2.554988147788163e8, 3.740079616056614e8
1.9250209043368244e8, 2.8963589311794037e8
2.0167053356292006e8, 3.033991048964295e8
3.051383783604526e8, 6.170626522500445e8
2.472146882557402e8, 3.076306595743918e8
1.736006981774715e8, 2.912074448189999e8
1.6674764658847356e8, 6.802781681928333e8
1.411540145016441e8, 3.0225647545702237e8
1.366199668921767e8, 1.7603991014550108e8
4.424294219944219e8, 5.507461496181338e8
2.251080158674451e8, 3.969738749102735e8
1.9720629744816267e8, 2.4831297252165976e8
1.2608217480962105e8, 2.3257841984660915e8
1.631575784726398e8, 2.952815166429474e8
1.704145774411412e8, 3.0209921557082164e8
2.059432261006225e8, 3.5142403491730803e8
5.866905952542789e8, 6.792067700334895e8
4.5374275768698496e8, 6.10959250752028e8
3.8462013185626876e8, 4.361663583246866e8
1.6461617507790878e8, 2.2243465544675383e8
2.294102236246236e8, 3.809638350017623e8
1.7309301327248514e8, 3.093381606385715e8
1.8537953835543683e8, 2.419989942307679e8
1.37609840735373e8, 2.0972811315976253e8
3.351321568668412e8, 4.0707299602377e8
3.2507156548699933e8, 4.132271867707567e8
4.7691818426851183e8, 5.734906232356794e8
1.5922011074510562e8, 2.4889048407460552e8
1.6417348829768246e8, 6.131676220210192e8
1.2722947496280475e8, 1.9936855014181572e8
6.368191098030264e8, 6.979165618848776e8
1.370193958845742e8, 3.769998278622589e8
4.953544578937284e8, 6.053916806694754e8
6.213862398788201e8, 7.566630343609713e8
1.7891029162526473e8, 2.395302366906214e8
2.2277299783032635e8, 3.088322700288716e8
1.2882268393342014e8, 2.3061335840741622e8
2.2154110709789193e8, 3.4838344847432786e8
1.1360133952235755e8, 1.9515749392432535e8
1.8471411415861884e8, 3.480197139172543e8
2.055660707450516e8, 3.0735260413104826e8
1.5114961360372764e8, 2.0165274142110908e8
1.409104730227952e8, 3.68248395074288e8
4.047784986698489e8, 5.175507707940739e8
1.373430086136701e8, 2.2710892277474567e8
3.360465196599165e8, 3.9721883652663517e8
1.1387258703538267e8, 3.030459984375509e8
2.041045547317553e8, 5.100535103212476e8
1.3780929198790264e8, 1.7756201452002168e8
2.900171984395208e8, 4.103252141268697e8
2.8312089980424875e8, 3.767790042579669e8
1.7093135852192682e8, 2.6034334272367164e8
1.948659402568969e8, 2.710621466226851e8
1.3114113829303923e8, 3.274789859234526e8
4.051817336457919e8, 5.224037623165255e8
1.352018345293213e8, 2.4021340005533323e8
1.4773721175238258e8, 6.828654863140308e8
2.8798431115130705e8, 4.2906251275347984e8
2.1309076857179064e8, 2.926321612994958e8
4.9070602065008605e8, 6.587166956907669e8
1.7441624233638737e8, 3.3072535114404476e8
1.7138454163441756e8, 3.5840494027708685e8
1.7143321732588246e8, 2.3223210259945503e8
2.2060001954816142e8, 2.925346213507012e8
1.8330338471617368e8, 3.0019096820475763e8
1.8856355986940312e8, 2.4721455072751942e8
2.0358001266722134e8, 4.1606932292048043e8
2.135128277350597e8, 3.078059128478585e8
2.354934999837534e8, 3.4251258400564694e8
4.178002280439683e8, 5.057291954110662e8
2.9626367264283997e8, 3.599577497601114e8
3.402480651860022e8, 4.7447633525675e8
1.869355258602729e8, 2.7565441751453674e8
1.5942997939986414e8, 2.2620892390726754e8
3.207929529647502e8, 3.9139086045305824e8
2.5272644685192552e8, 3.1524709064421415e8
2.229301116051156e8, 3.1624403638702583e8
2.261892714267579e8, 2.9760994893215233e8
1.8575465838249087e8, 3.4444706877248764e8
3.679189521554656e8, 5.349244599722817e8
4.889335913010099e8, 6.009674440301236e8
3.3139138893603945e8, 4.8672731554790235e8
6.543868790283809e8, 1.2338412157058434e9
1.632332299024695e8, 2.4829208061983296e8
5.0324989836455756e8, 8.54701513422202e8
1.6645754552803093e8, 2.5516901458271995e8
1.7869622249460074e8, 2.683938825949182e8
2.1683687274888447e8, 3.47381326267422e8
3.832461399404741e8, 5.692593240625175e8
2.931730786654589e8, 4.4127386252301e8
3.708105239689153e8, 8.024259387380868e8
1.2214818425322811e8, 2.011679278484316e8
2.8370790136188215e8, 3.4792992483070254e8
2.7272114416273195e8, 5.2934272633274114e8
1.879600947642849e8, 3.345189842004455e8
1.304228511063563e8, 3.373882103240892e8
3.7728065713249123e8, 5.582484495730734e8
1.8372742587803206e8, 2.8414197954344213e8
1.4934374699724162e8, 2.4021700319328976e8
1.5969085613815486e8, 2.6566999885797045e8
2.561089480656272e8, 3.8224190060410357e8
1.7381389911569455e8, 3.3385385916060895e8
1.5674548377473813e8, 2.9080402632407916e8
6.423451201606545e8, 7.239283396362952e8
3.2545525889029235e8, 4.101383456775037e8
2.1793631111527845e8, 3.209647332910635e8
3.925026459498155e8, 4.5086110613610846e8
3.8000423751215553e8, 4.492656998335481e8
2.1772373971188185e8, 3.727575559273988e8
1.1175284614022525e8, 4.4253869900442684e8
1.1149084083985561e8, 1.5355523899915978e8
1.2077900963445626e8, 1.6731113479754597e8
1.773772205083371e8, 2.182740325478924e8
5.17597951869224e8, 6.03878932922209e8
3.963981132707713e8, 5.152186548173372e8
5.567109350409813e8, 7.574758184045541e8
1.3072741558273108e8, 1.6901802126057634e8
2.5400347438835403e8, 3.207755021451313e8
1.7675482487541226e8, 3.6526901344293535e8
9.122512097815304e8, 9.832330429984889e8
4.1845787288363856e8, 8.482342122659909e8
3.582099723792691e8, 4.4611885398653525e8
4.6929114034595984e8, 6.39355394504212e8
1.1423326022376446e8, 2.3297863597460863e8
3.446199989923305e8, 5.1248661720755005e8
3.3809039318220717e8, 5.402276176500893e8
6.743228248245472e8, 8.464916479087352e8
2.164898774075553e8, 4.51309820172807e8
1.6444313287498987e8, 2.659465228272033e8
1.4431385815049884e8, 2.6382744750909108e8
2.766978578730817e8, 3.3217920664386266e8
2.4267817512145948e8, 4.900408027274449e8
1.4816378260849503e8, 3.515021304586395e8
1.5085909291967934e8, 3.721395184309668e8
2.2816707895588276e8, 3.0298259592995507e8
2.9260630773659503e8, 5.0702736646975565e8
1.820461835767134e8, 4.493163260491298e8
1.8435740530448124e8, 2.6709968330211446e8
2.1657849207030785e8, 3.291942294768679e8
5.766018570767273e8, 9.248383645597018e8
1.0025591311299549e8, 1.6593911326617852e8
3.0902808089087176e8, 3.76356236977204e8
2.28206497306578e8, 3.1338646461181545e8
1.1943540975043905e8, 2.9126941015790176e8
3.6861926059555084e8, 4.224614802643555e8
1.6938269998034284e8, 2.429424210467058e8
3.1661587084659296e8, 3.9172067757241535e8
2.404794710305226e8, 3.159390770741884e8
1.0853313128869703e8, 2.730189674579467e8
3.5734085578473204e8, 4.1323722959539706e8
1.8122928506041786e8, 2.6303183218432468e8
1.763250454958403e8, 2.748686949202642e8
1.2518862051845856e8, 1.9703172411432832e8
1.888876592478106e8, 2.8429328658679616e8
1.563387483479384e8, 2.5444657427448258e8
5.014715515852507e8, 8.986456600065635e8
5.457392618241392e8, 9.167771917052065e8
1.3444127738853872e8, 2.4990188441593602e8
2.61698419699666e8, 3.93213466583859e8
1.9129179197132975e8, 4.157789950810184e8
2.54675373639214e8, 5.563754655126961e8
2.1932627418166807e8, 5.096800094589413e8
4.749778804383747e8, 6.00331420720229e8
1.426039253182376e8, 2.7647452823118985e8
1.6029988202519047e8, 3.62571435961725e8
3.073786975093654e8, 4.641851136187492e8
1.267645332560457e8, 2.1226241187232426e8
1.1066511679159106e8, 3.422624830050059e8
1.1805404850415057e8, 2.7743772663883394e8
1.7216820618546933e8, 2.554703495697043e8
1.2350221389740816e8, 1.7917561799799204e8
2.1237851209908068e8, 2.7230002064879715e8
1.7561419874246752e8, 2.7923466756582075e8
1.1875355741939983e9, 1.5428528784100394e9
2.5308064924391183e8, 3.9450283240602523e8
1.8042332284973362e8, 2.6666482264130157e8
4.8217122398786783e8, 5.805416840199003e8
1.6609990136594188e8, 2.4722927853388116e8
3.372238578094111e8, 4.131808106079842e8
6.245063290180633e8, 8.074057136724751e8
1.3854862608501944e8, 2.6661009120084268e8
1.1125996591341226e8, 2.871920793835533e8
1.9547786576901352e8, 4.272055706483777e8
2.1392653182857105e8, 5.2290791573892176e8
1.2217234754371788e8, 1.7419549837100202e8
3.698112858349684e8, 5.228896978170565e8
1.604732793899298e8, 2.5761762137247044e8
1.6749960042328757e8, 2.5213950018420747e8
2.836404760458214e8, 4.3073972810055375e8
1.2966156624748287e8, 2.2548711887217063e8
2.5141455504512715e8, 4.692519679094363e8
3.213067605792819e8, 4.1364404474225867e8
2.68845802083213e8, 3.313264736233429e8
1.5126697835254258e8, 2.0809648576416537e8
2.337146164133027e8, 3.7689703554431075e8
1.673109976184079e8, 2.400386605730071e8
1.0867262650764409e8, 2.0984387554362658e8
3.584616663438778e8, 6.037702983472432e8
2.4278598126909572e8, 3.3306666547853404e8
1.5382235925736687e8, 2.803526798602868e8
1.6713249417496136e8, 2.935340772555148e8
3.1649511158561206e8, 4.355131263861034e8
3.563310182934632e8, 6.842415525921078e8
1.5493611240313533e8, 2.779359481395271e8
1.5073622969201145e8, 2.3377443331386662e8
4.075814468885948e8, 6.219654268548437e8
3.232078048516146e8, 4.2995244952936304e8
1.6539388021170312e8, 6.838651281739746e8
1.7176990985616738e8, 2.4557845048583618e8
2.1737626310633984e8, 2.8137284134483355e8
3.071314288719777e8, 5.322769960880534e8
1.9434167405407166e8, 2.671121147555092e8
2.142420398766683e8, 5.2650802159321827e8
1.654949005717139e8, 2.749578166445856e8
1.2588925603569259e8, 3.2608047025850046e8
1.3118811050048716e8, 1.9852534800729632e8
1.558009459122298e8, 2.2875213756255648e8
2.128156245653413e8, 2.679749411744519e8
3.449330074383215e8, 4.476667164681319e8
1.4120689733460912e8, 3.146485754221319e8
2.2103685461738735e8, 3.366669753078189e8
1.9099030375704473e8, 2.845606163593897e8
5.348117634165665e8, 6.77437050043438e8
1.3319327544778298e8, 2.065682401151448e8
1.6806051512131575e8, 3.002623547187163e8
2.6454360517178512e8, 4.522634468211847e8
2.305726533740498e8, 2.9761160751638836e8
1.1802800266798288e8, 2.311088246965077e8
1.4563819537821072e8, 2.9044556604938793e8
1.4083058871177223e8, 8.428137175831207e8
6.081661319571403e8, 6.707018356355722e8
1.6583798372225997e8, 2.3397979223113048e8
4.6233644935759693e8, 6.039376254923989e8
1.6459321013356912e8, 4.204543678498109e8
1.4140626175430474e8, 2.204618151943383e8
1.649532027226068e8, 2.8706946932885075e8
1.6173786048586598e8, 2.3524556107826695e8
2.6185465923555458e8, 5.612876733707645e8
2.72193166034435e8, 3.494307956410769e8
1.6541925117215243e8, 2.695830664292854e8
1.9129409650187713e8, 4.165902807894434e8
3.477065460205507e8, 4.728365641653405e8
1.3516017290501815e8, 3.54953641283565e8
1.5721797919717085e8, 3.753993392362881e8
2.6478171085184017e8, 3.433832106830791e8
1.1420128508048312e8, 1.820584751997178e8
1.4084621199017596e8, 2.4708487911530063e8
2.381683752020157e8, 3.817287284516679e8
3.3935338469720364e8, 4.3750898516190475e8
1.923222007753442e8, 3.333191528278794e8
2.122102705202411e8, 3.802823366986286e8
1.842171201677951e8, 2.910357687585076e8
2.2212688590040982e8, 3.086712758242574e8
2.8730370559503883e8, 4.856704159671932e8
1.9339730071608722e8, 2.5932267236907747e8
4.61990919934091e8, 7.122249355652775e8
3.266479732920517e8, 6.112149701725277e8
1.3257797099163154e8, 2.888577961233229e8
2.1457172327062678e8, 2.6441226292673677e8
1.2062068781276156e8, 1.7060595637137386e8
1.6816638102200192e8, 2.5010614082958278e8
6.008375707265282e8, 7.861054982262166e8
1.8748644052659094e8, 2.7515355465118086e8
4.289717110482652e8, 6.503660460479867e8
1.2203252893120557e8, 1.87242209699592e8
1.356016868090084e8, 1.941546849972342e8
1.8823320309055918e8, 3.467815068381185e8
1.3622946382207832e8, 2.5536820333186743e8
2.653854689773971e8, 3.5421576571021795e8
1.5120886021640086e8, 3.20138243525604e8
2.2643561470010754e8, 2.873213819672488e8
1.0104075656088488e8, 1.934280613192761e8
1.4584007706182685e8, 2.424842618582205e8
1.7476633592894223e8, 2.4181088609078756e8
1.9319928903167406e8, 4.2689251984102243e8
1.4745941472003198e8, 3.52291028284444e8
1.1726917352688015e8, 3.7655119699741e8
4.403861186912843e8, 5.776260044381007e8
5.611990139006189e8, 6.581822846381619e8
1.741355042527173e8, 2.5260934859185836e8
1.4391760750374383e8, 2.178660063509183e8
1.1601171049381533e8, 2.5800937479685596e8
3.7523327199982363e8, 4.779565483288328e8
2.9860352739637345e8, 4.3086890717287886e8
2.2760931504400998e8, 3.902275632571768e8
2.5187810761836556e8, 4.7905567489208484e8
4.3307634328030044e8, 4.9487884662828535e8
3.239160044463744e8, 3.901854405749281e8
2.9219502400475365e8, 4.400290564949804e8
5.660095479024116e8, 6.315403574704287e8
1.3778837656232622e8, 2.0411992537384394e8
1.56607949839201e8, 2.236780288923348e8
2.853672268634519e8, 4.1364672001835823e8
1.58263749249527e8, 3.7235494287589556e8
2.52235641563058e8, 3.1033711801383734e8
1.8673909823240608e8, 2.494098167280647e8
1.2638986761657399e8, 2.8996142225588745e8
9.873217192843413e7, 3.709675362233511e8
1.444694560564974e8, 3.159687332548189e8
3.7600897697934437e8, 5.101360088093051e8
1.501153209570325e8, 4.062915658044648e8
1.7286622284851938e8, 6.253070565079952e8
2.4044639671975473e8, 3.298133061144393e8
4.046333203592499e8, 6.232379324393021e8
1.7956569088107005e8, 2.798090539683996e8
1.6910304525775224e8, 4.0226683388938046e8
1.353591070577651e8, 2.3542984087597057e8
1.6161710663997495e8, 5.766891547202265e8
1.411075405609337e8, 2.443031328105005e8
3.445739942535442e8, 5.903442976485573e8
1.9796445924679956e8, 4.2856862568934584e8
1.240110838514017e8, 4.325309540737049e8
1.5457922901166967e8, 2.154830698604252e8
1.2656563902640688e8, 4.8624236774561423e8
2.267896631636891e8, 3.5186625831246585e8
2.6634076056009793e8, 6.059224910924892e8
9.4420031873395e7, 1.3208789625230132e8
2.4980639691777e8, 3.959739488547958e8
2.1604828650710934e8, 2.7959719337393695e8
1.4865087307202286e8, 2.6377567992516908e8
4.2678992209909904e8, 6.241215663520987e8
1.3594989487433267e8, 2.383300102329615e8
1.5473105951858616e8, 2.421312079085518e8
1.3192787112875748e8, 2.0290181902279985e8
3.4860271219938827e8, 8.829075290631249e8
2.3357792297593594e8, 2.9731376580064726e8
1.6396013959846416e8, 5.161598313307429e8
1.7626750888456857e8, 2.6140118573458597e8
2.4753557410864237e8, 6.885284606524012e8
3.1353595667164546e8, 4.329024677705389e8
2.579442727900788e8, 4.2733768688854283e8
5.578415585821228e8, 6.582448592034271e8
2.33616421225136e8, 2.909881860013184e8
1.5369756171461728e8, 2.1966509934041983e8
1.1156927554348269e8, 2.1887275034256953e8
1.5115509038316038e8, 3.020604203255229e8
1.525620206007712e8, 2.3644995712600255e8
5.049448406747276e8, 7.967792290263225e8
2.1154253687111712e8, 2.907778118122569e8
1.437973155402877e8, 2.4015241937446272e8
2.5214151417284736e8, 3.6957470568465495e8
1.0240585202223684e8, 2.64030544529695e8
1.567727330315339e8, 2.3176028183945784e8
3.137720376956893e8, 3.8654847084737694e8
1.6982629444628865e8, 2.3869394398678392e8
3.031892140712045e8, 3.482723173896662e8
1.6198021046176976e8, 2.2034035841853732e8
3.1487620339810395e8, 3.822304030560048e8
1.35083662136546e8, 4.7522102114167374e8
5.0527795215787834e8, 6.547981050592387e8
5.369704494668814e8, 9.695405134582107e8
1.147631239546984e8, 1.9342232913740376e8
1.728553905070951e8, 3.6156888975103915e8
4.1980048706708276e8, 5.2040478015048975e8
1.6733858120471036e8, 2.761572947143476e8
1.815137625289339e8, 2.5743911038715875e8
3.385634813763212e8, 3.97858855071513e8
1.53434601326223e8, 2.716201700628064e8
2.2536766502115896e8, 3.138600719643078e8
3.251365732856651e8, 4.46695801505518e8
2.813901904589838e8, 3.6752185035896903e8
2.2695334501927948e8, 4.053487380755079e8
1.222650616827999e8, 1.902225629683626e8
2.2631360465566438e8, 9.391459273843118e8
1.8700669375588274e8, 4.0395150486876494e8
1.9485743168685097e8, 6.493591347742795e8
1.4907770122174448e8, 3.015311352530818e8
1.809956264117239e8, 2.5185727761957076e8
1.345767286157223e8, 2.1955986173527476e8
1.5933922810308787e8, 6.186193405858092e8
1.9594804008781764e8, 2.6943346152499384e8
1.2374199045672962e8, 2.0087801476851094e8
2.3060953797015053e8, 3.4561031804391164e8
1.7150886086512497e8, 2.196789450535395e8
2.2645131928651497e8, 3.964886223598978e8
2.914000166354312e8, 4.399708725053842e8
1.5085601478688025e8, 2.5930775733999532e8
1.2595417973472442e8, 2.2950306599246868e8
3.210617449978231e8, 4.094146373233038e8
1.7885361156778315e8, 3.2870351606544614e8
