(1,87111.29)
(2,112363.4)
(3,134708.16)
(4,143604.45)
(5,142229.5)
(6,136587.28)
(7,127256.73)
(8,113441.38)
(9,99688.87)
(10,87550.4)
(11,79319.05)
(12,85724.12)
(13,106690.58)
(14,130748.9)
(15,150083.78)
(16,156278.53)
(17,154273.83)
(18,147562.66)
(19,136582.47)
(20,120930.63)
(21,105970.04)
(22,93457.23)
(23,84438.72)
(24,90338.86)
(25,111365.56)
(26,134435.53)
(27,151323.28)
(28,156510.94)
(29,153479.0)
(30,146357.73)
(31,134569.58)
(32,118209.34)
(33,102513.37)
(34,89553.3)
(35,81189.45)
(36,88403.77)
(37,111425.0)
(38,136813.4)
(39,155338.71)
(40,160853.27)
(41,158127.61)
(42,150932.82)
(43,139280.56)
(44,122404.22)
(45,106140.87)
(46,92197.98)
(47,82598.57)
(48,87955.0)
(49,108159.39)
(50,130384.89)
(51,147166.88)
(52,152839.64)
(53,150160.24)
(54,142363.19)
(55,129516.6)
(56,112950.02)
(57,97119.87)
(58,83468.91)
(59,74657.4)
(60,80703.39)
(61,101796.64)
(62,126427.83)
(63,145328.11)
(64,151100.03)
(65,148882.86)
(66,141793.43)
(67,129973.77)
(68,113397.53)
(69,97753.13)
(70,85392.08)
(71,79017.07)
(72,88209.07)
(73,111514.77)
(74,135431.71)
(75,152288.24)
(76,157746.86)
(77,155355.45)
(78,149061.8)
(79,137868.05)
(80,121969.58)
(81,106302.15)
(82,92582.11)
(83,83895.26)
(84,91545.53)
(85,113599.15)
(86,135853.32)
(87,154433.56)
(88,161175.15)
(89,159451.41)
(90,152790.35)
(91,141040.0)
(92,124726.39)
(93,108852.77)
(94,95011.32)
(95,86578.87)
(96,92338.53)
(97,111710.88)
(98,133796.7)
(99,151241.32)
(100,155781.64)
(101,152468.78)
(102,143390.6)
(103,130016.49)
(104,112472.49)
(105,95087.96)
(106,80702.03)
(107,71436.06)
(108,77308.85)
(109,97405.65)
(110,118666.51)
(111,134455.98)
(112,136698.3)
(113,128369.6)
(114,115226.78)
(115,97115.2)
(116,75126.71)
(117,53358.71)
(118,35114.86)
(119,20510.44)
(120,21237.87)
###################
(1,87111.29)
(2,96791.75)
(3,104342.67)
(4,104408.15)
(5,96216.94)
(6,83763.61)
(7,70381.17)
(8,52335.76)
(9,36267.18)
(10,21251.56)
(11,9573.45)
(12,11237.32)
(13,29028.05)
(14,47411.05)
(15,62837.48)
(16,67278.2)
(17,64217.69)
(18,54879.73)
(19,44696.65)
(20,30251.96)
(21,16054.08)
(22,6074.26)
(23,0.0)
(24,7886.35)
(25,27974.16)
(26,49461.79)
(27,64915.83)
(28,70977.47)
(29,66195.92)
(30,57468.45)
(31,45980.94)
(32,29424.77)
(33,15116.57)
(34,5458.83)
(35,0.0)
(36,5002.93)
(37,25115.08)
(38,50773.29)
(39,68676.19)
(40,73611.67)
(41,67509.23)
(42,58437.1)
(43,46184.42)
(44,31317.71)
(45,17232.5)
(46,7049.52)
(47,0.0)
(48,6365.39)
(49,26553.3)
(50,47289.35)
(51,61705.51)
(52,67212.97)
(53,63721.51)
(54,55531.65)
(55,42515.89)
(56,26511.58)
(57,11850.78)
(58,1387.61)
(59,0.0)
(60,5116.2)
(61,23447.41)
(62,45624.36)
(63,61440.32)
(64,67483.38)
(65,64946.17)
(66,56995.67)
(67,45003.28)
(68,29321.74)
(69,14963.7)
(70,4824.33)
(71,0.0)
(72,8892.94)
(73,31187.24)
(74,53386.89)
(75,70385.76)
(76,73847.31)
(77,70717.48)
(78,62392.97)
(79,50615.75)
(80,35392.04)
(81,20251.32)
(82,7302.53)
(83,0.0)
(84,11147.03)
(85,31878.45)
(86,53742.67)
(87,71881.28)
(88,78664.05)
(89,74972.76)
(90,66832.09)
(91,54901.61)
(92,37656.21)
(93,22289.23)
(94,9917.17)
(95,2502.2)
(96,9551.21)
(97,28912.7)
(98,46595.51)
(99,64298.51)
(100,66603.36)
(101,63395.21)
(102,54368.43)
(103,43521.29)
(104,29562.77)
(105,16498.84)
(106,6096.76)
(107,637.57)
(108,7807.22)
(109,27929.23)
(110,49441.9)
(111,67884.16)
(112,72249.62)
(113,67984.27)
(114,60115.59)
(115,48408.43)
(116,33119.84)
(117,17087.93)
(118,5316.76)
(119,0.0)
(120,0.0)
###################
(1,87111.29)
(2,138235.14)
(3,182156.57)
(4,200717.6)
(5,200717.6)
(6,200717.6)
(7,196160.43)
(8,184693.01)
(9,171656.67)
(10,161090.68)
(11,152861.79)
(12,159752.06)
(13,186355.67)
(14,200717.6)
(15,200717.6)
(16,200717.6)
(17,200717.6)
(18,200717.6)
(19,196882.39)
(20,184836.14)
(21,172512.54)
(22,160598.13)
(23,151977.97)
(24,159829.93)
(25,185362.28)
(26,200717.6)
(27,200717.6)
(28,200717.6)
(29,200717.6)
(30,200717.6)
(31,194954.5)
(32,182279.08)
(33,168614.64)
(34,160716.81)
(35,154670.18)
(36,162752.57)
(37,190234.4)
(38,200717.6)
(39,200717.6)
(40,200717.6)
(41,200717.6)
(42,200717.6)
(43,195290.28)
(44,180973.78)
(45,169381.56)
(46,158006.87)
(47,150966.94)
(48,160983.28)
(49,186131.94)
(50,200717.6)
(51,200717.6)
(52,200717.6)
(53,200717.6)
(54,200717.6)
(55,192506.4)
(56,179188.1)
(57,168305.81)
(58,156224.18)
(59,148626.18)
(60,155624.84)
(61,177490.38)
(62,200717.6)
(63,200717.6)
(64,200717.6)
(65,200717.6)
(66,200717.6)
(67,196103.06)
(68,183676.78)
(69,172613.26)
(70,163302.62)
(71,156974.79)
(72,166098.13)
(73,193444.25)
(74,200717.6)
(75,200717.6)
(76,200717.6)
(77,200717.6)
(78,200717.6)
(79,195421.71)
(80,181811.59)
(81,168522.96)
(82,156022.42)
(83,148881.09)
(84,158826.8)
(85,188712.99)
(86,200717.6)
(87,200717.6)
(88,200717.6)
(89,200717.6)
(90,200717.6)
(91,195901.78)
(92,183247.48)
(93,172635.21)
(94,163644.87)
(95,155999.23)
(96,163316.91)
(97,187216.25)
(98,200717.6)
(99,200717.6)
(100,200717.6)
(101,200717.6)
(102,200283.4)
(103,189296.17)
(104,171925.21)
(105,155006.89)
(106,142325.33)
(107,133910.34)
(108,142189.99)
(109,166640.05)
(110,200717.6)
(111,200717.6)
(112,200717.6)
(113,195399.55)
(114,187373.35)
(115,171286.69)
(116,148113.82)
(117,126101.47)
(118,111374.54)
(119,94447.88)
(120,101672.39)
###################
