1;1;0.3058085989106654;[0.6633933413378682, 7348.795509163123];0.7998030431784231
2;1;0.42717719684972755;[0.8118497907573379, 2775.372383757493];0.7978147254692675
3;1;0.4416729565609465;[0.810056536313847, 2469.680624710036];0.6573357959872211
4;1;0.4462847526212382;[0.5848932499910844, 3054.4049575677527];0.6795326425444016
5;1;0.4120790310778934;[0.48510657372617705, 1437.614142514545];0.4718934679646367
6;1;0.31290642898914894;[0.4845321314789457, 1346.0769427737853];0.32466139808914796
7;1;0.27258284503386704;[0.6755506701318625, 746.1684461136671];0.21659682261392196
8;1;0.2642015965463832;[0.814880194965959, 231.91649863656576];0.2027032291054497
9;1;0.25774315436513323;[0.8203605552771769, 257.21406862210614];0.33040658443821064
10;1;0.30165569170693957;[0.9909460477690188, 283.6523805202947];0.525063593966645
11;1;0.38877953048991176;[1.3475005005152274, 777.5195180244474];0.7340086148696084
12;1;0.39043658721843255;[1.2291533939844184, 3149.833540570255];0.7970355948119737
