1.5527330866077358e8, 2.7852671256246555e8
1.6044035918135282e8, 2.4745519439124945e8
1.3933651438851616e8, 2.1191191460031852e8
1.4300148595005852e8, 3.147284289713353e8
2.2745119814152682e8, 2.745321338726812e8
3.053289019088435e8, 4.2070305028586614e8
1.436674199708402e8, 2.9442691759668005e8
1.2518562579413976e8, 1.7456435994602033e8
2.3109761618038195e8, 5.695948860937896e8
1.1924571277070731e8, 2.889940988268426e8
8.519042258934584e8, 9.455630761904392e8
1.596561128428454e8, 2.1356919423071873e8
1.4764190498666507e8, 2.5280020440126503e8
5.236172179626131e8, 6.535094878055333e8
1.963702981392659e8, 3.674015878297746e8
1.8437678021513683e8, 2.6975869570163316e8
1.5257060206413722e8, 2.02503229694388e8
2.7816201712188864e8, 5.231908821525915e8
1.375117394672084e8, 2.076444857430854e8
1.5554022382466435e8, 4.3028196565799594e8
2.3899855128958693e8, 4.0317023902743256e8
3.1904952919611746e8, 3.877140128663625e8
1.1372433227444614e8, 3.006268226137428e8
1.4905263516281414e8, 3.107964056214807e8
1.7567333408264738e8, 2.5074187047131795e8
1.4328182291953117e8, 2.017584209662444e8
6.164810431326969e8, 6.83596413006799e8
2.1376687252620798e8, 3.155363494268217e8
1.9129095146570247e8, 4.875218320659223e8
2.2143082766810605e8, 3.110425118190562e8
1.5719011501255885e8, 2.7701914490734434e8
1.5759716423722917e8, 3.0305511847072095e8
1.659668204108789e8, 5.486411210154455e8
1.7720485221619987e8, 2.7794358692998254e8
1.7990523464734194e8, 2.941364641810031e8
1.7625261995999843e8, 3.5619121224142534e8
2.947929929397751e8, 4.4458231672991395e8
2.460449246882536e8, 3.2618822588839513e8
1.7524400797953433e8, 3.4314008413455194e8
1.4764766400768313e8, 2.293356580759103e8
1.686929480669075e8, 3.400621411617724e8
1.4114294315263993e8, 2.0052877869274166e8
2.4279968109176618e8, 3.16981843144206e8
1.7040334136543614e8, 2.5145306275223044e8
2.1050930184035945e8, 2.860741394017722e8
1.1435813501594383e8, 2.2399528839994046e8
4.850622755230047e8, 7.086590045998826e8
1.558329694048667e8, 2.3201054010688177e8
1.7221258149316955e8, 3.1809484847140884e8
1.639060366548917e8, 2.5022458799692425e8
1.6778416443190488e8, 2.1581637319760996e8
1.5136954061896506e8, 2.115924893272693e8
2.2893936027385932e8, 3.28841335222645e8
3.743614786902713e8, 5.713634323017831e8
1.0950628821180909e9, 1.227218790751547e9
1.187733384197104e8, 1.6086885067827275e8
1.7617996584220818e8, 3.677649364414801e8
1.3175133707408896e8, 1.862320967729406e8
1.628365237820546e8, 2.2275990330384526e8
1.743804017338524e8, 3.6416488282995814e8
1.1508481302472608e8, 1.959330512632944e8
1.5952843693941557e8, 3.066426617426531e8
1.7315323902098e8, 2.408847327077001e8
2.687009788474238e8, 3.1486480915423775e8
1.4244729015024495e8, 2.1475903396345714e8
4.944778193608282e8, 5.590014427134854e8
1.5166908790493292e8, 2.237203118103822e8
2.113022684123653e8, 3.438831867859767e8
1.2527313401097944e8, 2.5091541025719613e8
3.456541454119056e8, 4.432563821539175e8
5.949852062317303e8, 9.230516843581756e8
1.2661333463853176e8, 2.92681093380423e8
9.675586713537721e7, 1.3514112907907122e8
2.729800162924958e8, 3.7081158964644384e8
2.885200204675044e8, 7.086582292340376e8
4.368769819983834e8, 5.2851733913418764e8
2.8247393034856385e8, 3.700193713850464e8
1.8624057000501728e8, 2.98928129096764e8
2.2666705052567893e8, 3.4168653490428287e8
1.661042508398193e8, 2.9334675666818655e8
2.725663787353922e8, 4.822006349689862e8
3.9923926163830733e8, 6.026935908735411e8
1.2646922542967078e8, 2.1843030690844023e8
1.4937479688447523e8, 3.077413545268781e8
1.1547235754861005e8, 3.414809262794538e8
1.5315478438903475e8, 3.0668266112077355e8
1.7002121272923285e8, 4.2388746572976464e8
2.3070471246234614e8, 2.881439381573772e8
1.7912339850881708e8, 3.293372898974003e8
1.7792454583685195e8, 2.6023589650195426e8
1.3661610047525972e8, 2.0557651775127852e8
1.8246430592798194e8, 4.750350298258992e8
1.2590971921629755e8, 3.542783445587883e8
2.6827864354523265e8, 3.344400135809316e8
2.882983243030919e8, 4.031790492819997e8
1.5500875881872153e8, 2.5488365362146926e8
2.0648426877699414e8, 3.688242524041373e8
1.4516562199970952e8, 1.8860565363950366e8
4.5022557072542405e8, 7.381499211136419e8
1.3235533128889081e8, 3.552923394970254e8
2.625457860431465e8, 3.450139124239784e8
1.1801754563510281e8, 1.8354339665198377e8
1.736410671801587e8, 2.9116953255565894e8
1.6114283712764078e8, 2.2911028659848297e8
2.0594301809722736e8, 2.901634700617436e8
1.4158756420604444e8, 2.1091099810974774e8
1.655969971862576e8, 4.466543063616807e8
1.555980636941452e8, 2.3847466193880033e8
2.120761262432711e8, 2.7041806498900974e8
3.282039450425794e8, 4.58362831427849e8
1.5133077031576e8, 2.5699402046191263e8
4.255046940006242e8, 5.690213682484236e8
2.2931193562667844e8, 2.979671108343983e8
1.1497230904461566e8, 2.4550491258745378e8
2.2957013977937865e8, 3.066511688676989e8
2.014865733778264e8, 3.058927441962929e8
4.968543053296652e8, 5.826974495369546e8
3.394746606105026e8, 5.799870713613157e8
1.5331421397572386e8, 3.019644743920527e8
2.1150236277109224e8, 2.745837086366716e8
5.0721781800488245e8, 6.704771983067725e8
3.7356261720454013e8, 4.536909336506373e8
6.132976710194113e8, 6.966397346726952e8
1.5958503474420568e8, 3.361148902381616e8
1.922155299211939e8, 2.4528326192839593e8
2.247836131953715e8, 3.621299827577309e8
1.8260834537638882e8, 3.400634617739539e8
1.3690982505453992e8, 2.221068710059264e8
2.802756640125946e8, 3.3237051713251793e8
3.133937346555815e8, 4.1882014450501734e8
1.7984721765667516e8, 2.5156631077932107e8
1.434123903090378e8, 2.0343059382825157e8
1.350090206488441e8, 1.8782779025123852e8
1.4737775586272544e8, 2.0090628622004774e8
2.112597296425482e8, 3.2596752012476814e8
2.169216414419999e8, 2.850025525476826e8
2.18374164274556e8, 6.634228483940647e8
2.0236765037972802e8, 2.931123941697403e8
8.11194028352595e8, 9.291050819248629e8
1.6513807299252257e8, 2.61931580343216e8
1.5196219886163592e8, 2.1143622815353104e8
4.285383670966768e8, 5.41869731428813e8
1.5618233238720644e8, 3.189961917127558e8
1.3541243496044716e8, 2.119558200386036e8
1.660877464520235e8, 4.4456541668340915e8
1.5450191085790992e8, 2.3893761045834294e8
1.935194413105224e8, 3.966472217141165e8
1.2500840103750962e8, 3.1797161748327494e8
2.088101640846117e8, 2.518702187346128e8
2.2167717063400552e8, 2.7945046704063946e8
1.2070060809857427e8, 2.063075201715175e8
4.434846519152344e8, 5.070054366478938e8
3.2418583766782415e8, 4.31319079025928e8
1.9125085128792924e8, 2.7882243396126723e8
2.7146089230595255e8, 3.6983158895487183e8
1.603421930822386e8, 3.004538448989057e8
2.0062192431289142e8, 2.6759676948705527e8
1.6272804764724702e8, 2.2477770083290172e8
4.758859953397731e8, 6.708685407405071e8
2.0227733747067457e8, 2.944052854569317e8
5.590842872394519e8, 6.550484551083268e8
1.8886188501710886e8, 4.472588774329088e8
1.772610778979807e8, 2.396382677762173e8
1.8414671476897243e8, 2.932595367012736e8
3.669300504377507e8, 4.8284022967345166e8
2.5213209225814462e8, 7.173670524102457e8
1.3751007058784142e8, 2.376311444000333e8
2.1970212800121707e8, 4.031499254365424e8
4.420083261326622e8, 5.54384331377596e8
1.781331429741067e8, 2.765895330337036e8
1.6734621752718073e8, 3.9637691602804625e8
2.02939890115098e8, 2.8672175211640114e8
1.8580414947627324e8, 2.3358590933622912e8
1.5817388315029237e8, 3.4602081244557595e8
2.4534957183125135e8, 4.255569004495082e8
3.1185125271788573e8, 3.8235114783965665e8
2.2088220098801875e8, 3.291141400016926e8
1.4883902630143642e8, 6.777803591730868e8
9.374293326503513e8, 1.0203633345154308e9
5.2939553032223743e8, 5.86084671265758e8
1.4354036286983028e8, 2.0825147520948625e8
3.145473493255469e8, 3.9609986360843104e8
5.1961857418528557e8, 6.36188543772805e8
1.808221862047978e8, 3.594052655866814e8
1.9952259013519353e8, 2.721705633134219e8
2.7175152374285316e8, 3.730632325245642e8
1.8232053544787985e8, 3.244311697968525e8
3.153620493009132e8, 4.401058380147925e8
1.2967730414397761e8, 1.8548599899070954e8
1.5521367119202906e8, 2.1754280360346323e8
1.8364990252641782e8, 2.757251759713202e8
1.65394912800425e8, 2.3164972438716343e8
1.5604956260999787e8, 2.1496419306187895e8
2.4038818768137014e8, 6.002920490176295e8
1.380700409183359e8, 1.924602244781684e8
3.587948548200517e8, 5.180469305167482e8
2.3434634998562884e8, 3.006452057202737e8
2.4825731643478847e8, 4.462427554437751e8
4.453726649817752e8, 5.594923135014229e8
3.7644444529451114e8, 4.9538121085042995e8
3.0678652583865535e8, 4.876297359004689e8
1.7458108744996133e8, 3.039692695615308e8
2.1125236851559663e8, 2.7397856646125895e8
1.380774621086198e8, 2.1622590008751056e8
1.7525812363287953e8, 2.2782392720022216e8
1.2392451968033457e8, 1.9095184396356636e8
1.1000712510166927e8, 2.903117815084995e8
2.3221532954269648e8, 4.1098990662292856e8
1.4738714460987112e8, 3.6926012332945234e8
1.2871324489504422e8, 2.1209938662712687e8
1.501305579436746e8, 1.9813962116184747e8
1.6694092486782944e8, 2.8412390679436755e8
5.160645731654006e8, 5.798124416900415e8
1.733620894091301e8, 4.871793703751316e8
3.067997958196362e8, 3.636483668841055e8
1.5121131600272262e8, 3.255787175494148e8
1.944783464950056e8, 3.049740397096676e8
5.782807196157359e8, 6.95373229722975e8
2.036009858984937e8, 3.1949386950746685e8
2.056317881577366e8, 2.6755253358701876e8
3.056017895159503e8, 4.052533007056398e8
1.7730693008202896e8, 2.580813592750186e8
1.1077238508699283e8, 2.4669995178526163e8
3.5692141910895216e8, 4.548427326412701e8
1.845616613646267e8, 2.2790493324873888e8
1.306475500644166e8, 2.063278398806103e8
1.6041046639733142e8, 2.2378558583541188e8
1.3952288448183298e8, 2.2097663325900826e8
1.2642156582678467e8, 1.9138291881828436e8
2.472024619533167e8, 3.433176561947622e8
8.299964390405341e8, 9.037150075906854e8
1.5393138232096487e8, 2.926510897430521e8
4.4890950854500234e8, 8.753545157937641e8
2.4935644030499718e8, 2.908204918647017e8
1.344875591395029e8, 5.009928349444748e8
1.15265390584951e8, 1.9021444743384126e8
2.236109565079248e8, 2.813240940204602e8
2.0446770892851874e8, 3.451121684765287e8
1.541546586798484e8, 2.298741970995859e8
3.538561846079117e8, 4.151280297686219e8
2.988331770500256e8, 3.7935889721225536e8
3.21381419913461e8, 4.6141711597053397e8
2.2369540980504486e8, 3.21596044199481e8
2.1077039939389542e8, 3.025582822693447e8
3.115996760518981e8, 5.1485404742786515e8
1.971196681017655e8, 3.001735183406035e8
1.7969942089292806e8, 2.876183855735805e8
1.714013725270003e8, 3.6419685132114106e8
8.701917616172165e8, 9.335033449754353e8
5.06620992174547e8, 6.08330425041216e8
1.4201994091810256e8, 1.9528857276851648e8
1.9964096160508782e8, 2.70736951994638e8
1.77266787689107e8, 2.6459398732573128e8
2.2399085797851273e8, 3.111360970961134e8
2.0105257373927808e8, 3.1212965520031387e8
2.109529624792071e8, 2.8598653342822987e8
1.6085523232501346e8, 3.2622145146604204e8
1.8723980769010574e8, 2.355865326834338e8
1.3142016175586522e8, 2.1837115182454017e8
1.3462949352983356e8, 1.930756127572086e8
1.9538489354131567e8, 3.0274664132761633e8
1.1463329997748792e8, 1.737546818444941e8
1.2218377852118897e8, 1.9507177568704674e8
1.632855860447678e8, 3.463004953271716e8
2.444208993844388e8, 2.9161241512599874e8
1.4244636802711418e8, 1.7680436998640725e8
1.3316630949910936e8, 2.662022573888645e8
1.6603976151989576e8, 2.718306847784702e8
1.0955988864263347e8, 2.4059810159282586e8
1.7544281995167592e8, 2.473874140469397e8
1.7836627627585214e8, 2.6521779283390018e8
1.1574985537715389e8, 1.8342265262909138e8
2.6026611437935948e8, 3.271914654306003e8
2.8695330107671857e8, 5.542878156963484e8
1.2944229522171162e8, 1.802135033667455e8
1.3063158400544712e8, 1.9334785057970324e8
1.2114674186141074e8, 2.0243808878226128e8
1.893500350941e8, 4.115908006870122e8
3.3762899650284564e8, 5.647456558518332e8
1.8518771352388585e8, 2.414943852899538e8
1.0968039868206891e8, 1.7573856456895187e8
4.1861110647992396e8, 5.1597280949024904e8
2.70162875580891e8, 5.333648635870877e8
1.8840654907288146e8, 2.850452090661683e8
1.210050022634121e8, 1.9443103003168264e8
1.8555457184599662e8, 3.651769040459384e8
2.7329880060781866e8, 4.238121227796153e8
1.0485932641030279e8, 1.5879042670911846e8
2.533334049877082e8, 3.100011352260591e8
1.2079752810832712e8, 2.0726048733019134e8
2.233894105055347e8, 3.884589468289291e8
1.9299400791060698e8, 2.5316772262420627e8
1.1770360542673059e8, 2.842958897849818e8
1.437997026137679e8, 2.3123369248560882e8
2.993367560547277e8, 3.64258957883964e8
5.584213553932085e8, 7.813632363615359e8
2.783755926129502e8, 4.939890668466529e8
1.3580196696980226e8, 2.3264484487907267e8
1.894787926705007e8, 4.879275719690191e8
2.7955607009199417e8, 3.48686286565145e8
5.209960130607944e8, 6.453927499357195e8
2.3940471628059298e8, 3.287172150734538e8
1.3832104885001302e8, 3.944882854279526e8
3.1848198956971145e8, 6.263340798583215e8
1.937229759081148e8, 3.122242985562846e8
2.18265984653813e8, 3.30942580609321e8
1.4342559254660082e8, 3.7560779908378965e8
1.5039121924824968e8, 2.530569475705246e8
1.1584989287585336e8, 3.9794085637462246e8
5.63897138672142e8, 7.997501588754712e8
1.2743834320931818e8, 4.2777976422624135e8
1.4952522460135832e8, 2.0259743654236946e8
1.4365173570264748e8, 2.5497104550281242e8
5.905134479629455e8, 6.786911692389348e8
1.641458002352022e8, 3.4178566035517454e8
2.0206835755531448e8, 5.062309643279566e8
1.5190387850822508e8, 2.070976578743708e8
1.2893716831641203e8, 1.642237491882469e8
1.534888758353083e8, 2.525327245591596e8
1.4463155269759393e8, 2.6046727085548842e8
4.563658128331481e8, 5.312387147589807e8
2.4450116454356223e8, 3.4496434757459384e8
1.7840942997628182e8, 2.4937620374388215e8
1.2112635803771134e8, 2.243565316384696e8
1.658168682513574e8, 4.5655818142244446e8
2.395228454951404e8, 3.3606504339506763e8
1.0502418413977401e8, 3.0933798711928535e8
1.832099866317401e8, 2.509508012201915e8
1.4585182043334723e8, 1.9949890993726286e8
1.7621930448331144e8, 4.7851126480742234e8
1.5487058553770357e8, 2.337799245918474e8
7.0101021776667e8, 1.112144471053325e9
5.439599377223338e8, 5.956805494925385e8
2.805607045867311e8, 5.027130762548807e8
1.4391009017076248e8, 2.5166593273906103e8
1.1048900431566168e8, 2.0839516067957276e8
2.0146237247609645e8, 9.003334621147844e8
1.5740707397487807e8, 1.9646842418375272e8
2.127440251506325e8, 3.2875082623392546e8
2.794710432175317e8, 6.60359800475479e8
1.5176334279859632e8, 4.296109650153472e8
3.904688466510447e8, 5.81239023437108e8
2.8463087609583825e8, 8.15860515537517e8
1.608270697605619e8, 3.0630104202880275e8
3.3913339255968726e8, 5.518698989407277e8
1.8228967058073828e8, 3.6813697066861355e8
1.949965018924229e8, 2.5594685994912913e8
2.8687644693448305e8, 3.502148606162796e8
1.468962376668975e8, 4.9814162244252485e8
1.1943451422890647e8, 1.6960237449847716e8
7.422052788768227e8, 8.370279497184634e8
1.5631844396912074e8, 2.484097773312158e8
1.9182152735323465e8, 2.3564889906935245e8
1.467227645141337e8, 1.9833020566882926e8
7.554159566852725e8, 8.717454843953441e8
1.1756157632983032e8, 2.3741549975154778e8
3.0441334611524373e8, 7.562702184607887e8
2.702095756492466e8, 7.028100508023698e8
1.5187574638289672e8, 2.7337088598796463e8
2.2770086612812868e8, 2.86603480246032e8
1.1349312274593066e8, 1.8111826756442842e8
1.3344532326301633e8, 2.7984281791201043e8
2.764209402322703e8, 4.050788093869812e8
1.069395456330873e8, 2.1696472598967823e8
1.1874822522612911e8, 2.3149296699608484e8
1.3366242835432114e8, 3.138808921527803e8
4.233189919332224e8, 5.274293765111792e8
2.4822753582460096e8, 4.609875827697298e8
2.60337974199601e8, 3.231877981851462e8
1.1376210259266561e8, 2.97024216407738e8
7.537402946667506e8, 9.209051620690178e8
2.7617282380881494e8, 4.7129858480074126e8
2.5697332804486543e8, 3.998518527552654e8
1.4979609295733035e8, 3.9803190503268117e8
1.8053605507950562e8, 2.8481499551136804e8
1.5735282993431798e8, 2.4194151864661962e8
1.2416380654210983e8, 2.699376035113048e8
1.5135813939582014e8, 2.9605691135403174e8
4.194614067378687e8, 8.060071706986282e8
6.218136086382285e8, 7.157600373458393e8
1.6233135391611007e8, 2.4192306624622983e8
1.5510110768979532e8, 3.5342573353141856e8
2.0934491334434038e8, 2.7037573109527963e8
1.4593343983911437e8, 2.3151235251133594e8
5.2312116308305866e8, 9.258154489227092e8
2.4137004546721703e8, 4.885429885120369e8
1.348881951595901e8, 6.46779120027964e8
1.5396622919178167e8, 2.1563735052930596e8
1.22552930041324e8, 2.850509096529364e8
1.5939806020845756e8, 2.3779903329673e8
1.737584788830469e8, 3.044500363033589e8
2.244575974659471e8, 3.123323066740502e8
1.3486165925414544e8, 3.2307279458581036e8
2.7116569323725283e8, 5.2756816654674715e8
1.8467774335979807e8, 2.4961154339472598e8
1.449045931275689e8, 2.0180094855276215e8
1.7770910316401866e8, 2.3088973824929678e8
1.4692124492087102e8, 3.227463934678681e8
1.3633296681315768e8, 3.518943438055091e8
1.571106075632332e8, 2.6950830304573166e8
1.431786594811361e8, 2.968077445092514e8
1.2487629061840953e8, 2.8946657228163195e8
1.6437991953989488e8, 2.3877741463558227e8
1.8431995207049823e8, 2.597514147033464e8
1.9343045759500438e8, 3.0974707722541356e8
1.9746558412213218e8, 4.107730990341555e8
1.6887852406818908e8, 6.380060010699519e8
4.2788896373013854e8, 5.81127391694071e8
5.066640092264083e8, 7.92272303060431e8
2.047682906815123e8, 3.5644733716399854e8
2.253327510808591e8, 3.623890100708118e8
1.4232409748888138e8, 3.853958873598543e8
1.5365012944589326e8, 2.6185817696823287e8
1.1533712457376604e8, 2.5262018111667e8
2.0815723506187332e8, 3.5228436778357536e8
2.937291644347757e8, 5.3541890350302964e8
7.007037608199751e8, 1.1150673502423863e9
4.0586941999879026e8, 6.020496705875624e8
1.8060770434245056e8, 2.433835298702688e8
3.9600673528081226e8, 4.771268029464856e8
2.084376393128994e8, 2.916046700518441e8
1.3455693739064217e8, 2.1550013710628337e8
1.1664939896337691e8, 2.0250004420488852e8
2.7730921651992786e8, 3.985797215143183e8
1.9894606272843346e8, 3.122476791091298e8
3.594534664434264e8, 5.1084595591917974e8
1.6726791181494677e8, 2.6414968506795594e8
1.3997656686061156e8, 2.3322701816563424e8
1.2329285117840484e8, 2.30250864703576e8
1.2325970598798208e8, 2.3038487985323194e8
3.280306580297003e8, 6.989464205956697e8
2.3276820729343003e8, 2.912554496557763e8
2.2182206648395425e8, 3.844246176855398e8
2.243507287581911e8, 3.633160761959446e8
7.750380151966392e8, 9.124950654205642e8
1.093927987261693e8, 1.7626659878268677e8
1.4953732556566104e8, 1.938650548031783e8
2.0181938384195906e8, 2.793098614319319e8
1.6984313366951564e8, 3.244651872827808e8
1.5790340414936623e8, 2.9422380168506724e8
2.57242636074822e8, 3.254072474149925e8
1.8028986052154404e8, 2.415019152387908e8
2.381389492842412e8, 2.9841379758632034e8
1.6189385741070384e8, 2.5673827240849078e8
1.9393738616612273e8, 2.4650518086963093e8
1.325340125883193e8, 1.9043396227695838e8
1.6361750882968515e8, 6.524382277130542e8
1.1896741837655376e8, 1.9566269742199466e8
2.3621412210019714e8, 3.051035530460685e8
1.0814761956031787e8, 1.836264189430575e8
2.434032385283329e8, 3.209084505810147e8
1.2164107402351484e8, 2.5577242182670748e8
1.7048241420592156e8, 2.5391711864653134e8
1.3578010080783635e8, 2.2043696111238572e8
1.5393588639347446e8, 5.901603845509875e8
1.8458653203731337e8, 2.363930562720235e8
1.3078636248463608e8, 5.208072126599324e8
1.3499608612421012e8, 1.9940420348479545e8
1.4777849742973936e8, 2.281904153994161e8
1.1580435038585015e8, 2.493890140745919e8
3.1661250286876357e8, 4.6789198063420504e8
4.5042458536840165e8, 6.189529814176984e8
2.0239896329316297e8, 5.410730456770649e8
2.3130572952506068e8, 3.5084127562486184e8
1.6773264366941792e8, 4.086459652053064e8
1.9098356458533773e8, 2.4664146076707602e8
1.703668136474785e8, 2.64763290921735e8
1.35433862615904e8, 2.1331867039733717e8
1.4325580619705635e8, 1.9168099421949732e8
1.4043645154522437e8, 2.901291579697066e8
4.038526390018724e8, 4.509082577916414e8
2.1002707245994738e8, 2.950714596191141e8
1.3984650594284695e8, 2.4735285221041366e8
1.1961795554137173e8, 3.028925675575734e8
3.8850785713646567e8, 4.429093895767672e8
4.3317719796046996e8, 5.969407953063952e8
5.481802753177694e8, 6.332351890310594e8
1.1432108887441018e8, 2.4539893405164644e8
3.338313596384091e8, 7.616573852024525e8
7.033169264876322e8, 7.863295206189198e8
1.140748501951837e8, 2.1988552483917138e8
1.3555106818901634e8, 4.291021459404007e8
2.8710406199234796e8, 5.0711698799282193e8
2.1321652026524973e8, 2.691835839780129e8
1.1583525439658855e8, 2.0662302475140917e8
1.4289944870391452e8, 1.9356144382031676e8
1.5184412368554193e8, 3.385044669803984e8
5.3043066401127243e8, 6.707074964557253e8
2.892903008386109e8, 4.116390664467782e8
1.1455173744041553e8, 1.6669672296789616e8
1.2687404420655136e8, 3.114148099831913e8
1.0376427317233458e8, 1.6980164199306375e8
2.4621644908943096e8, 4.966306758683491e8
1.399804124907879e8, 2.0316536048369417e8
1.699561037757901e8, 2.6260323700076115e8
1.4361932825787205e8, 2.160142978328445e8
1.592013673735267e8, 2.886988309860318e8
2.074234701315178e8, 3.0125573827504873e8
1.2189379908518837e8, 1.8442441523821846e8
4.000745513084222e8, 4.971256827862909e8
1.6793285343602243e8, 4.129900770202109e8
2.6003360476853752e8, 5.05790579088203e8
2.663448800201507e8, 3.421446653417598e8
2.0877781184914738e8, 2.7827395744019634e8
1.2257474863512199e8, 2.3238753481824332e8
2.5057560909975946e8, 3.175840173617669e8
1.4485406196215948e8, 2.7682144046107477e8
2.3129156648087037e8, 3.0894151214966017e8
1.243394789318009e8, 1.7125388918454584e8
1.4034037376827604e8, 2.4239811871995422e8
2.68675985884836e8, 3.531361326044157e8
1.4935592679177633e8, 3.295036255495702e8
1.3981920735577464e8, 1.8717997164427018e8
1.4480909746346903e8, 2.797262304017138e8
1.5241591366893852e8, 3.025462579694512e8
1.3352927910518259e8, 4.4327739013341576e8
3.020500493603666e8, 4.08398377054658e8
1.7382560413550782e8, 2.3102979424979535e8
3.094995055486028e8, 5.1980019745278144e8
1.303418139650823e8, 2.0786392739448142e8
1.8859066062505886e8, 3.0332734966504276e8
1.8082003615315628e8, 2.784242168147823e8
1.5931755049907458e8, 2.1582711481909436e8
1.8372977482342118e8, 2.633431357866426e8
3.4370303282184064e8, 5.071608435219246e8
2.842210069373934e8, 3.810664036950128e8
2.8941840328466976e8, 3.3883868597658956e8
1.437386703545574e8, 2.3350103239607492e8
1.3930677952077073e8, 2.3870071315452155e8
1.7035397399934527e8, 2.2955244063111764e8
2.0438763486386213e8, 3.433945125103448e8
1.8143402276967484e8, 2.8330116122315484e8
1.6040019075211346e8, 2.264119201757224e8
1.6361470428371945e8, 3.6760447946728814e8
1.6223126120064738e8, 2.418756121014142e8
1.772543738701083e8, 2.739188823269011e8
3.194897571347648e8, 3.816418280519874e8
1.465229814880462e8, 2.2016257349179178e8
1.1661412037050487e8, 4.3446896706857115e8
1.730169254196366e8, 3.674636827927027e8
1.42255992048998e8, 3.495499967652064e8
1.6209424109320253e8, 3.125135171452001e8
3.415781646998358e8, 6.440763379217932e8
2.0004600946553078e8, 3.9839687062503564e8
5.56996616771389e8, 7.348297215172867e8
2.2812217144381475e8, 4.3756274844706076e8
3.8817656968519187e8, 5.487324446461364e8
1.3127107766442078e8, 2.3815778424459574e8
7.853389171881492e8, 8.853103505079281e8
1.895605976891367e8, 2.7498581010024494e8
2.9143270567421585e8, 6.004890176069748e8
1.472646310357383e8, 2.0957558886826822e8
1.416982961739407e8, 2.185358461972093e8
2.6166989904349336e8, 5.557525293212241e8
1.45525688922442e8, 3.314229698003258e8
1.4371830595232207e8, 2.4909972872854766e8
1.8503220591060683e8, 4.5176675652738464e8
1.505209284494494e8, 2.5022297549899802e8
2.1835512184761137e8, 3.239735449414243e8
3.2964745965376437e8, 4.754881276254614e8
2.4148018127156496e8, 4.353780212301101e8
1.0391563142413434e8, 1.6172634237546518e8
5.249446804680246e8, 6.157551073811045e8
3.4945692254524446e8, 4.556023735238476e8
1.4957667238797376e8, 3.222474340899532e8
1.3075280577428846e8, 4.0601027361701477e8
4.963551699799183e8, 7.668276698169031e8
1.14709349824972e8, 2.2054625123202175e8
2.7686826309988695e8, 3.6403957333247465e8
1.557296213663838e8, 7.142935488399459e8
1.5671693653486294e8, 2.3737082669774345e8
1.2791216204945847e8, 2.4692836746067756e8
2.2440747918636757e8, 2.8934364678960407e8
2.1127657042689753e8, 3.5323513604402554e8
1.425176118964495e8, 2.1524425889015716e8
1.897076181755485e8, 2.772814142033283e8
2.0239003681685638e8, 3.123824252767456e8
1.898559606088575e8, 5.940120233834102e8
2.478163897802803e8, 3.969516942645534e8
3.1630366886557364e8, 3.896755335216648e8
2.0017506706762654e8, 2.873273223081946e8
1.1256793595420176e8, 1.7160499038203198e8
2.1083014637670708e8, 2.8484381328878057e8
1.2394704425409336e8, 2.018076939130156e8
1.5373759841815454e8, 3.688657416619705e8
1.2771472579872525e8, 2.2827742294345105e8
3.543938734721522e8, 4.582726106323212e8
1.7019405275189102e8, 2.1747838067468983e8
1.116536029720144e8, 1.776828777511269e8
1.635285869100518e8, 2.3901459413644418e8
3.851642218074017e8, 4.584321380930238e8
2.1496598929153085e8, 2.8712956163806415e8
1.6174463392280328e8, 2.3419369785000095e8
1.4043108463908458e8, 1.9118158157744294e8
1.6060925759421545e8, 2.7682747195361334e8
3.2097027219109935e8, 4.388952523124817e8
3.1403122051920617e8, 4.8657531765566856e8
1.4026666948007e8, 2.7728590951642686e8
1.6612125304580146e8, 2.2368483457340086e8
1.6646963807884103e8, 2.815324476940645e8
1.811346701974422e8, 2.3290376024847907e8
1.142907235704858e8, 2.2466120053198045e8
3.3610233219418633e8, 4.1131691833452857e8
1.650701549276888e8, 2.0837414389673817e8
4.666601031919436e8, 5.12658935022178e8
1.992683579140643e8, 5.3380072404396045e8
1.9540585791356334e8, 4.6469399663572454e8
1.8079061726352257e8, 4.4384691794085646e8
2.1253399261905667e8, 3.816707613633575e8
1.1055257355206352e8, 1.7771623953591684e8
1.4539536234553576e8, 2.1465608131304717e8
3.126963429753394e8, 4.6246161059654456e8
2.1555455575303596e8, 3.49923233486702e8
1.752655944247257e8, 2.3623987734379435e8
7.114770297532372e8, 7.913612760604339e8
3.511873037136475e8, 4.01682475227477e8
1.1348716781158891e8, 2.3716005417568052e8
3.41240494705627e8, 4.67942905686933e8
3.4228509731865555e8, 5.569781955558426e8
1.828837701961034e8, 2.870228478535542e8
2.6482311758695513e8, 3.315668149269093e8
2.0210766393825603e8, 3.2126613927965736e8
2.3583580525190157e8, 3.580611030554629e8
1.1837573424406578e8, 2.0592842991877636e8
1.7302213755741847e8, 2.56517050597276e8
1.4385255034176204e8, 2.256160933865898e8
1.3089172728001095e8, 1.951842994804317e8
4.063703348540376e8, 5.771846431649119e8
1.368691084569087e8, 2.011041314940582e8
1.2839380868541434e8, 2.1626175521654534e8
2.3486816078472102e8, 4.7323400290179706e8
4.738984192229709e8, 9.132404906291584e8
1.7274147666833073e8, 2.3835071183989096e8
2.523476005816738e8, 3.093497276690745e8
1.0983915595877135e8, 2.1523898502800933e8
2.018256711569444e8, 4.201338916179075e8
1.3125256204276071e8, 2.0085573076880586e8
1.2457393907225175e8, 2.6474469991276127e8
1.73794291903854e8, 2.934166523282293e8
2.1666445971605375e8, 3.2384712594244313e8
5.901736253546017e8, 7.17057971161163e8
1.1026060666372007e8, 2.0481660396031913e8
4.0450743048885524e8, 4.75793842360184e8
2.4854509204467916e8, 3.1639793006129926e8
2.8052162187682986e8, 3.532963084146377e8
1.3358501320759752e8, 2.1556546966356432e8
2.5285497839347982e8, 3.1001139501808435e8
1.2219409634731792e8, 2.1902500768007118e8
1.6692061492680955e8, 2.3498150886539298e8
1.3651608968820083e8, 2.7408321702918255e8
1.1258205210070159e8, 1.83472681549489e8
1.8152936983073002e8, 2.8245394281498015e8
2.447175840245511e8, 3.472177132400977e8
2.4781751253606763e8, 3.8733005338717824e8
1.1978208952812344e8, 2.0481336072360575e8
2.899508056592442e8, 3.583814958324424e8
1.597467820607053e8, 3.79494991589194e8
2.182845269940055e8, 3.087239548659935e8
1.243681915551676e8, 2.1725095226965404e8
1.7313289421773183e8, 3.8017740687865114e8
1.425631437621339e8, 2.3698083532058445e8
2.137401036986612e8, 3.918690412244085e8
1.4005792590465647e8, 2.4637661895653275e8
3.8401741651380134e8, 4.702639570757851e8
3.730598412062764e8, 4.8063664600911915e8
1.4240808494160944e8, 2.3013334172833946e8
2.0849623173212126e8, 6.747827532462358e8
1.415440568752745e8, 3.104943954770119e8
2.2482679434634107e8, 3.209485190718732e8
2.1083818052923626e8, 2.855583830792118e8
1.8531573800817472e8, 4.1717683093429244e8
1.1792411048642276e8, 3.0467049405393887e8
1.63755868581694e8, 2.784018280778623e8
7.119272700903679e8, 1.010278565777158e9
1.6421135419360054e8, 3.4209439093592125e8
1.0437949445623876e8, 4.100277232575546e8
9.29154400073819e7, 1.976470621237131e8
1.6025899804262233e8, 2.5397040855181962e8
1.68925064009629e8, 2.440473285966818e8
1.2386571962814945e8, 2.175827957568017e8
1.6357654024174482e8, 2.224725086513322e8
1.3797576452295566e8, 2.8649209300987446e8
1.624977543606974e8, 3.455714645664939e8
1.6399398726771343e8, 2.7830953373347783e8
1.432829097973106e8, 2.245480449279529e8
1.4985863717008704e8, 2.0873525260951144e8
7.000807159567878e8, 9.776460816033676e8
1.5116598233159631e8, 5.465907742119099e8
1.4427860188457602e8, 2.6561400267724094e8
2.3519743883402053e8, 3.0837342861870015e8
2.5412213547645032e8, 3.7464031265980405e8
3.816348922752812e8, 4.5405269184991014e8
1.903537691382122e8, 2.74845401025457e8
2.5488096385002214e8, 3.020028632563438e8
1.8778128134508044e8, 2.772160299844731e8
1.5130249511881545e8, 2.5194908361197782e8
2.362765789481629e8, 2.999299166632372e8
2.2129494324117672e8, 2.818007217837152e8
1.7025469661898988e8, 2.4732796652088198e8
1.354631971581478e8, 2.8702826822788835e8
1.347499247184237e8, 2.8654756754377365e8
1.460381030848956e8, 2.4029060546754724e8
2.3175765910552162e8, 3.169584273136398e8
1.4670699887491482e8, 3.5891652818268687e8
1.3330060232181482e8, 3.868464422289531e8
2.2820319872958916e8, 2.782117414316073e8
1.0762441342185728e8, 1.996289042979322e8
1.7814637698975462e8, 2.9141869903950536e8
1.3236149720631428e8, 5.831016487057953e8
1.886351359575287e8, 2.948679614691457e8
1.3251881328549172e8, 2.1409885571879482e8
1.9828937631972378e8, 4.073975490555781e8
3.7666344377678233e8, 6.228180188765169e8
3.3371089426695585e8, 3.894189485895292e8
1.5090021160781455e8, 2.5224862374474534e8
1.6708905012356853e8, 2.703775588749261e8
1.0930167425621662e8, 2.0882221471139118e8
3.909727302655773e8, 6.763866555584856e8
1.4988560602503955e8, 4.249509819754775e8
1.9584032563027793e8, 2.848866493286748e8
1.5194477723521522e8, 2.1937438527560407e8
1.2406361951236811e8, 1.8533051066641986e8
2.3079530726271045e8, 3.1220344084626937e8
2.1180177567506987e8, 2.881598033853056e8
1.870456868465708e8, 2.2817414355103096e8
1.6480561930026478e8, 2.8064978809572923e8
2.6793413154168177e8, 4.4388162042195684e8
1.213874197146096e8, 1.90305604080906e8
1.7454484119156632e8, 2.3633013311572132e8
3.640280946342197e8, 4.4889824876555526e8
1.174697165011005e8, 2.6172252749046764e8
1.3678810100346226e8, 2.602568787076241e8
4.639307341141342e8, 6.833707593654306e8
1.2955958312442708e8, 3.782931123072951e8
3.248749406740524e8, 4.033778005898431e8
4.845887001218138e8, 5.667138047688015e8
2.1101943824064556e8, 3.004105162767241e8
1.7861509903980154e8, 3.6213399943870276e8
3.0547806625401825e8, 4.133026592743523e8
1.2140637503967164e8, 1.837186260800598e8
1.5523454877505425e8, 3.0307215420966417e8
1.5158075161370862e8, 2.5125522216162124e8
3.963184951871778e8, 4.443888394842326e8
1.294230717497505e8, 2.0796896671265525e8
1.4109398071963286e8, 2.1466916941360214e8
1.917365794780262e8, 4.003498614550348e8
1.7216469930012137e8, 2.628428897104648e8
1.9104788812099618e8, 3.2442392779684955e8
1.372761830307115e8, 1.9088597342933312e8
1.3402931294701706e8, 3.073927655528226e8
1.6414716025413096e8, 3.3132274118762356e8
1.106613800798471e8, 1.7297065026268464e8
2.07320794773127e8, 3.272388058128621e8
3.291430166209354e8, 4.202132617893747e8
1.2971386214778787e8, 2.2398664572423604e8
4.141086884451411e8, 5.2892742477168345e8
1.0191527702408095e8, 1.9310660282818416e8
1.702945908093987e8, 2.2673854141226253e8
5.112996244554133e8, 6.123315427551742e8
1.228990819400052e8, 1.8450705388722745e8
1.968788440402109e8, 3.3025066015030074e8
1.7124777185487008e8, 2.4911869870365742e8
1.5287554680005383e8, 2.4231428749818158e8
2.1988344468632925e8, 5.093579852050698e8
1.294133411458984e8, 3.48567930959957e8
1.4798160818213218e8, 2.5803302355144405e8
2.1557443186587876e8, 3.0432312904955906e8
2.8939490634904593e8, 4.3292169494981563e8
1.4974606668919653e8, 2.2143588576500416e8
1.6770004751104045e8, 3.7049322205438775e8
1.6875836289979422e8, 3.641163895495714e8
1.2595906941869642e8, 2.174271411260576e8
1.7816797749574852e8, 2.3746667322788537e8
1.5811855865217006e8, 2.3213600759768924e8
4.708186923527121e8, 6.196123220660368e8
1.2237444076210573e8, 5.0753579210238606e8
1.79161135374109e8, 3.277353399427634e8
4.0039024913403213e8, 5.293321257315527e8
1.8569966881605166e8, 2.3298655734240943e8
1.1543619220744911e8, 2.518978994247636e8
5.892926197005665e8, 6.520883800647037e8
1.7113899045685416e8, 3.940518608490205e8
1.607563085004462e8, 3.4174252874438107e8
4.201127559056644e8, 5.0138022807774603e8
1.2510501028927372e8, 4.7927702741979957e8
1.2250361688057351e8, 1.6987838028651187e8
6.546878735064075e8, 1.0450502469731793e9
1.2580525779302403e8, 2.0258461999143615e8
1.1118207738142306e8, 2.5996291857909682e8
1.246101304906902e8, 2.2448485152827665e8
3.096048688407197e8, 3.920536505360485e8
4.107891072113807e8, 6.973509610083835e8
2.78570379964504e8, 3.74138557497746e8
2.786768764391962e8, 4.024773795317099e8
2.2422995922794032e8, 3.235775450250091e8
1.734616035857439e8, 2.333100186128515e8
2.5279203807767546e8, 5.154941295349085e8
1.3508539395110798e8, 2.2046826187093323e8
1.0755685969228825e8, 1.7175633695286003e8
1.9904647048175412e8, 3.924627191038702e8
1.7073108320438144e8, 3.4330106689419746e8
1.6056833457986468e8, 2.0897348847703704e8
1.7859197405765676e8, 2.5670145370714003e8
9.534312167902161e7, 1.7491710692628664e8
1.461956739336415e8, 2.917271073562877e8
2.565877537227369e8, 5.570088801173912e8
1.573357035750888e8, 2.3637530862568834e8
3.724693047107301e8, 4.7265291795790815e8
2.166693256309921e8, 3.3563361690104914e8
1.0797471333433494e8, 1.834706558751155e8
1.932228528907806e8, 3.9289278815203536e8
2.3368695114561036e8, 4.6900650362214303e8
4.337955686303314e8, 7.238226150625465e8
1.8076868964742392e8, 4.718357078148521e8
5.602273404618679e8, 6.28342102848197e8
2.0762086060789126e8, 3.117278518198657e8
1.9883933428125015e8, 2.713482884845243e8
1.8642174051551592e8, 2.8140663304197824e8
3.519384560075446e8, 4.4249881355710465e8
1.5943877786317444e8, 9.116122844812697e8
1.8505195981601387e8, 3.778061487836989e8
1.5221634308953428e8, 2.6039199557350537e8
2.6255053318592888e8, 3.293895282319401e8
2.7498541550014096e8, 3.922932932063603e8
1.5163223828586537e8, 2.4340332606716213e8
1.4774932621928513e8, 2.886650531523954e8
1.4919313955297002e8, 2.316665206149563e8
1.8507254830116713e8, 2.638658255967988e8
2.1931473296830726e8, 2.9645877719547474e8
1.591783130198143e8, 2.360285791794121e8
2.335210597667631e8, 3.802218916106463e8
1.9825428069194627e8, 2.916068478335009e8
2.0140627852448606e8, 4.115159405388198e8
1.8570100556219208e8, 2.5122055694306502e8
1.90017943819059e8, 3.4974096197845423e8
3.729549285279882e8, 5.0445412003263324e8
6.906057013862103e8, 8.004057166186829e8
1.7695720566801763e8, 3.1357371115009576e8
1.8965355136687422e8, 3.326656336091403e8
1.642739099146743e8, 2.2860370796143064e8
1.6531503638248584e8, 2.489537690837127e8
3.6559722199067485e8, 6.122233370247326e8
1.3501106655407256e8, 2.1180541925890276e8
1.4787286724847156e8, 2.066496434731149e8
2.2022439987069497e8, 3.04567824884282e8
1.5421610897989917e8, 1.9901059358137304e8
5.513079617446448e8, 6.302894422244488e8
2.2404665593287274e8, 3.875059839148563e8
1.3548341532759795e8, 2.5610248402820575e8
2.1555519561366078e8, 4.1261479847435796e8
2.856980807557881e8, 3.5591094864738315e8
1.9276722529369426e8, 3.1892056412272984e8
2.0985877482270008e8, 2.744164663437577e8
1.0942068759461163e8, 2.1458397427055892e8
1.449382787275759e8, 1.8087833858399194e8
2.3540594987017244e8, 3.438489490690331e8
2.4439956762338886e8, 5.013533318368251e8
1.4342630600062716e8, 2.5732364492305532e8
2.2542884793124926e8, 3.4290346264980376e8
6.386990231355158e8, 7.021146603769132e8
2.0915018406395757e8, 2.980026120932363e8
1.6603086370952713e8, 2.3968739269870558e8
2.8838645761714804e8, 3.713672463045538e8
2.67806925031094e8, 3.4388490772857666e8
1.553074725319373e8, 2.4841001099519956e8
1.4179206455259877e8, 2.065163295374943e8
1.0437775788398953e8, 1.9529420226025787e8
1.553993741780821e8, 2.6725481884070835e8
1.3126968897404462e8, 2.0353135124299398e8
1.252718772321716e8, 1.7568187713096315e8
2.418515025664153e8, 2.993575776465116e8
2.5016090971791446e8, 3.50867567217849e8
1.5785957490802997e8, 2.2474621384189796e8
1.5875760732636464e8, 2.416551480317795e8
1.866036749332297e8, 2.666670683847565e8
5.372934843780149e8, 6.287361749642106e8
1.7938995687489673e8, 3.406131829451505e8
1.5789020724423975e8, 2.2310510524919364e8
1.7413435936291772e8, 3.8312594326719683e8
1.9263004867773113e8, 2.858596571615743e8
1.6623118859703296e8, 2.4546687408227262e8
9.480024804751588e7, 1.5972544090773425e8
1.7290444040033436e8, 3.083864283229895e8
1.6549644236809433e8, 2.819123789964341e8
1.4546671633466172e8, 2.3888585653759986e8
6.210616425631936e8, 8.099677775286987e8
1.7300056866181052e8, 2.781529451643733e8
1.6843932967744344e8, 2.5723684835497364e8
4.583265528197367e8, 6.344752735851587e8
1.2237666096319811e8, 2.107075108827588e8
1.7597195257486343e8, 2.867771744059435e8
3.064705542865752e8, 3.8808632992754674e8
3.206289760900724e8, 4.170731264983106e8
1.3882833769184574e8, 3.9562125747693235e8
1.7283217893457103e8, 2.3979596444991916e8
1.1708988994861512e8, 1.625838200513236e8
7.549994312614714e7, 1.4376363807682303e8
1.8387786886752334e8, 4.6079107945731276e8
2.7247253557442385e8, 7.728021941863034e8
5.755137093787556e8, 7.218707537686394e8
9.125151406982666e7, 3.4765740535963494e8
9.916846694259715e7, 1.9727058417698595e8
1.1281325381012118e8, 2.4579948147205982e8
4.1631092623737204e8, 5.278219409127288e8
1.983267210933718e8, 3.795839612563383e8
2.4759810485545287e8, 4.726414983527445e8
3.251376065489361e8, 7.591188017465376e8
5.1487770826820475e8, 6.568929660397918e8
2.776129005744065e8, 3.213938564855852e8
1.971155396406392e8, 3.0500485712658596e8
1.452678635687031e8, 2.8685998640833503e8
2.0994166924385858e8, 3.324581618868585e8
1.9169758218646932e8, 3.196398485903069e8
1.9254850594574565e8, 6.181564133439591e8
3.142276594936545e8, 4.4325649583926773e8
1.5289232573860157e8, 2.3167290658229345e8
2.2245153952567646e8, 2.9278978338788325e8
1.8739343777956018e8, 3.632540073629875e8
2.0260082272167668e8, 3.501112421998117e8
1.468659028033843e8, 3.3895212376217777e8
2.075575855415092e8, 2.959628785487853e8
1.3993429492643368e8, 2.1113465603624463e8
2.1032999424754128e8, 2.7173489985690236e8
1.2155769180604044e8, 1.65301030108317e8
1.298008252557689e8, 3.406577458866048e8
1.9908584497262138e8, 4.395380361004938e8
3.4882374691552156e8, 4.084711375889914e8
1.0346323724266511e8, 1.6918304604149628e8
1.834997175175076e8, 2.8197400678613484e8
3.66993998752305e8, 4.4571227064325434e8
1.5416271213970768e8, 2.2483534312339112e8
1.84459089491679e8, 2.892750082616148e8
1.7325137487922442e8, 2.352927197364163e8
5.009469492353777e8, 6.163894472875575e8
4.6369456983421504e8, 8.512162737870986e8
2.156285029165529e8, 4.094167899525545e8
4.3954589099535704e8, 6.489358302649875e8
2.027019382072518e8, 2.7529310133023155e8
3.632409355996328e8, 6.18303203215682e8
5.778706680593495e8, 6.697242984421067e8
2.0139483920465994e8, 3.7153056601051635e8
2.5479438044863865e8, 4.110156522663525e8
1.2478582179839121e8, 2.6161326905986732e8
2.4229237181804162e8, 3.4120844027088267e8
1.9747740616108376e8, 4.526845518149963e8
1.891839108169712e8, 3.0504220495558614e8
2.253893164532662e8, 5.471165775816149e8
1.7960664250460857e8, 3.164118961151766e8
2.3247658318073076e8, 3.528077071783877e8
1.1889362126509887e8, 2.1802110313353053e8
1.3787232409716272e8, 3.3978322493184537e8
1.7818259086540383e8, 2.4190508713884586e8
1.3083503037866826e8, 1.914901378537392e8
1.811472763247689e8, 2.3681871613565812e8
5.2369497962339056e8, 6.812023883468968e8
1.1596176166206622e8, 3.8349746362138444e8
2.4033286046106887e8, 3.677847708312396e8
1.660789121765334e8, 2.5336340397159404e8
1.5333496762026244e8, 2.1399397585793874e8
1.156283585621689e8, 2.0451322813268396e8
1.4612380876803452e8, 1.9501554194563663e8
2.547494304281745e8, 3.829356476675059e8
1.563283827386487e8, 4.3669774221120346e8
1.6432239503206933e8, 2.4303532802981788e8
2.807008132254324e8, 3.438408059366442e8
1.5653641361214256e8, 2.9297427544643044e8
2.6441069081860593e8, 5.031631836048695e8
1.689812306222453e8, 2.797769139628498e8
2.1007552537831706e8, 4.331240474282659e8
1.5239669708111137e8, 2.1597488827397692e8
1.5341454986530972e8, 2.985056595781811e8
1.3120346029212373e8, 2.1578814999698055e8
1.985702043104983e8, 2.713316259302852e8
1.5860218196085557e8, 3.578500344361407e8
2.234935423461116e8, 3.168276664202196e8
1.2579359192774902e8, 2.1202615141189831e8
2.0683467150932705e8, 3.6271286934157735e8
1.5199205747700724e8, 2.1587283540331593e8
1.0190042532010564e8, 1.664346552839841e8
2.1341097313705212e8, 3.17801668672981e8
1.603145478288894e8, 2.4684864099553102e8
2.2941324397038764e8, 3.101024018169944e8
1.7552263796366996e8, 2.588912513759604e8
2.0202597925040737e8, 2.937225510647719e8
1.2149932942663117e8, 1.886828937881505e8
2.93040220047583e8, 3.8322261608706236e8
1.8244038036056864e8, 2.993476892502597e8
1.451259845832752e8, 2.1229850163427317e8
1.7047873954750937e8, 4.348938874632326e8
1.8756632916842633e8, 2.742059489203937e8
4.7657534994614404e8, 5.806940104907907e8
1.2730840282464316e8, 1.812904938601521e8
1.2827078030384183e8, 2.777618274682612e8
3.6194762570284057e8, 4.386074819163835e8
2.1556101983786008e8, 5.835492121714942e8
1.57986325789177e8, 2.545624799289733e8
4.5353653466805106e8, 5.412470437083809e8
1.5291492532090098e8, 2.789454872664293e8
1.6398557647039336e8, 3.1916244371881866e8
2.1799365052108756e8, 2.902947485121058e8
2.698872803533727e8, 6.646865031316487e8
2.2179453510358298e8, 3.992191376431511e8
2.59432911334685e8, 3.8475481734185e8
1.4274972129100776e8, 2.1751375028868446e8
5.479112985321416e8, 7.152249224371108e8
3.816465604085257e8, 5.167653947302128e8
1.497971764604587e8, 2.8406382527921116e8
1.4565205850263065e8, 2.0431343402619457e8
3.2002751563680136e8, 3.6720849963699466e8
3.9180004060737944e8, 5.839606270634727e8
3.108342649909293e8, 4.305396186157926e8
1.6429198610362977e8, 2.1315560506284738e8
1.3675332963824022e8, 3.5522018499032193e8
3.5330345965692735e8, 4.942568176664429e8
1.3751717396474227e8, 2.341620739493909e8
1.3213438192802441e8, 2.3079033332453862e8
1.650881392570991e8, 2.9114596965123343e8
2.1788010886229312e8, 3.3461470966592675e8
4.1444542173916805e8, 4.746054176711618e8
2.035853201730258e8, 2.5654341254502127e8
1.2312035402484515e8, 1.7772604653908107e8
8.933677968161134e7, 1.341273324691332e8
1.2399163985675484e8, 1.8337817084186465e8
2.6508477336256856e8, 4.741672574604208e8
5.088521983884177e8, 6.08803669140457e8
3.7173144442729396e8, 6.841292562801459e8
1.4470686205479383e8, 5.154635381308835e8
1.9216539550673592e8, 4.662321057690082e8
2.9513474294577193e8, 3.941389588580068e8
1.6940955031345075e8, 2.775350394741244e8
1.5652727994122997e8, 2.4615174749839833e8
1.3675229834050965e8, 2.285747319800924e8
1.4894837518882635e8, 2.734906265356973e8
2.0720289241437906e8, 5.0983616303656423e8
1.3455993903631926e8, 2.0869699034633282e8
1.620647379017704e8, 4.234896823116733e8
2.013806389225385e8, 4.512546279476721e8
3.207810908230535e8, 3.846171990807304e8
2.509286338286348e8, 3.065574435796303e8
3.4558279586611104e8, 4.4898759538505757e8
1.8372935382575852e8, 3.481737888494289e8
1.7061408320359623e8, 3.083099433165897e8
1.564193531860454e8, 2.7818594905642605e8
1.1120969332679452e8, 2.1044616568810022e8
1.4096471617017928e8, 2.031294776660715e8
2.3989325619451138e8, 4.389870389290581e8
4.1392209925355566e8, 5.342815536177195e8
1.500550527398839e8, 3.13463634321441e8
1.9840394715630457e8, 2.8496787731316495e8
1.9575012843701184e8, 3.16943934230838e8
1.3525965157090816e8, 2.1922532587884253e8
2.1355645460625196e8, 3.792449903383184e8
1.339663354095758e8, 1.8848137754052472e8
8.241695566769952e7, 1.555062344884057e8
2.6262645808706245e8, 5.755592052653916e8
1.732913273067586e8, 2.3997741938076222e8
1.6490731312970108e8, 2.550992328337931e8
2.2258695665903062e8, 4.092090921254166e8
2.2370900212877536e8, 3.0907718995907646e8
2.701832455654436e8, 3.413354350026206e8
4.4564846994281596e8, 7.38667292354427e8
2.943848919556873e8, 3.8632039282374585e8
9.551739286008914e7, 2.5154084101717803e8
2.4852702494753826e8, 3.495596784110984e8
1.6920594686889994e8, 3.1252922671254313e8
2.4439747750118285e8, 6.052185375130662e8
1.2898521715427952e8, 2.2104495193570462e8
1.6091949700351712e8, 2.7649877976082116e8
1.6610750585895061e8, 2.5987241197379237e8
1.6569992570560068e8, 3.9088480574618196e8
4.328710910595726e8, 5.0379097624452794e8
4.1040349234262455e8, 4.9588821019804215e8
3.5049964740024066e8, 4.7402611658985275e8
2.76040288737702e8, 3.505885385925345e8
2.913165072027184e8, 3.237681063123059e8
2.8957927056215817e8, 3.290946318783857e8
1.1029999208964105e8, 1.8928789511064985e8
1.5125862939655286e8, 2.3950723482794374e8
2.4442629445788324e8, 3.589633906200015e8
1.4774379998434302e8, 2.1591708907459432e8
1.589469477736681e8, 3.799739659302136e8
1.196258640988575e8, 2.4916233821951115e8
2.847747927499691e8, 3.7574795065083104e8
1.392537249018342e8, 2.084697947085052e8
1.9098281129162222e8, 2.6190821913084313e8
1.7987623686234948e8, 2.5118286885624534e8
9.052913266218689e7, 3.3234326530309165e8
8.7915589199743e7, 1.6832998116983438e8
2.739624787114712e8, 3.8496372897214615e8
1.8312660137915984e8, 2.5542484621504322e8
4.3903317832017344e8, 6.468596531358918e8
1.0253512153620975e8, 1.8659584238858455e8
1.0670814031026354e8, 2.2926377488563654e8
1.3360696736200412e8, 2.013298600688515e8
1.642356085703989e8, 2.5761961177437633e8
1.8153483996104974e8, 3.700846766587891e8
1.915593635602036e8, 2.666533498085578e8
1.6126290603270122e8, 2.6829919476768675e8
1.6817071498791823e8, 4.414593945900912e8
1.8293087003607544e8, 2.648649219739399e8
1.912179823685195e8, 2.3938633649780086e8
1.3858611587531766e8, 2.0318857403576618e8
1.354543877249514e8, 2.2485484807907113e8
1.2834036592802207e8, 1.9737669704573068e8
1.4513879500028637e8, 3.8293618588172257e8
1.636987866105203e8, 2.204489539428569e8
2.7867660534227943e8, 3.6593413849625105e8
1.3958766009475148e8, 1.787631218772928e8
1.41443484745102e8, 3.2922155296507215e8
1.9193634250247037e8, 4.163797115252392e8
1.3288909470221879e8, 1.7492835162754542e8
1.1559091535700712e8, 2.197899232720958e8
2.0924135143577194e8, 4.595901088595339e8
3.029839489649259e8, 3.462989543142055e8
5.028567320359504e8, 5.697776748844162e8
1.5014958300818992e8, 3.323498395518874e8
1.671031680559988e8, 4.49936897918954e8
5.655719463696834e8, 7.32079527225176e8
1.3765134360852626e8, 1.8568428270310232e8
1.1334910948571469e8, 2.2788808131710508e8
1.9039152893580475e8, 2.865266133208817e8
2.2743289741368335e8, 4.0573567141270584e8
2.2923896074839482e8, 2.6867749988397753e8
3.8407416738965076e8, 6.474473139621803e8
1.357173009539861e8, 1.9214585819844207e8
1.481456016457408e8, 3.0809748159668696e8
4.3475420396249235e8, 5.2440889232134986e8
1.396693202642398e8, 1.9541410895221266e8
1.8706542751854634e8, 2.4062609575675017e8
1.0014940010753372e8, 1.587748175464777e8
2.0230512290620708e8, 3.6705514463176894e8
1.546330863738801e8, 3.260398275929649e8
1.4965883172364914e8, 1.9674082703369266e8
1.443701167356314e8, 2.747110522939337e8
1.987889568785335e8, 2.5992338005407447e8
5.800897352720374e8, 9.958691501387988e8
1.579482043101791e8, 2.095073839186838e8
1.4783572798025468e8, 2.1074427452769065e8
1.57560801413042e8, 2.337479377368576e8
3.8292453253531754e8, 4.6491609485826224e8
1.2608009335310826e8, 3.1662205515732795e8
1.3607994860444093e8, 1.8288310798668033e8
1.591137916620059e8, 3.5623006497587293e8
1.6086326767482042e8, 3.888768832923828e8
3.7385579768117857e8, 5.0541443452173436e8
2.3390714473408496e8, 3.102771473005808e8
2.388086385726e8, 3.1500235422165406e8
2.2984149596094623e8, 3.4329020079139996e8
2.313556557335837e8, 3.419339514824649e8
4.7440847364830387e8, 5.909284976294016e8
1.711619082807384e8, 2.453804473661804e8
6.117263291250567e8, 8.128619302415488e8
1.6035378624382207e8, 4.5591100737614715e8
1.9679736264765424e8, 4.6177324348129964e8
2.5218390219115278e8, 3.4781623966327834e8
3.8556079830118936e8, 7.135003516179358e8
1.2644276250544406e8, 1.9743937288077947e8
4.444630377567944e8, 7.053833220396547e8
3.0335524126312e8, 3.595375286373893e8
1.358227234885956e8, 2.079239094548694e8
3.598162268463778e8, 4.500965719319248e8
1.2078507471381876e8, 1.7792475737423113e8
1.2954786070596911e8, 3.421080642985259e8
1.7149903088213545e8, 2.534749052429707e8
2.074389615944239e8, 2.7286682752053136e8
2.4091100785078797e8, 3.346638570399561e8
2.0244005426164517e8, 2.949769997671834e8
3.073617626101957e8, 3.5932620578342664e8
2.1227270829065686e8, 2.794294728674425e8
1.4855301713662142e8, 3.464835689446695e8
1.377605326108625e8, 2.022874541277961e8
1.9700051251316243e8, 2.8493462103576666e8
1.9517947019112337e8, 3.34395276861731e8
1.951298982765792e8, 2.9906050175496995e8
1.5555267060758057e8, 2.31069104670697e8
5.0574705789706624e8, 7.277500452685944e8
1.3134243501729852e8, 2.331550174364651e8
1.3422531307391554e8, 1.9908488057504812e8
1.7117572592657965e8, 2.3514064315584219e8
1.572126125012359e8, 2.2805465979652163e8
1.4532266631083533e8, 2.4279968197697297e8
2.0655083949336305e8, 3.470593355834702e8
2.5123221847718298e8, 3.932257816113818e8
1.6815192972158167e8, 2.219103288500128e8
3.06446453618657e8, 3.776354651765515e8
1.2277998868702331e8, 1.7684848291754085e8
1.763754636963548e8, 4.6807171383882385e8
1.3871328422088325e8, 2.0514844215599626e8
2.0892902749932098e8, 3.509664340136733e8
1.9380630858845332e8, 2.5680146805067396e8
1.3155811994651717e8, 2.868690758646122e8
1.4004427364183655e8, 2.913324294333008e8
1.46981496625694e8, 2.363703139969666e8
1.520338856327373e8, 2.768714532212779e8
2.5477440608421105e8, 3.5892820817356366e8
2.571079693320597e8, 4.0655874282558507e8
1.345636707456953e8, 2.1719421251455158e8
1.6341006296155638e8, 3.017718980040977e8
1.0850874739779483e8, 2.5030003734410375e8
1.2966853472350529e8, 4.0742397185467315e8
1.294744849820461e8, 1.8783776143785638e8
2.4104575205180395e8, 3.3179601259305084e8
1.2469324403693637e8, 2.0783385323621032e8
1.3737942903667492e8, 2.806700176520173e8
4.0034926492345047e8, 5.762462485047818e8
1.716520520663337e8, 2.512778500301295e8
1.6721566132736617e8, 2.573498749403236e8
9.054435487380286e7, 1.5560364780308023e8
1.6912584985116732e8, 2.784313202579922e8
1.66930739953367e8, 2.6766112013812625e8
1.97081635263004e8, 2.997728289597713e8
1.6607862193518153e8, 2.0779459000545114e8
1.2221617311938816e8, 2.919276980788476e8
9.267974626866692e7, 2.9471064359954613e8
1.2632735161081982e8, 1.7970190796095777e8
1.7785947274392307e8, 3.9770576846476996e8
1.6346176126753402e8, 2.4168519830458102e8
2.4233529755717915e8, 3.55051750460829e8
1.3220027280980472e8, 1.865117628278472e8
1.5132465462433612e8, 3.1550667511596984e8
2.792459300469154e8, 3.8140286905086017e8
6.303047758466917e8, 7.243437851454508e8
1.9647342940138966e8, 4.074091504010673e8
2.165973516476997e8, 4.0059664093863535e8
1.5789614959490246e8, 2.1939855727196267e8
1.4250691354524487e8, 3.22683545192e8
1.7075291477719557e8, 2.649209585725092e8
1.7307174063728344e8, 2.5373834685443208e8
3.4712738789434403e8, 4.360833126333603e8
3.280827659884068e8, 4.1920391987843585e8
1.1556634976676044e8, 1.7845450165095073e8
1.458911571353777e8, 2.4022427040662885e8
1.8275294585887796e8, 3.268951945726569e8
3.386959310005021e8, 6.382670944104494e8
1.9375560020307153e8, 2.721613279471365e8
1.4613456426633403e8, 2.8417881768158567e8
1.5825427959518355e8, 6.275653404581653e8
2.5861174325902355e8, 5.823390122607764e8
1.0226078672672439e8, 3.126365435016024e8
1.2726625934842686e8, 2.1667689883476922e8
1.2812776250404349e8, 2.766759790415025e8
1.3969142310656896e8, 1.7820609316327786e8
3.145316403276333e8, 3.922546815664935e8
1.44865519825038e8, 2.574402225582323e8
1.967062222271918e8, 4.2216803667840236e8
7.286157875586376e8, 1.056841741849138e9
1.3231421158481534e8, 1.8910820664508927e8
2.4079247898816568e8, 3.3828329559333557e8
1.7510027561198318e8, 2.191593431792213e8
2.0432672137174737e8, 3.5035470293329567e8
4.7790815819119704e8, 6.539872202885493e8
1.5739527308235872e8, 2.3893223478076518e8
1.7768469279521278e8, 2.1746154631160703e8
1.477330354870932e8, 2.2326828470419544e8
1.5580004497520387e8, 2.3025960886177742e8
3.8866546041500294e8, 4.548832006964472e8
4.003811419928224e8, 5.38565847952542e8
1.6740276362394726e8, 2.3258889668188688e8
1.631186130513606e8, 2.261920336017322e8
1.5361456004776967e8, 2.540037358976282e8
2.1119075142095974e8, 4.7779989542767525e8
1.5391594790876177e8, 2.5073432024353546e8
2.8225883178269076e8, 3.432829414554772e8
2.1344500766923165e8, 3.0017716045547014e8
1.0961231001385786e8, 1.6938237078522253e8
1.9826204640957564e8, 3.0689816365344065e8
1.0877316623201054e8, 1.6849459752413532e8
3.926834210670469e8, 4.812058117966495e8
1.1267900892076242e8, 1.9303777430627015e8
1.7745830389377186e8, 3.404092560293957e8
3.000236684910085e8, 4.121805999891014e8
1.5525741224509716e8, 2.6317210851876378e8
1.8012455120630407e8, 2.333325926466295e8
2.1327924496461484e8, 3.290629031839179e8
1.2814840965945072e8, 2.937298767575243e8
2.8332678791486144e8, 3.459869569315222e8
1.3891929836257386e8, 4.1501694711262184e8
1.9695759319511187e8, 2.5174040653975078e8
1.645455297609573e8, 2.465483763532086e8
2.131263747177068e8, 2.846241794606147e8
1.5773794884931153e8, 2.200245108191864e8
1.838777133131471e8, 7.063822923651013e8
1.4221997772988412e8, 2.069880700256865e8
1.4495128175065452e8, 2.5593028855643445e8
1.3202003378827703e8, 1.9212773481708002e8
1.650174232175699e8, 2.224720074668236e8
4.586963729421171e8, 7.923512260523473e8
1.4828751928120363e8, 2.340739702694198e8
4.2856157989802754e8, 9.440337313178701e8
4.0391553468193924e8, 5.379443266682601e8
1.5929878151606262e8, 2.320092862337722e8
1.1736452098952314e8, 1.553948763635561e8
1.3729114070650113e8, 7.517129542924312e8
2.4104033996753168e8, 3.2834429967803574e8
3.374631812622892e8, 4.616574970912256e8
1.5522795306284022e8, 2.5228742074348217e8
1.2421886705521983e8, 2.0892413866666377e8
2.3512027205170658e8, 5.2706542362017834e8
1.5044857720119926e8, 2.9191384072688776e8
2.7075492889494574e8, 3.043450256607581e8
3.9549907419684416e8, 7.739793514933959e8
1.0877982961971211e8, 1.7031161824121463e8
1.6550774633518293e8, 5.536889565770981e8
1.267148103321908e8, 2.1223735405493575e8
1.6180747965432936e8, 2.0510230980900475e8
1.734578858032567e8, 2.6326877733073682e8
2.6576784801337063e8, 3.5957336280847394e8
1.407751555602029e8, 4.2646727694165087e8
1.2416213482307284e8, 2.148905495639262e8
3.912154106702309e8, 4.5614159160008585e8
1.8246299983751673e8, 4.3791153728122973e8
1.5049878312298775e8, 2.2120497429734546e8
1.462392442496745e8, 2.1814608499805453e8
1.3387198704689243e8, 1.9744045380678904e8
1.2598926922865216e8, 2.409609242160913e8
2.5126216761542836e8, 6.315367779794155e8
1.1153991833001283e8, 2.1045473825367737e8
1.66613185501157e8, 2.3976744468952718e8
1.6894244324299943e8, 2.928844694271987e8
5.3373801341890264e8, 8.137323350927247e8
2.2856489864362973e8, 6.668941329913268e8
2.838439659239053e8, 3.586223815735863e8
5.615098974796076e8, 6.041406038944921e8
1.3071851396723944e8, 2.1787882829627553e8
1.481571905560122e8, 2.2609157172375324e8
1.1867704746033984e8, 3.4130930034897935e8
1.6652188371656302e8, 3.567592776230004e8
3.796312802277709e8, 6.490669468822273e8
3.9232967031253296e8, 8.08587685983545e8
7.073196649328697e8, 9.682886957785745e8
1.9111113018548286e8, 2.649738750701556e8
1.16700192955839e8, 1.884041856252106e8
1.987742622959792e8, 2.9588088493160653e8
1.67601242890315e8, 2.26110047964106e8
1.1774022752933109e8, 1.6055663612149975e8
3.577387606832184e8, 4.594183759823831e8
1.2123808009139128e8, 1.881048102898882e8
7.005861619210055e8, 9.698422954803951e8
1.29377307406466e8, 2.9229334757718116e8
2.474223759305324e8, 3.484407539720888e8
9.500769079405376e7, 1.4226329182834166e8
2.472258499162953e8, 3.1933073779854923e8
1.437063554391836e8, 2.598054196097832e8
1.4072323518072587e8, 2.4391155333329675e8
2.4038379416868395e8, 3.122959941298707e8
1.2844559906680305e8, 1.9992486808366597e8
2.333516167457864e8, 3.190937349871323e8
1.4804705019853348e8, 3.033469867355614e8
1.4619518974873275e8, 2.3426061763205937e8
1.4080421877933946e8, 2.4489236406799176e8
1.3217534469504765e8, 3.468408597115542e8
1.9658521062478358e8, 2.7045292046230716e8
1.8007362346722984e8, 2.509136369936912e8
1.461410104167391e8, 2.313229694754767e8
1.5084291309316835e8, 3.849946205821992e8
1.2017894738345136e8, 1.7542388724259734e8
1.4532516286281046e8, 3.8994359234780467e8
1.9214464924457014e8, 2.3614699668405834e8
1.781090353604543e8, 2.342099547432074e8
1.6419644223778123e8, 2.836956054913423e8
2.1246809878933424e8, 2.9127162928848493e8
1.4166875122355163e8, 3.413947458007582e8
1.5750495369129485e8, 2.9013044551201934e8
1.4827914383661383e8, 2.023561149286215e8
1.8513966015746206e8, 3.4846495543565774e8
2.8670810865948147e8, 3.568552372559916e8
2.270014352513817e8, 3.530754282567669e8
2.3204996741616225e8, 3.04852511717976e8
1.4019021930017942e8, 2.284425633478279e8
1.552274929392951e8, 2.122585743762996e8
1.4760678498736033e8, 2.1032115591039032e8
1.4907013748826203e8, 2.0933364443639997e8
6.451484906991372e8, 7.414778734617479e8
2.77250145806929e8, 4.029450892833258e8
1.6238509797656956e8, 2.069496641976372e8
1.2925705444532396e8, 2.1565714864390343e8
1.5900385778971362e8, 2.1115857208640966e8
1.0786835924779262e8, 1.6328838563679796e8
2.1505047444175404e8, 3.329788194593994e8
1.8808038771612757e8, 2.68440542803967e8
1.9435212368829685e8, 3.4053305759592396e8
2.023473783050982e8, 3.1338405448280215e8
7.347441822467797e8, 8.069857211597824e8
2.423327957994644e8, 3.6296245901175976e8
1.5475025478254688e8, 2.4663475430439928e8
1.4108509277721423e8, 1.9848796767656997e8
3.347043571451337e8, 4.836155642308116e8
1.326950029411227e8, 2.025593917568565e8
1.351852380799902e8, 2.682368954581593e8
3.8077126208800864e8, 7.352311598286873e8
1.511775720324926e8, 2.9212331222075725e8
1.7274338097316778e8, 2.770730527271536e8
2.2444671413220745e8, 2.976807079899008e8
2.035593991377179e8, 2.838917404703215e8
1.441725522828809e8, 2.5945411613511693e8
1.609278434050287e8, 2.927319677486751e8
1.778251138027252e8, 2.865930861421886e8
2.0520934058114132e8, 3.1506467611586154e8
2.2567305165153688e8, 4.325205421084313e8
1.8525068486239457e8, 2.4838000088717395e8
1.5340823419133753e8, 2.897419464952552e8
1.567133390229811e8, 2.012119254399482e8
3.502081534108953e8, 4.382530141613908e8
2.1264419492008096e8, 2.894267850211854e8
4.5974454919159395e8, 5.391644981531292e8
2.4075547273795015e8, 5.604539988352267e8
2.035078206911795e8, 2.82512612924566e8
1.152429806734661e8, 1.8782366403898144e8
1.5742984298124096e8, 2.5121798527181304e8
2.2129654802574635e8, 3.2221121168594736e8
1.6898075681904453e8, 3.008786240459632e8
2.9740185387766045e8, 4.088697339785078e8
7.346541819968538e8, 8.732267734636571e8
1.6280827846436638e8, 3.19944035424613e8
1.8099176777559054e8, 4.3032681305218416e8
1.2390589928582294e8, 1.9089106809912705e8
1.1378104261914931e8, 1.8025973535076374e8
1.24551540142359e8, 1.965543737622701e8
1.8075286517947978e8, 2.9629990651097935e8
1.631980123533426e8, 2.3439308700485215e8
1.3033867504394446e8, 1.9831263317896378e8
2.3547262328439543e8, 3.147828802431536e8
1.5369060744630736e8, 2.3471870301463518e8
3.371563429147465e8, 4.403996654231183e8
1.7094199083280808e8, 3.332981786799644e8
1.7246765777567804e8, 3.253456016216855e8
7.474285945330671e8, 8.990001664679523e8
2.110068976030061e8, 7.351527940834258e8
1.7430678880092624e8, 3.180449715435295e8
4.105398532512951e8, 5.136805536390052e8
2.752528081562128e8, 3.173958902622401e8
1.658158223428337e8, 2.198340261310052e8
4.817522895927027e8, 5.594603021645589e8
2.08365621811472e8, 3.277795111089659e8
2.775161227640159e8, 3.564422512647458e8
1.549599745487674e8, 1.9810165039241067e8
2.514084432458772e8, 3.2001003596825427e8
1.456184230399546e8, 5.619051327485774e8
2.52046035713652e8, 3.682559770456734e8
2.316960297522542e8, 3.3544838975899994e8
1.3412008197354059e8, 1.781421649814759e8
2.6916993695039666e8, 3.278597900947425e8
5.200495873497586e8, 1.0132673891518241e9
1.8035798887416112e8, 3.6002180355681145e8
1.2800170998160714e8, 1.993886414284737e8
2.496987588524867e8, 3.0955041252319676e8
1.1611557293288249e8, 3.5636172723636365e8
1.2650478510376215e8, 1.854403382637725e8
1.6080221839799e8, 2.1431596467248607e8
1.258191343384809e8, 2.302728884497802e8
1.834080412371654e8, 3.464027164751287e8
3.388363792145414e8, 5.027230691552507e8
1.9504656100949073e8, 2.8484684143864596e8
1.2501723353825362e8, 1.8790533958960313e8
2.0581659813204667e8, 2.888137627466472e8
1.7522392219384822e8, 2.415823464114892e8
2.5189829500304982e8, 3.371315742174036e8
1.3873209448608822e8, 2.045678260929389e8
1.648160189123971e8, 2.893830448713062e8
3.098748973524477e8, 3.939688131610241e8
1.4910450750976247e8, 3.0805040855874115e8
2.5953415266303125e8, 3.6774198052539474e8
3.3464721556687546e8, 4.3682920235254675e8
4.3210114916509515e8, 4.9505510728818184e8
3.6059811624026227e8, 4.5949519403637457e8
1.5376144535062116e8, 2.1374577749947122e8
2.7367705450016207e8, 3.638919666438694e8
1.835755620052271e8, 5.1417840808225083e8
1.0865153811397895e8, 2.1049025150042295e8
2.8615635018476915e8, 3.389516631830357e8
1.1537708614546956e8, 1.746722654834516e8
1.2290373714540124e8, 3.0063638504332477e8
1.6072269377605996e8, 5.555374349606357e8
2.071056624602285e8, 4.449334668310217e8
1.7325431250151324e8, 3.0045702119935316e8
1.3645984952092686e8, 3.2217423924890846e8
1.734096978467852e8, 2.079830594925881e8
1.4138943671048623e8, 2.0965641597125068e8
1.5452703621060663e8, 2.328195243564808e8
4.002348102394786e8, 4.9004735855864704e8
1.554860295439758e8, 4.427032158910435e8
1.6986290239297816e8, 2.702691071179314e8
2.636310403039625e8, 3.3599112704787874e8
1.370060244514011e8, 1.8117562156240496e8
1.5349564164306313e8, 2.6622458061456457e8
2.635314031861335e8, 3.08394223562535e8
1.761347076576659e8, 2.3192942156768933e8
1.2020850726264481e8, 1.98945472554015e8
3.677941379726086e8, 5.652323674204525e8
2.1784759636172974e8, 3.9629918656624985e8
1.7642125453961414e8, 4.9500292059517646e8
1.2033383937439439e8, 2.1342131533972597e8
3.500764913274294e8, 5.503367941976445e8
2.2640497445357835e8, 4.8828288044895303e8
1.6906351956667054e8, 2.832598125365904e8
2.3567813296901536e8, 7.336439201286756e8
1.4823849055190313e8, 2.725066989007726e8
1.4988400879461524e8, 4.1364194227429736e8
2.224296560572115e8, 2.6024592983495587e8
1.3189554751748966e8, 1.9684857978097638e8
1.705786694872213e8, 3.6509458277398777e8
1.859016428963632e8, 3.362122622349748e8
3.676031973167244e8, 4.392227367748672e8
1.3511214633677524e8, 2.9574856145064175e8
2.6941728790031177e8, 3.9152274898506737e8
1.483083491932209e8, 3.5516730200294816e8
1.72899167249592e8, 4.27928332212732e8
1.2449881821282724e8, 1.7870276069737914e8
1.3647809140376872e8, 2.05130712631785e8
2.0709614858754137e8, 2.823109072258088e8
1.4764848069572175e8, 2.154834359378184e8
2.0103621387081692e8, 2.563289912118309e8
1.5208993380763268e8, 1.8334826635631242e8
1.9039673381954002e8, 6.252244024678841e8
2.3427052509018996e8, 3.806438354624256e8
1.4513381724763834e8, 5.930754542068549e8
2.7147650516089255e8, 4.126322697670669e8
2.086391039961543e8, 5.567289560844498e8
1.3166510648165712e8, 2.6065147796451724e8
1.9961491495732167e8, 5.610535180834467e8
1.416528599651509e8, 2.053629891265223e8
1.5954576940725654e8, 2.96695713917263e8
3.997185219546707e8, 5.925518271137917e8
1.6998524838335586e8, 2.805580708790737e8
1.7339902375770614e8, 3.218054763496494e8
2.1655742086616778e8, 2.871240977778077e8
1.707166513362617e8, 2.2399346439321592e8
1.5187941521016407e8, 2.3104014265905777e8
1.7814354717013884e8, 5.04168435143791e8
1.3773797102929762e8, 2.591412899260421e8
4.065239603666519e8, 4.764876433696705e8
1.4417257337800103e8, 2.2379888074052364e8
2.471296905682818e8, 5.41319073761907e8
5.757661908919253e8, 7.488386960278784e8
1.5605245377845937e8, 2.8415001489429134e8
1.7757275880656084e8, 3.7896823261772615e8
1.1365366893924893e8, 1.9019195832890207e8
1.9489529660903084e8, 3.0340985678277206e8
2.084558477783153e8, 2.863569986217765e8
1.3540405413424236e8, 2.303853221350383e8
2.0211923098364243e8, 2.7483435170562035e8
1.4069488274136108e8, 3.010779004239648e8
2.4905909230338776e8, 6.153169632103233e8
1.0678174869743057e8, 1.4672435161712041e8
1.596448893208205e8, 2.4873677922720367e8
2.5497472100536856e8, 4.029437996763421e8
3.496005368723132e8, 4.5925955429862714e8
2.7700444553836584e8, 3.1126695678707796e8
2.227071176797707e8, 3.777827698864565e8
2.773845710211735e8, 3.333241745450377e8
1.7013492613061225e8, 2.420151992991867e8
3.332312469398323e8, 4.8517396039094913e8
1.6884320201679254e8, 2.4821892429770392e8
2.7325053092321247e8, 4.946434511818316e8
2.0958544099506912e8, 2.7499027327747756e8
2.2763542357045215e8, 5.0235633206716096e8
1.4360210212681282e8, 2.6459867136124912e8
1.3938985340610763e8, 1.9212178028470075e8
1.4622157837133262e8, 2.3288727605921584e8
1.617327118385318e8, 2.217044854245402e8
1.9990440271398628e8, 2.7716149347516394e8
1.3179374839949638e8, 2.1515663422621396e8
1.1119816931953822e8, 2.637330104243868e8
2.420409541521275e8, 3.438622912300746e8
1.447805739709526e8, 2.9486010306658083e8
1.2265303902632849e8, 1.728149621963713e8
3.089867499830451e8, 6.153561652235364e8
1.7104093389544103e8, 2.817271703634225e8
1.3282035276184623e8, 2.6897877377463335e8
1.512115752808927e8, 2.3956324755835164e8
1.501480388444435e8, 2.4260445479146683e8
1.42018169908324e8, 2.1051850853771892e8
1.4837366855472538e8, 2.4489236237041605e8
2.2094833557211736e8, 3.353771867780793e8
2.4228970216754615e8, 3.194669260714739e8
2.5322744295095935e8, 4.2268058222734e8
1.285752776842479e8, 2.8857258232279325e8
1.7838659682020646e8, 2.3288327578239942e8
2.072002533949563e8, 3.174251794964665e8
4.115876886228854e8, 4.407131909227641e8
4.339984341680126e8, 5.137808015862798e8
1.9869056151943997e8, 2.93307684744229e8
1.7089971778900465e8, 2.5136758374237224e8
1.3171749909941849e8, 2.135006034003885e8
3.5042000612402326e8, 4.267737338858475e8
1.6706402011678806e8, 3.409299007716526e8
1.977409533103503e8, 4.0474668674155164e8
3.1309065600066173e8, 4.1419214811380225e8
1.0866539981087972e8, 1.5450207073478562e8
2.497952434713535e8, 3.1449224290180427e8
1.1193822256523578e8, 2.3100151462253833e8
1.7600121181820005e8, 2.684833806903877e8
1.5055509000221196e8, 4.3040096824665284e8
1.1977820006283905e8, 1.93692689204544e8
1.5289841371030235e8, 2.1553677210065004e8
2.7534277183886623e8, 4.366884393495969e8
1.1815425260494398e8, 2.892002267227424e8
1.8364040424131855e8, 3.0372090332422745e8
1.3068401312486927e8, 1.6658928127056333e8
1.7460636043163365e8, 2.7546799879768944e8
1.3678102089412224e8, 2.31187472666713e8
1.5866880072629896e8, 3.2281282269232136e8
1.528270555819528e8, 2.1236977342842183e8
2.3378000467456388e8, 2.995276157437301e8
3.71760073840351e8, 5.132267510589863e8
3.645839513295821e8, 5.791883367811112e8
2.145223452411873e8, 5.386722820716271e8
1.7304762924493247e8, 2.9946449484897494e8
1.4116549136344323e8, 2.0497500471468297e8
1.3905107215371674e8, 2.0557621603209367e8
1.7562319671364152e8, 2.3137398683958268e8
1.467795579694252e8, 2.074423655301225e8
2.501551753004609e8, 2.830112431933257e8
1.9070390760908598e8, 3.430942419183189e8
2.187436374013989e8, 4.1140477651875937e8
1.4331133398169386e8, 3.4998852518117005e8
2.4601581742956585e8, 3.7317623220816374e8
1.452188494806889e8, 2.2442798277543667e8
2.049621673950894e8, 4.251944663342823e8
1.2219615761618038e8, 1.772869483306481e8
2.0991762406956118e8, 3.41166530000454e8
1.5123485950248873e8, 2.2748271515834302e8
1.6308527105267912e8, 2.3643947282183924e8
1.4668921735441357e8, 1.969290583365368e8
2.5677721781517363e8, 3.6908205177883625e8
1.6759292481548783e8, 2.802854656402457e8
2.0693874253426144e8, 4.3899150023794377e8
1.7472585331486028e8, 4.093894446644209e8
1.614095211723812e8, 2.2639269474309677e8
2.3883905107545772e8, 4.393052620263289e8
1.5444188290381444e8, 2.707482654950122e8
1.642194847073555e8, 2.6565221194563112e8
1.5070779381613538e8, 1.9997439016743204e8
1.9990545238083524e8, 3.1634900860745496e8
1.5283551886363357e8, 2.469024925378462e8
3.427129945931252e8, 4.0556275520117754e8
2.5514278532766253e8, 3.7300733842114323e8
1.3195223782291266e8, 2.0055172503879553e8
2.0814364231674504e8, 3.866710062274254e8
1.7013242111222988e8, 4.141540301723229e8
2.1802012441325513e8, 3.387131591293875e8
4.2739725929132694e8, 4.9742558351485133e8
1.6195117080291277e8, 3.084430848916679e8
1.8909556411601406e8, 6.417178177265754e8
2.8507664542749286e8, 3.964640060810245e8
1.901260262655394e8, 2.4706185252394757e8
1.9915052645896834e8, 2.6575158422189277e8
1.9245640482484606e8, 4.0338526848578817e8
1.6852386599244297e8, 2.2827243367256483e8
2.689185411297239e8, 3.6036691898261964e8
1.8692286312007385e8, 2.4115069178899825e8
7.495280994228728e8, 8.265131003922989e8
2.950095481324565e8, 3.410550827194758e8
1.880060646548876e8, 4.5436373198303765e8
1.9936230373469418e8, 3.736270655069289e8
1.7991982091253775e8, 2.8650315002429277e8
1.9526512299824226e8, 5.0616650843802744e8
2.0497300425112545e8, 2.6175963725113022e8
2.246346390340481e8, 2.8673883101734567e8
2.0431757934131098e8, 3.8005661908770233e8
2.4389289373018634e8, 5.1362178861181116e8
1.5719568768023908e8, 2.9573690379294765e8
1.698617677265364e8, 2.4222104292306498e8
1.9042081595680374e8, 2.850061226140881e8
1.6635348449256366e8, 3.273770336287282e8
1.362026202015618e8, 5.3667672047915787e8
1.189433855517208e8, 1.8100115006438327e8
1.3569404082599992e8, 2.742552394982191e8
1.154293833480853e8, 1.6482357492555654e8
1.3437084688110748e8, 2.0507496684367275e8
4.232175492746297e8, 6.368267714287841e8
2.2626281176049185e8, 3.8443018011301786e8
2.38371141406205e8, 3.729508883533301e8
1.6103168352335644e8, 2.0889047054809508e8
1.1958493402409558e8, 2.0947886317476222e8
2.958211408375838e8, 4.2368094996951133e8
1.2967225608327974e8, 1.7443628085693637e8
1.0076319693952426e8, 2.0510458059263387e8
1.5367388903048897e8, 2.862710142381065e8
1.545690350340622e8, 1.9729000308476952e8
1.313534608842374e8, 4.591788582652615e8
2.154512088180245e8, 3.0401853500573546e8
1.0787924615557647e8, 2.1915326728400627e8
1.4544556541368848e8, 2.3514885645976004e8
1.8962819392971894e8, 2.6740775497890332e8
1.5643100971416736e8, 2.703414027846581e8
1.084379292209247e8, 1.6852751937445495e8
1.8019538952133566e8, 2.666348476144509e8
7.280850482015731e8, 7.91472864898435e8
2.5427636928808555e8, 5.493514980290815e8
1.700162430953104e8, 2.3756692002617595e8
4.5490215792683625e8, 5.147562930602874e8
1.5839549525849292e8, 2.860412634691084e8
2.3910459090632415e8, 3.795809626377726e8
4.612309462472217e8, 5.829065040124793e8
1.6388341948386264e8, 2.281508886492473e8
1.35343941167204e8, 2.4404766933124384e8
2.553387238985961e8, 4.2814626677048045e8
2.3640087957257915e8, 4.0136612709914166e8
1.3315966170260888e8, 3.8758749419015723e8
1.3720150096024156e8, 3.4517218049306196e8
1.6019954925521484e8, 3.6261040701985836e8
2.3719382977728876e8, 3.488679687723054e8
1.2960170611345933e8, 2.2041557993169075e8
1.7360142962599555e8, 2.661165196922089e8
1.7119896700061947e8, 2.5026364048731685e8
2.908552117888336e8, 3.732859889823592e8
3.212377419294431e8, 5.0831849207368195e8
1.3093766745094006e8, 2.1332351656236064e8
1.650252058487847e8, 2.7583013212525004e8
1.7830814813783288e8, 3.012112133665922e8
1.8947616685609946e8, 4.379389105080516e8
1.9875367330963385e8, 2.6770208691138363e8
1.8712547215192908e8, 2.4910390809893188e8
2.4689003238696343e8, 3.4365771504197e8
1.8205122989748627e8, 2.37949595034663e8
2.5342308593806887e8, 3.2671820955437124e8
1.8563918939372212e8, 3.93265471503083e8
1.7623356752925637e8, 2.4882052693701762e8
2.1578495635924104e8, 2.8109643112610143e8
1.7403097262023535e8, 2.4282171225636467e8
1.8596243179154205e8, 2.719524107252505e8
2.288349092382083e8, 2.74858052607158e8
2.5228780392768365e8, 3.210337649117554e8
1.4281691301386142e8, 2.756753763297959e8
2.4616782920499498e8, 3.131774057491611e8
3.2367375630803114e8, 4.410591977968027e8
1.4337681354202807e8, 2.0150310052865985e8
1.477543739700693e8, 1.983087562278284e8
1.2117576127097012e8, 2.2963151671760717e8
1.6599450100337225e8, 2.742224322327896e8
1.2273290089264989e8, 3.038438147501472e8
2.8235299078026503e8, 3.5533133600789225e8
1.1795257501757644e8, 2.061576144258271e8
1.3565527068261373e8, 4.2453094053862095e8
1.2331947282161206e8, 6.431614708439611e8
1.4698488529040152e8, 2.185313354035974e8
2.4812073154597625e8, 3.907112277946103e8
1.3071059714314945e8, 2.0489489211849055e8
1.3380521717426278e8, 1.9417000577686813e8
2.2629664142550257e8, 2.955179805694129e8
2.0129525970733273e8, 2.694075294610466e8
1.5235550627199933e8, 2.0913001274082407e8
2.1823421473561764e8, 5.988749670390562e8
2.1601152072164637e8, 3.2525045383782476e8
1.4779712037896276e8, 4.3207061442337495e8
1.7691734589221036e8, 2.4170311195449826e8
2.004689379891551e8, 4.244388522860417e8
1.869578566677643e8, 2.478074706128966e8
1.9928305280414304e8, 2.670284534980925e8
1.5243155277512357e8, 2.1805068860276994e8
1.6980525086614418e8, 2.6685402842941698e8
3.440410524168702e8, 4.4943209441118705e8
1.64195763444522e8, 3.0285622869148695e8
1.1697073021312973e8, 1.666468214040023e8
2.6186835621293908e8, 3.81415466048908e8
2.0103429412631425e8, 4.448461909565584e8
1.5011530367595038e8, 3.2464618487977743e8
1.628836139865129e8, 2.9529139466626406e8
1.6253429823127934e8, 3.2106209209070766e8
3.2599486241851366e8, 4.095024950989848e8
3.908575553168224e8, 6.166290453822656e8
2.1683031497299328e8, 2.953495361294146e8
2.3449401139373142e8, 3.986059530843913e8
1.3849369616769695e8, 2.0204295423119137e8
1.4036243565475312e8, 3.6465249511413e8
1.3589336760575515e8, 3.216965073690575e8
3.96381176813062e8, 5.1562526588694656e8
1.5176986178168958e8, 2.1811201591794237e8
1.9280167411723614e8, 2.717824029317386e8
3.656682812043087e8, 5.383163899552552e8
1.9132603486545157e8, 4.0545101829586434e8
1.695671553405655e8, 2.2037445806407145e8
1.3010678389110248e8, 1.7390100084780076e8
2.0886918084758824e8, 6.2128815868848e8
3.507961271952829e8, 5.157703063033643e8
2.0808488192209244e8, 4.2611289525578755e8
1.1831568946799365e8, 1.9425795322382513e8
5.859205435217662e8, 7.094110359971428e8
1.8557729226164988e8, 4.692676308712243e8
1.7494842754340532e8, 2.4965352244957572e8
2.2690390080310354e8, 3.1175093912909615e8
1.5994682769241422e8, 2.4497007555319855e8
5.533207679133362e8, 6.134851574638375e8
1.396998706805634e8, 3.0429391238772255e8
1.458619076368956e8, 2.804546992551231e8
4.093791981068203e8, 5.0103085396164244e8
1.653676250623685e8, 3.4096679778643703e8
3.780186727519961e8, 5.461296535993844e8
1.6815610048425028e8, 3.4799150748247594e8
1.115598801895998e8, 2.133489148613167e8
1.2343155323479684e8, 2.3135433988200977e8
1.5397566742383617e8, 3.5658039532195574e8
1.7458702227237684e8, 2.858275016316978e8
3.121856591883368e8, 5.553109461166035e8
5.2936442463128823e8, 6.047907998272749e8
1.8882574939373237e8, 4.2861253487088233e8
2.858161995722052e8, 3.613863296221659e8
2.2483608627229494e8, 2.9237655601475036e8
1.4301734365831518e8, 3.852333582964327e8
2.3922901351435328e8, 3.8990431403492177e8
2.1497939198938817e8, 2.8089551655718225e8
1.1233817531371377e8, 3.025423156160372e8
2.5494408174682927e8, 3.4848619971357816e8
1.2845690701084948e8, 2.1730849973378608e8
3.02144401688178e8, 4.357337692408903e8
2.0463056185153502e8, 2.9934083920872027e8
1.3823749554890954e8, 2.825678067317031e8
1.3385748480290522e8, 2.1741102803938878e8
1.0734356699490748e8, 1.9910555800803408e8
2.318667166330205e8, 3.505451682842606e8
1.5156199404203984e8, 2.4532778691072014e8
5.1058057374092865e8, 8.246742526756207e8
1.644677914048202e8, 4.310510304567735e8
1.1949456175687465e8, 1.776448772994637e8
1.5475800329221755e8, 4.0193369251318043e8
2.5164829815001732e8, 3.5062840101429904e8
5.482970813012478e8, 6.003979174570129e8
2.2648613317130363e8, 3.593251710533949e8
1.849181805011366e8, 3.2464665406975526e8
1.2170395896868718e8, 2.5404332301305372e8
1.2875788219676644e8, 3.6368951096222514e8
1.848854908015613e8, 2.6865975282111764e8
1.7993959736921412e8, 2.303504445113009e8
1.0553862215781227e8, 1.5972922231655425e8
1.4627707981923148e8, 2.6032758244877112e8
1.7336224300797334e8, 2.730049658681433e8
2.3562850110302502e8, 4.3925069260796136e8
1.7745271557439116e8, 2.251785505771571e8
1.660165796014371e8, 3.1579080936839455e8
1.6431278603901288e8, 3.1461045590778464e8
1.673087962716782e8, 2.646389756626177e8
1.5036896819493312e8, 2.287384912203272e8
1.639328326857673e8, 4.734624053965275e8
2.0529252641777658e8, 3.019306536642334e8
2.1837561283257812e8, 3.075299504175857e8
1.1213088249592322e8, 4.915619820794322e8
1.665737870279951e8, 3.5641023633246547e8
2.4683539985277605e8, 3.2528799812681514e8
1.1610809432906222e8, 2.118888234727415e8
9.804492324378435e7, 2.350022149916264e8
2.6623520532423264e8, 6.457414187760651e8
4.966241107117136e8, 5.480110707558972e8
1.5045208464482927e8, 3.7509147075663036e8
1.2950615363848348e8, 1.9344825993775955e8
2.4106510645455062e8, 4.013246597068045e8
2.172847834813202e8, 3.22141044878222e8
1.5053264326452035e8, 2.81225777510108e8
2.0630816046422035e8, 3.246158458269876e8
1.7011630709324852e8, 4.6560107723207694e8
1.7193067871676803e8, 2.771417786877879e8
1.2715945982921755e8, 2.766278688971609e8
1.3153060461580876e8, 2.1662990018576095e8
2.3010692966865924e8, 4.072839770030488e8
2.254511530411784e8, 2.991927870081307e8
1.5166990430241734e8, 2.3300009259632993e8
1.3423280141490814e8, 1.949228818732976e8
1.1764032611762786e8, 2.1670564658015236e8
1.1322600201199129e8, 2.0519192978997725e8
1.967214181635074e8, 3.2163520175917625e8
1.404156994643696e8, 2.216861477147021e8
3.4329580866780066e8, 4.891007511907547e8
1.5690526768748665e8, 3.2565923149799156e8
2.3883154451979256e8, 3.823661722470036e8
1.1007813980650215e8, 1.767708772443471e8
1.8250609064026606e8, 2.3420237952089664e8
2.5289064864932945e8, 3.2265641398760504e8
4.8245284610334206e8, 5.614548272797337e8
3.1646594804314727e8, 4.055521825590854e8
1.6477346139522588e8, 2.8195884876591885e8
2.5677270293487304e8, 4.300469328751842e8
1.738843548698903e8, 2.709026353406484e8
1.7186504753081796e8, 2.284530624199914e8
1.4521602810433304e8, 2.820800471382372e8
1.2125420465279137e8, 2.4337616705450204e8
1.7345456597697344e8, 2.2578044612333655e8
1.3572911787685543e8, 3.116549355208459e8
2.3342757974219918e8, 2.9496573812350374e8
2.4559444981500775e8, 5.15760277105617e8
1.887535497667774e8, 5.630117622188195e8
1.1517201107268465e8, 3.301207441155609e8
1.6615684574709827e8, 2.5742455946747607e8
1.6431908671497703e8, 2.8246091247321224e8
1.3109808433933204e8, 1.906633261331133e8
1.1520819174871673e8, 1.7477357312565503e8
4.756513817596212e8, 5.440508155949789e8
1.1345612589551891e8, 4.672587691411596e8
1.3111164457253698e8, 2.2936717396037033e8
1.3421571753004284e8, 2.0540201710707715e8
1.9035227027454644e8, 2.5650768242575735e8
1.4715692447278082e8, 1.9795620422210574e8
1.1958400900968859e8, 2.0182154868603826e8
3.954888610840428e8, 5.633276693562517e8
1.4952648690070176e8, 5.0995503328232235e8
1.3870683942508852e8, 2.978160846562229e8
1.7946206676670286e8, 4.170024762227167e8
1.9386747948329127e8, 2.375122523548165e8
1.3129667625429466e8, 2.8313075661608917e8
1.4937948981349945e8, 2.269758924947885e8
1.6135050531308246e8, 4.720203895257225e8
1.6326170504540503e8, 3.3371411825242805e8
1.345545710149214e8, 2.2230662861037213e8
1.4364111607493195e8, 1.9019757486279395e8
4.038872801519387e8, 5.1587319233747023e8
1.0440990999472943e8, 2.443180094263211e8
1.5505698964048856e8, 2.2147944975077298e8
1.8776996692161858e8, 2.8097351099723333e8
1.9785132166649365e8, 3.390708507285962e8
1.988153581588443e8, 2.7997270842121226e8
1.5095756688973135e8, 2.3484162300662652e8
2.8729190992732626e8, 4.043159048362578e8
4.983727415255552e8, 8.927447685178996e8
1.4601451648292866e8, 4.385164209102003e8
5.481095023716725e8, 6.369149553115956e8
1.9010832727010465e8, 2.887486129717612e8
1.6723173217681196e8, 2.631837269498036e8
8.012666228636691e7, 4.114756918720458e8
1.3328964869796756e8, 2.275394902898151e8
2.2980097502429855e8, 3.450919586241719e8
2.2896856052331406e8, 3.008693896693405e8
1.8946441654810098e8, 2.5337786718259653e8
1.2431711024634348e8, 2.3682659227844733e8
3.536623488170159e8, 5.649337208602288e8
3.352043376722846e8, 4.221838762973245e8
1.7224389567555827e8, 2.6710515450674978e8
1.6095447218769056e8, 2.4727910558573517e8
1.6634151686438924e8, 2.053896476403465e8
1.9101810492775494e8, 3.782205727610002e8
2.814952811510554e8, 3.449028688587072e8
3.4410136542445916e8, 5.408792187237477e8
4.680962022421819e8, 5.526909181832299e8
1.7467239856958228e8, 2.982746902111378e8
1.4309848964231902e8, 2.2214867507496428e8
1.2318595477522515e8, 1.702583515400996e8
6.353910854900712e8, 7.283430480810193e8
1.5521367723339763e8, 2.815746621844768e8
1.2717796937312879e8, 3.2162537630434304e8
1.6812763779853678e8, 3.992693775412057e8
1.42774165718435e8, 2.1720836273582378e8
4.443654136904497e8, 5.448856590091025e8
2.3577510364975762e8, 4.633785285288728e8
2.3988878467170718e8, 2.8889651410921186e8
1.2495826758891273e8, 2.4905646396189883e8
1.630484981470394e8, 2.6340472850329006e8
1.600935155841534e8, 2.928324083784692e8
1.6858933591194588e8, 2.435709681701698e8
1.8323907464886677e8, 4.072906601613584e8
1.1888547345038654e8, 1.6984680684507558e8
2.291036036932153e8, 3.132496929310268e8
4.284745314311197e8, 6.150851355758344e8
1.5919506379266688e8, 2.887529628295715e8
1.208349019294571e8, 2.9922961466996264e8
2.817591070463265e8, 3.7978944170815754e8
1.4740060176507366e8, 2.4405609197032347e8
2.5763385368825218e8, 3.0083809132381606e8
1.6911809008500907e8, 2.905971567805646e8
1.9929701230249453e8, 2.8819017595240843e8
2.5055963857506058e8, 3.4007418590125483e8
2.890281926853715e8, 4.099641982833366e8
2.134269387155773e8, 3.1639093048819613e8
1.816192374244603e8, 2.464344992731378e8
1.5711051623500252e8, 2.2672091520127207e8
1.5009314943248683e8, 2.8266523223180586e8
1.5445077511563054e8, 1.843295313574226e8
2.434349876217925e8, 4.020871528299791e8
1.5549240133341068e8, 2.5909095148697403e8
1.5335178759563795e8, 2.4392893242706364e8
1.2627617597865567e8, 1.984654527366316e8
4.1909564275033015e8, 4.9775534160989517e8
1.7448423056830868e8, 2.5251200359070998e8
2.2368484993044043e8, 4.705337969992662e8
1.0672321857694077e8, 1.622268790214585e8
1.5595911467920798e8, 1.995119753514449e8
1.427561446502195e8, 2.6297300962260044e8
2.0085398553837186e8, 3.7375176906828296e8
1.3031451340520559e8, 3.270718157264139e8
1.8633917531090164e8, 3.2248317888150996e8
5.73983229958552e8, 6.927126564117806e8
1.784248421689707e8, 2.167260480173131e8
1.4944415554957098e8, 2.1019694488907593e8
1.449518763994428e8, 1.998459311679462e8
1.4805381481630996e8, 2.3781193343783575e8
1.5005623536891675e8, 4.4871460479196596e8
2.3061201834523028e8, 2.9114750546589774e8
1.3973236393471652e8, 1.869366317868472e8
5.0592362171622336e8, 5.93677445922633e8
1.8200612790296984e8, 3.0776313375042415e8
2.249461105137505e8, 3.1897672561611205e8
1.002162125726392e8, 1.7825821206942922e8
2.4979206605137533e8, 3.5656289037390256e8
4.0264597825475436e8, 6.761994997257279e8
2.7669840963961476e8, 3.6356813616454285e8
1.8761439201317427e8, 5.964660354350128e8
1.386725826336233e8, 2.4336281775144762e8
1.2576095496630187e8, 1.6145322444055408e8
1.629626014188332e8, 2.535260267165484e8
1.475868986469238e8, 2.244859289079071e8
1.5730373394955182e8, 3.493336605817036e8
9.302393277393805e8, 1.0942163170557258e9
5.018945005690333e8, 6.998651391737884e8
