(1,8899.64)
(2,5794.97)
(3,3369.64)
(4,3068.43)
(5,3297.48)
(6,4098.12)
(7,4368.89)
(8,5031.82)
(9,6458.01)
(10,9864.77)
(11,9825.63)
(12,9175.23)
(13,8841.83)
(14,8371.98)
(15,6485.4)
(16,4759.84)
(17,4627.3)
(18,4446.87)
(19,4962.48)
(20,4552.42)
(21,5810.84)
(22,9547.98)
(23,11169.88)
(24,11998.46)
(25,11097.95)
(26,10930.1)
(27,7943.6)
(28,5643.07)
(29,4121.2)
(30,4240.8)
(31,4430.43)
(32,4846.94)
(33,6018.6)
(34,9959.21)
(35,8996.96)
(36,8681.15)
(37,7861.65)
(38,7915.41)
(39,5804.26)
(40,3929.74)
(41,3407.74)
(42,3744.16)
(43,4161.93)
(44,5502.78)
(45,6316.84)
(46,8958.53)
(47,10012.42)
(48,9363.37)
(49,10446.72)
(50,8906.2)
(51,6869.93)
(52,4770.5)
(53,4129.99)
(54,3738.91)
(55,4596.89)
(56,5869.38)
(57,7449.84)
(58,9616.69)
(59,9258.27)
(60,9571.44)
(61,9600.83)
(62,8339.35)
(63,6484.13)
(64,5220.2)
(65,4210.11)
(66,4063.15)
(67,4275.8)
(68,4445.23)
(69,5578.41)
(70,8773.44)
(71,10532.42)
(72,9007.33)
(73,9301.69)
(74,9004.45)
(75,7096.11)
(76,5774.77)
(77,4902.1)
(78,4945.48)
(79,5055.26)
(80,4847.12)
(81,6124.51)
(82,10307.67)
(83,9976.39)
(84,9391.15)
(85,9436.44)
(86,8150.76)
(87,6306.86)
(88,4761.98)
(89,4241.92)
(90,3780.1)
(91,4232.86)
(92,4131.5)
(93,4787.9)
(94,6785.17)
(95,7426.14)
(96,8797.23)
(97,9316.45)
(98,8774.34)
(99,7628.62)
(100,5306.02)
(101,4094.3)
(102,3999.81)
(103,4102.96)
(104,4472.8)
(105,6613.78)
(106,10029.01)
(107,9971.28)
(108,9981.91)
(109,10629.14)
(110,10493.82)
(111,8184.82)
(112,5607.97)
(113,5267.21)
(114,5239.71)
(115,5823.14)
(116,5809.09)
(117,6833.76)
(118,8217.33)
(119,5754.77)
(120,3727.98)
###################
(1,3338.15)
(2,0.0)
(3,0.0)
(4,0.0)
(5,0.0)
(6,0.0)
(7,0.0)
(8,0.0)
(9,0.0)
(10,0.0)
(11,0.0)
(12,0.0)
(13,0.0)
(14,0.0)
(15,0.0)
(16,0.0)
(17,0.0)
(18,0.0)
(19,0.0)
(20,0.0)
(21,0.0)
(22,0.0)
(23,0.0)
(24,0.0)
(25,0.0)
(26,0.0)
(27,0.0)
(28,0.0)
(29,0.0)
(30,0.0)
(31,0.0)
(32,0.0)
(33,0.0)
(34,0.0)
(35,0.0)
(36,0.0)
(37,0.0)
(38,0.0)
(39,0.0)
(40,0.0)
(41,0.0)
(42,0.0)
(43,0.0)
(44,0.0)
(45,0.0)
(46,0.0)
(47,0.0)
(48,0.0)
(49,0.0)
(50,0.0)
(51,0.0)
(52,0.0)
(53,0.0)
(54,0.0)
(55,0.0)
(56,0.0)
(57,0.0)
(58,0.0)
(59,0.0)
(60,0.0)
(61,0.0)
(62,0.0)
(63,0.0)
(64,0.0)
(65,0.0)
(66,0.0)
(67,0.0)
(68,0.0)
(69,0.0)
(70,0.0)
(71,0.0)
(72,0.0)
(73,0.0)
(74,0.0)
(75,0.0)
(76,0.0)
(77,0.0)
(78,0.0)
(79,0.0)
(80,0.0)
(81,0.0)
(82,0.0)
(83,0.0)
(84,0.0)
(85,0.0)
(86,0.0)
(87,0.0)
(88,0.0)
(89,0.0)
(90,0.0)
(91,0.0)
(92,0.0)
(93,0.0)
(94,0.0)
(95,0.0)
(96,0.0)
(97,0.0)
(98,0.0)
(99,0.0)
(100,0.0)
(101,0.0)
(102,0.0)
(103,0.0)
(104,0.0)
(105,0.0)
(106,0.0)
(107,0.0)
(108,0.0)
(109,0.0)
(110,0.0)
(111,0.0)
(112,0.0)
(113,0.0)
(114,0.0)
(115,0.0)
(116,0.0)
(117,0.0)
(118,0.0)
(119,0.0)
(120,0.0)
###################
(1,13891.72)
(2,19617.2)
(3,19158.78)
(4,18550.34)
(5,16196.85)
(6,19617.2)
(7,19617.2)
(8,19617.2)
(9,19617.2)
(10,19617.2)
(11,19617.2)
(12,19617.2)
(13,19617.2)
(14,19617.2)
(15,19617.2)
(16,19617.2)
(17,18810.16)
(18,19185.44)
(19,19617.2)
(20,19617.2)
(21,19617.2)
(22,19617.2)
(23,19617.2)
(24,19617.2)
(25,19617.2)
(26,19617.2)
(27,19617.2)
(28,19617.2)
(29,18756.66)
(30,19617.2)
(31,19617.2)
(32,19617.2)
(33,19617.2)
(34,19617.2)
(35,19617.2)
(36,19617.2)
(37,19617.2)
(38,19617.2)
(39,19617.2)
(40,19617.2)
(41,18134.54)
(42,18471.73)
(43,19617.2)
(44,19617.2)
(45,19617.2)
(46,19617.2)
(47,19617.2)
(48,19617.2)
(49,19617.2)
(50,19617.2)
(51,19617.2)
(52,19617.2)
(53,17717.28)
(54,19617.2)
(55,19617.2)
(56,19617.2)
(57,19617.2)
(58,19617.2)
(59,19617.2)
(60,19617.2)
(61,19617.2)
(62,19617.2)
(63,19617.2)
(64,19617.2)
(65,19516.02)
(66,19617.2)
(67,19617.2)
(68,19617.2)
(69,19617.2)
(70,19617.2)
(71,19617.2)
(72,19617.2)
(73,19617.2)
(74,19617.2)
(75,19617.2)
(76,19617.2)
(77,19198.09)
(78,19617.2)
(79,19617.2)
(80,19617.2)
(81,19617.2)
(82,19617.2)
(83,19617.2)
(84,19617.2)
(85,19617.2)
(86,19617.2)
(87,19617.2)
(88,19617.2)
(89,18941.47)
(90,19617.2)
(91,19617.2)
(92,19617.2)
(93,19617.2)
(94,19617.2)
(95,19617.2)
(96,19617.2)
(97,19617.2)
(98,19617.2)
(99,19617.2)
(100,19617.2)
(101,19198.09)
(102,19617.2)
(103,19617.2)
(104,19617.2)
(105,19617.2)
(106,19617.2)
(107,19617.2)
(108,19617.2)
(109,19617.2)
(110,19617.2)
(111,19617.2)
(112,17455.67)
(113,18097.11)
(114,19617.2)
(115,19617.2)
(116,19617.2)
(117,19617.2)
(118,19617.2)
(119,19617.2)
(120,16827.68)
###################
