1.9734902216807958e8, 2.6001274300817475e8
2.124260702738526e8, 2.716265397218667e8
1.246228121793815e8, 1.8053510178897583e8
1.7807021598677978e8, 5.770906714443879e8
2.058616438419654e8, 2.901473369983093e8
9.727339604621363e7, 1.6511629374781924e8
8.520365161725163e8, 1.0860235420673256e9
1.501515032589045e8, 3.301719503369078e8
1.1078662913354513e8, 2.1787931190575886e8
4.3303911713089085e8, 5.707749305772535e8
4.3429211928845334e8, 7.548745477107142e8
3.3336299882814634e8, 4.4260158630536145e8
1.6607877224903464e8, 4.476156289391879e8
1.814298445516922e8, 2.438820774086669e8
1.3127901843831691e8, 2.021930467040911e8
1.8406916283281487e8, 6.026345006532412e8
1.0144551981885107e8, 1.8687263957705328e8
1.0499755799708349e8, 1.541674349858835e8
1.475510660137774e8, 2.4589114350457385e8
2.1798549731966084e8, 6.260355079576297e8
2.2383162534820047e8, 3.439568088872854e8
2.0882035188758823e8, 6.673125927232242e8
1.313469674619945e8, 1.8744566789661908e8
1.201305871568853e8, 2.0202500766376203e8
4.977823828291876e8, 6.207527084234731e8
4.149876067593235e8, 5.764439291643986e8
1.6289299871049348e8, 2.3552610383801404e8
1.8270840626397488e8, 2.554833071506809e8
4.560919602244156e8, 6.613879581575372e8
1.5794440027114856e8, 2.59530044047463e8
1.2570634841074005e8, 2.0784250782706046e8
1.1136384956481706e8, 5.794404946845622e8
4.646458569196046e8, 5.359840489974939e8
2.2328013344031549e8, 5.939560311114721e8
1.5354588259818003e8, 2.818927497423202e8
3.080041906451134e8, 4.5851239333438677e8
2.1271914416571784e8, 3.53758082205843e8
3.401316579345944e8, 4.956816902458233e8
1.564882287264822e8, 2.532243938472918e8
1.6654382690594414e8, 4.5057220173645884e8
1.865382260984215e8, 2.6438882786837286e8
2.055780692860937e8, 2.6426233871379027e8
2.4033185527010456e8, 4.458330340502679e8
1.0833103053579354e8, 1.656466585817965e8
3.6664505304318374e8, 4.431132179783347e8
3.551997833441192e8, 5.708065665571135e8
1.6258252990975055e8, 2.932542236651136e8
7.1622621209579e8, 8.494041553923237e8
1.2600712875830737e8, 3.23767683076951e8
1.1256448065776148e8, 2.0722593206851557e8
2.850562893772576e8, 3.900421613544879e8
1.220360045676359e8, 3.273441527235716e8
1.19501535320177e8, 2.4040217355824795e8
5.949438398880038e8, 6.483902350898464e8
2.5945071256186855e8, 3.747652671587081e8
2.5836928114792365e8, 3.187084890184452e8
8.981886999974399e8, 1.086734454524391e9
1.360145228510998e8, 2.018205119050674e8
5.469985118690568e8, 7.009242747920803e8
1.0873892309193647e8, 6.903012154172033e8
9.294129714544708e7, 2.954968580861397e8
2.156266856571394e8, 3.876943498789574e8
2.501133814366035e8, 4.5922864023607737e8
2.0114361489096946e8, 2.8451977103170186e8
6.871907524287277e8, 7.364995884740939e8
1.7451947630846235e8, 3.2481387082788074e8
1.1618950946659486e8, 2.4136969386355716e8
7.89964921916936e8, 1.2569617495009193e9
2.985781777862448e8, 5.122448947291741e8
5.1365593252299774e8, 6.482186522875168e8
8.643178157277493e8, 1.0042739635596303e9
8.466839746341185e7, 3.403236450344544e8
1.3859225602634335e8, 2.6213385698113063e8
2.0776357295616218e8, 4.004493430846977e8
3.369120458668787e8, 4.6035377635056937e8
7.086025717875692e8, 1.1535792146140223e9
1.3654435895457453e8, 1.9496626007194856e8
1.4627900375656766e8, 6.264827671472645e8
1.0729924382909174e8, 1.8586547774346307e8
1.8965589241658512e8, 4.6113318189240485e8
1.82049986796197e8, 2.3008254880559576e8
2.8134396675022656e8, 3.5736578459593433e8
2.127421118562503e8, 2.882701157008857e8
1.2638969338611807e8, 2.684661447195945e8
7.110831897916604e8, 8.553823948653022e8
2.118087266317558e8, 2.9536411689676267e8
1.491266969422872e8, 1.9677949315734652e8
3.3179599238972956e8, 3.951431797142523e8
1.7068148578801966e8, 2.6819830562575686e8
1.5070359917940864e8, 2.5663038128448057e8
2.511216037859188e8, 4.101541567084727e8
1.4282679586353835e8, 2.9455784187554127e8
2.2109899312001604e8, 6.973467172147233e8
1.2641180051410332e8, 2.094154323477261e8
2.1352644291680032e8, 5.408609537300047e8
1.6750135395377612e8, 2.7084221616451323e8
3.202804587400307e8, 4.0836872984724706e8
1.273012991389632e8, 2.3898488113954213e8
1.3759385258827084e8, 3.895353558312352e8
1.4885685716897032e8, 1.9879875128396785e8
2.6637213414826035e8, 3.5503980974603796e8
1.9446003311184096e8, 4.3247314761503613e8
2.6280709836411032e8, 3.885296797683226e8
1.773497316956175e8, 5.3614819980714387e8
2.1086390766877884e8, 3.139652269996224e8
2.7366067037388355e8, 6.634606888071634e8
2.0713832023736188e8, 4.09395226615356e8
1.73833974991807e8, 2.5443233941687408e8
6.484673555920156e8, 7.930941859903297e8
3.0695490824772716e8, 3.535748433787817e8
1.396553754193642e8, 2.3778196743380818e8
2.9263674833003515e8, 4.459638450612962e8
1.4430403655181155e8, 3.0613288506769073e8
1.2849524649896853e8, 2.0958355039977726e8
1.0811763886683898e8, 1.4752497782595927e8
1.9149367847960183e8, 2.5311128174817157e8
3.602190071438504e8, 4.665095258427317e8
1.991065782793836e8, 2.6496830059957483e8
1.5523489710369322e8, 2.665707732125218e8
1.5423257186558717e8, 2.6479879454497e8
1.9668388461189303e8, 6.510204111443148e8
2.3404458004800594e8, 3.0996417853199136e8
2.3810966419755483e8, 3.0849198322715e8
1.8875276362112385e8, 2.732283324325901e8
1.868227481359175e8, 3.3978717468988794e8
3.323461904087902e8, 3.9656167662278676e8
2.612989955295605e8, 9.644246399539932e8
2.043927662303016e8, 5.535241769238974e8
1.649618037116013e8, 3.452655405496198e8
2.4958994678879172e8, 3.538359311011727e8
1.1070147099784026e8, 1.7831626027743852e8
1.2351041864696194e8, 2.3236504325396875e8
1.2009457711182459e8, 2.4051815426410788e8
3.0134210685276103e8, 3.593316138891283e8
6.293716882961721e8, 7.854284475778279e8
1.1390194242400074e8, 2.381975599589085e8
2.282487694915563e8, 3.2644548239231104e8
2.530994869460423e8, 4.273640064518966e8
1.7969707635945863e8, 2.4554058625328025e8
2.662313749578771e8, 3.9659823355266213e8
2.329885106857043e8, 3.4148831988836634e8
3.757365563249689e8, 5.805309930877337e8
1.5850342502190414e8, 2.155374238581277e8
1.9527883806578866e8, 8.426190013800209e8
2.8020295567175853e8, 3.4811612102914786e8
2.711987414353961e8, 4.082035920761083e8
2.1240065976315734e8, 3.427603822042996e8
1.6122762247462445e8, 4.1557320331901795e8
1.420200852510034e8, 2.144000319851038e8
1.411692926529998e8, 3.0710071838296413e8
1.846501073024192e8, 4.636177620763425e8
1.6527736779827887e8, 2.2445549310316962e8
3.192888620857711e8, 4.246643754420826e8
1.3673716839038056e8, 2.782724209262401e8
2.782762895716234e8, 3.320318998582662e8
2.0619845838239235e8, 7.214780824344422e8
6.148479753849093e8, 6.729086688577597e8
2.1282809433551493e8, 3.690384904790787e8
2.622303022653294e8, 9.874583533224633e8
7.961270998457863e8, 8.98765222054025e8
1.4965573826817483e8, 2.128908856476915e8
5.58163357867974e8, 7.079735297629523e8
1.4180062538998508e8, 2.832251984575683e8
1.1129758222774039e8, 2.1011266243566254e8
6.105028630790633e8, 7.518598662689301e8
2.059620504733337e8, 4.451705609535321e8
1.2394968496988691e8, 1.7652397703575468e8
1.492416899017673e8, 2.182010291841704e8
1.5690037546369871e8, 2.2339922822873616e8
2.0138685450982893e8, 3.8591085356986535e8
1.559329960416926e8, 2.342108021129728e8
1.2209002755965611e8, 1.9737811914530033e8
3.3678666765783894e8, 6.748305372693009e8
1.7849520885875782e8, 2.226881746809732e8
3.9817476804231507e8, 4.5309411351616323e8
1.384068270171754e8, 2.1959158952554747e8
1.5561788263761568e8, 2.3669178868674436e8
4.572019083567451e8, 5.756229280717406e8
1.719131109224456e8, 3.02188756065156e8
2.701985685487301e8, 4.3264017187201715e8
1.6224193095506144e8, 3.624640951193492e8
2.827908657995182e8, 4.1048619062373954e8
4.131568563204856e8, 4.928879890195961e8
2.0274663598147073e8, 4.827772852610667e8
3.286392330947902e8, 3.8664765724823314e8
5.165443971288415e8, 5.89692185845839e8
1.6686514467991918e8, 4.26939836362218e8
1.512547543064996e8, 3.783298979648664e8
4.166189401771633e8, 4.8996647106032e8
7.434006836031289e8, 8.349753304698836e8
1.505122372118704e8, 2.4452580101303378e8
1.8530774672425428e8, 2.412732534369576e8
1.23773687879037e8, 2.204288859236238e8
1.3345371602061439e8, 2.5157250219098902e8
2.0430796939004043e8, 6.318027034845822e8
1.3805599855974734e8, 2.423850176881331e8
5.3154069767451954e8, 6.612756415679712e8
7.748948024653441e8, 8.99354151495629e8
1.2912114570183513e8, 2.1714923092200503e8
2.3108043187910712e8, 6.628422541626575e8
1.439828300012157e8, 1.9397542969280615e8
1.341973035740861e8, 2.692971002875949e8
3.7755822972353595e8, 4.574124520080004e8
6.194225686200238e8, 6.745714053357813e8
8.230700105061634e7, 1.892455796275296e8
2.8721977597930634e8, 3.982306309321222e8
1.93248383580089e8, 2.758980867043644e8
3.2173851314319146e8, 5.289954783545393e8
4.1655393198532164e8, 5.342592479089337e8
7.05496177961615e8, 9.098230885272514e8
1.809078961218002e8, 2.2242421393065837e8
1.262565402659321e8, 1.864372413729503e8
1.412304901090369e8, 2.4543212412291855e8
1.8044272849179697e8, 3.0348339811035883e8
2.002905181211219e8, 2.408396559232518e8
2.3579521944940534e8, 3.0236642519172835e8
9.086965791696647e8, 1.0016228911774044e9
1.6142840747195968e8, 2.1117086778108603e8
3.9412104493288636e8, 4.771590737206991e8
3.337288729674264e8, 4.148707923088026e8
1.9600448603145772e8, 2.8671997661294174e8
9.706246296108325e7, 2.2460072912570205e8
4.8164413613051265e8, 5.507014178231994e8
1.1693140157189025e8, 1.7036610753939387e8
2.5606371014156216e8, 2.980109980316237e8
9.732911505789433e7, 2.075693042709731e8
2.886524203533602e8, 6.508022110702319e8
3.2846171883273435e8, 4.0633313844825315e8
2.40533064050635e8, 4.3962371856509554e8
2.938228140407183e8, 5.761348626523464e8
1.6828183598751825e8, 2.3536963629412857e8
1.2151010481807144e8, 3.138859395691247e8
4.2722674350429875e8, 6.421974449643601e8
1.9214790635897237e8, 7.969665070292554e8
1.357621649159194e8, 2.37603644792851e8
1.6634993138165584e8, 3.0643518592534935e8
9.057987472021666e7, 1.9585016293124083e8
1.8691442563318866e8, 3.3034426144618505e8
1.8179055393836078e8, 2.499697579029539e8
5.437107766102945e8, 6.637023094776126e8
1.808078048200202e8, 2.7024194902607304e8
1.2570892251114574e8, 2.171926427736402e8
7.52222414527568e8, 8.411233833447955e8
3.40321489175353e8, 5.304352560135868e8
2.483265011064881e8, 3.080404797383841e8
1.77742639249279e8, 2.4102956704915556e8
2.667360812886426e8, 5.590009298159757e8
1.780666190954401e8, 2.560976721168895e8
8.711311639479957e8, 1.0687355796938361e9
2.9558735209809196e8, 4.668736859267307e8
6.992075751962956e8, 7.748772528892211e8
3.37626566500977e8, 8.230458503534547e8
7.415742584721411e8, 9.314702989932076e8
1.0660162770455764e8, 2.2299162262227494e8
1.7216568342182186e8, 4.091564709467686e8
2.0941568236318052e8, 2.849529829721859e8
2.2488718615769234e8, 4.118702566058737e8
2.6908815400176334e8, 3.417970805106226e8
6.028527014421034e8, 6.720901838711234e8
2.6595366127962452e8, 3.8022607788842213e8
1.0876621537307565e8, 3.328722706749197e8
7.142334598975335e8, 1.0985185916075964e9
2.830185277598193e8, 4.0889984197544414e8
2.020872921703266e8, 4.1803889899183166e8
1.0061963674230492e8, 1.7565889192007667e8
1.3640331494240057e8, 2.0266579276081854e8
3.070986448144571e8, 4.167690038130891e8
1.2037637335706185e8, 2.414935505730624e8
1.796527767236775e8, 3.020613351488939e8
1.7902935837783992e8, 5.77495124273233e8
3.736285731678012e8, 4.4301271381145895e8
1.2770235284601499e8, 1.953673556546748e8
1.5798545460011914e8, 2.6650971842584956e8
8.978378058930184e7, 1.5420090831952214e8
2.565392517040124e8, 4.155380170939316e8
1.4024027597937495e8, 2.156721928200575e8
1.258954264561477e8, 7.234875092961502e8
1.788757886479058e8, 2.7447669800214434e8
9.754476596294444e8, 1.064047761253002e9
4.2466427329834294e8, 4.836887251836369e8
1.7828550581988692e8, 2.9478351623176724e8
1.4629057835517198e8, 5.484010393498656e8
1.064022434108786e8, 2.0471941223291898e8
1.9628521915575615e8, 3.0885136549017894e8
2.8569648360500354e8, 3.902465536659273e8
8.903506166659254e8, 1.2101800486210902e9
2.0302242055722225e8, 2.790020177974603e8
7.587490196050178e8, 8.54483318766172e8
1.9273958429990894e8, 5.515418796337523e8
1.6600997254648826e8, 2.2281073186113986e8
1.8095267670401993e8, 2.7841753134909785e8
2.712414227196732e8, 3.5409812936916965e8
1.0045057366754957e8, 1.430843658992205e8
3.481316187325131e8, 4.546283785023449e8
5.898995970299942e8, 7.864372268632873e8
1.741405553982089e8, 3.6701649352357674e8
2.6477151416822323e8, 4.363448715767795e8
2.0930138770594546e8, 5.915138324372187e8
2.7404823841317576e8, 4.050930109704642e8
1.404894257715849e8, 2.0653281669359714e8
1.5697207448703924e8, 2.1166967045157772e8
1.2690255584299846e8, 1.8942537882570893e8
1.5820990038514528e8, 2.438555109226328e8
3.173374462046033e8, 3.696250447695698e8
3.920287579424024e8, 5.327248941841352e8
1.5318268506576845e8, 3.0577325998659354e8
1.5085754247708222e8, 2.3147068388918632e8
1.2116117383737428e8, 1.8054992120923853e8
2.4762334862222448e8, 3.6095185149252224e8
3.245823559237442e8, 6.071372858385613e8
1.6204199852989978e8, 3.1244659741503525e8
2.2072360821135253e8, 4.521581325714253e8
1.1261603967275436e9, 1.2168716198390982e9
2.0095798726393452e8, 3.127791794779505e8
1.5829447357063183e8, 3.687165227417309e8
1.0686792852760173e8, 2.1767595152170342e8
2.763036274026219e8, 5.726531855384742e8
1.6216410839862064e8, 2.4009320478890663e8
1.8883771428466153e8, 3.977597131918511e8
1.339132068492902e8, 1.8324425371575564e8
7.212605598471446e8, 9.310185092057891e8
1.0973578280975375e8, 1.8216869040436614e8
1.3744640838372502e8, 2.6486430185421488e8
1.5725789504761624e8, 2.0493293306167394e8
1.701498399271986e8, 5.2333741236685556e8
3.529231816737625e8, 4.370267474354903e8
1.9491080797081572e8, 6.217802679465164e8
1.9427313299083388e8, 2.571998348323151e8
5.712689480422354e8, 7.71696873267997e8
1.2078532196303202e8, 3.310517444662021e8
1.846251182165256e8, 2.8010957961089694e8
2.86170814983161e8, 6.042765956755127e8
2.0299509973594078e8, 5.988684461355054e8
4.498148713018606e8, 5.541731158263271e8
4.901876063122749e8, 5.67498979409521e8
1.4052236222742587e8, 2.0511048667516103e8
2.211954948123712e8, 3.612858788998612e8
1.9282037688847458e8, 2.6668021683974105e8
8.503875297436448e8, 1.0963029716813262e9
2.091261296562667e8, 2.810753714198531e8
5.086639083345259e8, 5.584774454925256e8
4.11921040265441e8, 5.0125953304799795e8
8.70719721307647e8, 9.485110047340915e8
2.731579205997687e8, 4.140797522990033e8
2.6091204086169684e8, 3.644053170611394e8
4.4373876632263285e8, 5.357433705756382e8
2.957826721509829e8, 3.797576442634148e8
1.4679046240487444e8, 2.6695634181691667e8
1.1827078262347043e8, 1.7647560718609577e8
1.2988276300617066e8, 2.009110045210677e8
6.661674701603792e8, 7.711169269318503e8
1.585670629239473e8, 2.4383012189916703e8
3.01166990642671e8, 3.880111665233802e8
1.2826209898362823e8, 3.054034783525222e8
2.1712450528964952e8, 4.878167131264451e8
1.0800761292784949e8, 1.738776502932857e8
2.213433086527558e8, 5.29427487347471e8
1.559480548064144e8, 2.4638886442968565e8
2.986866773087218e8, 3.776235330922881e8
2.3588641490420246e8, 4.566928763435283e8
1.2662049940364563e8, 2.0821176713926145e8
1.894017867985809e8, 4.813595708829578e8
2.7271896228399974e8, 3.410467914797752e8
1.620282350452831e8, 3.454357528652118e8
4.244805931244918e8, 4.9529281059888625e8
4.514421195789537e8, 5.651769821544106e8
1.8401533991096592e8, 5.751605790757234e8
1.2608998750058492e8, 2.365906007160293e8
1.3153174343099016e8, 2.2524233784425753e8
9.781363871496175e7, 2.209281338416575e8
1.5095769892724973e8, 5.2994483813893235e8
3.8705363235902935e8, 4.703955133400594e8
2.010465791623099e8, 3.258912817579196e8
4.3534434173982555e8, 5.227454629133427e8
1.2576956640561523e8, 3.4186822121997255e8
2.6239051837963405e8, 3.1917401800121087e8
1.2274012746038732e8, 2.3771301595746502e8
1.372606769912601e8, 3.2256421417839193e8
2.837577403854138e8, 3.665572711042732e8
3.287732958825969e8, 4.123000748593757e8
4.439509130099439e8, 5.043225842488829e8
2.842177536215619e8, 3.5045213287287843e8
3.030543355725993e8, 7.034501986040999e8
1.4711086588757738e8, 2.561041204184413e8
1.1792782862773865e8, 1.9205832865794575e8
1.448425120541491e8, 1.987990911732548e8
4.9638286561394954e8, 6.011300951668146e8
4.541661003408943e8, 5.619263159241576e8
1.637151689306955e8, 3.6035670126193917e8
9.769195886140704e7, 1.2869675698945804e8
6.931503511212586e8, 7.830616207042738e8
2.765254961268973e8, 3.693635969352201e8
3.330205285252217e8, 4.201573110674476e8
1.4616299606649357e8, 1.90663119171308e8
1.891121431384303e8, 4.0912628236182797e8
1.0198526027587296e8, 2.583899366139051e8
4.322338849879064e8, 5.363520627045335e8
4.0183257587461805e8, 5.490021562701831e8
2.060723514403e8, 3.3967829678621626e8
1.7150407802101788e8, 3.4061425837483567e8
1.7819457037666592e8, 2.6064112821081558e8
2.93097643766369e8, 3.4418055540722674e8
7.917640932777108e7, 2.556853923534722e8
2.0811614727190635e8, 2.9869208525515234e8
1.8099594640309164e8, 3.4465577138376e8
1.3518553087051445e8, 2.005654788751385e8
1.635147784554394e8, 3.308504847390807e8
2.9518637641924345e8, 5.820134918668568e8
4.423833622136632e8, 6.362804140904641e8
2.80136555321336e8, 4.6013319134463525e8
4.2417916130998415e8, 4.6465735277442515e8
3.5875674001538897e8, 8.248315146894463e8
5.196156848418303e8, 5.968960083598377e8
8.236231107497033e7, 2.1287349699466854e8
1.2068292370228784e8, 2.3112510513706288e8
3.287284071508668e8, 5.463526825251684e8
5.3566880664162916e8, 6.035662432061421e8
6.401041223041388e8, 7.881109511671408e8
2.4809583769584098e8, 7.375451253881847e8
2.9749407250264794e8, 7.350367633613682e8
4.9505115607097286e8, 7.726353052237232e8
2.7175660779060847e8, 3.567750067298977e8
1.525538418130585e8, 2.076215811197875e8
5.037504012905552e8, 5.866643209417975e8
1.5852269236487392e8, 2.6399505706166053e8
9.108103850795086e7, 1.6170203717936498e8
1.3498145151032102e8, 2.337725898409197e8
1.4271402331681198e8, 2.4271771170671183e8
2.2793872347264704e8, 5.228107427711349e8
2.2282269037502396e8, 3.0893974255629516e8
1.5403255310927504e8, 3.3799331379839e8
3.2717670099408877e8, 3.958967280306967e8
1.3455941970050958e8, 3.013956074916926e8
1.453689356137526e8, 5.053519510369352e8
2.8496905784612286e8, 6.068262967379394e8
1.5826832466135442e8, 6.533661622504135e8
1.276990385951009e8, 4.589987802524356e8
1.0526935859234257e8, 1.6554370950976622e8
4.651094657389964e8, 5.693592168535101e8
3.2758299108575726e8, 3.9678840992557e8
1.579714527048708e8, 2.64748818622955e8
1.5023139193261117e8, 2.0461786584295404e8
2.869618455531387e8, 3.7700934319172174e8
1.5267945732767227e8, 2.158530056692185e8
4.797792946677016e8, 5.434432360619425e8
2.2263004605770242e8, 2.86525105538819e8
1.4263897316718227e8, 4.893767812065813e8
5.368763873648945e8, 7.579476821491251e8
1.547270188746006e8, 2.6462576223456854e8
3.6454443304259866e8, 4.5811946417777425e8
4.377655400648771e8, 5.182996596405057e8
1.4519203280973783e8, 4.154950230820994e8
3.2131469340976524e8, 3.816559121584353e8
2.6168872902137583e8, 5.1407928704498345e8
1.4137691637164697e8, 2.2513807591277462e8
3.6395628094152784e8, 4.636526304281339e8
5.585525044828078e8, 6.783193682536963e8
4.0201046503949726e8, 5.531802926779368e8
3.8460968224785185e8, 5.025929299330393e8
1.0980737110447793e8, 3.7565065700635266e8
5.898036372428694e8, 7.794995736475853e8
1.8894823534257013e8, 3.08486335101025e8
7.482657439372228e8, 8.854519320078245e8
1.5953720709843785e8, 2.681085794839492e8
3.154095769819312e8, 4.043247359936451e8
1.1115963622175846e8, 3.569734542728816e8
4.1394430864942944e8, 5.150345727156212e8
3.674045820614046e8, 4.789055449830746e8
1.8786134273620784e8, 2.778783579852406e8
6.661974543466467e8, 8.923592784847692e8
3.3745319161030245e8, 4.6918814921404713e8
1.209947600619229e8, 2.1955161767028275e8
1.1619964098916067e8, 2.0388048219584566e8
2.6699036366244876e8, 3.5796357281821716e8
1.705984544152752e8, 3.434730962669667e8
2.336954715448617e8, 4.1743770957922274e8
2.5172367579556784e8, 3.1525445853212565e8
1.827390756827213e8, 2.4511550464192855e8
2.1986459183770472e8, 3.0278596572997725e8
1.2914954389898835e8, 1.948405496057407e8
2.0609349963796154e8, 2.6694529886370507e8
1.890820564454077e8, 3.506730402161047e8
2.436014996551905e8, 3.8302860002438104e8
8.34755917301916e7, 3.7302340931307894e8
3.3346603777988446e8, 5.084212758613196e8
5.94297090207347e8, 6.540662445632882e8
3.133879823877212e8, 4.8054517387134844e8
1.3966995178715953e8, 2.0120639467923242e8
1.4501374473823622e8, 3.715887897427741e8
1.716462609710328e8, 5.51845910220112e8
7.794891772265456e8, 8.927538003178153e8
2.4364005807541206e8, 8.048187315934309e8
6.428638147014321e8, 7.306456668499568e8
5.450273484919696e8, 7.590134258894317e8
1.5472591590612054e8, 3.515461682766834e8
1.9199459761943156e8, 4.510043707290099e8
1.0877410937956086e8, 2.18102035792782e8
1.9156897329834908e8, 3.2301110644990337e8
1.4187540491063437e8, 2.4712229566037652e8
3.0976056513055706e8, 3.850164655548307e8
1.0080054277147135e8, 3.655769703079314e8
3.887766460439804e8, 6.220715750262972e8
2.0044696757162482e8, 2.8593055644587463e8
1.4604472944187143e8, 4.433488198401131e8
3.560261902960662e8, 5.223040737066018e8
1.0645535624981079e8, 2.1625525624026108e8
1.5023785834921467e8, 2.39078635416645e8
1.6151492870073295e8, 3.2923500126076955e8
3.9566341099665064e8, 4.9064317941659796e8
1.343671384624062e8, 2.0065615909092075e8
1.618840446323357e8, 2.9254375799446285e8
1.5135152154754323e8, 2.0877736571508813e8
1.7774275196064878e8, 2.5997507761249056e8
1.7707021233763263e8, 3.265491489709846e8
3.4144872570021206e8, 6.727102356604209e8
1.2993296576516557e8, 2.1098832617033118e8
1.1190631781262887e8, 1.9970253728248072e8
1.7775330407674584e8, 2.455464539600667e8
3.034649617513838e8, 3.8110758543935734e8
1.4375315536579272e8, 2.0267500981462812e8
9.220550423248428e7, 4.3505012683429456e8
1.4260436295266008e8, 2.0371074648376358e8
1.477312255445797e8, 3.617350098548338e8
1.612166482409618e8, 4.0424305860307336e8
1.3830312538641e8, 2.6217201168990445e8
2.9036737311359584e8, 5.0523105294550693e8
5.3640995455855954e8, 7.215945232017913e8
1.4120130775057393e8, 1.8757893656600836e8
4.243821709556921e8, 5.209699417444455e8
1.7542196704794484e8, 2.1202350850968853e8
2.6469493076960286e8, 3.089172346252049e8
1.2948923489166242e8, 2.3040758274229747e8
2.3604305407761368e8, 3.4623265357290673e8
6.897604589026041e8, 7.709931794515926e8
2.712326235455883e8, 7.963906689640112e8
3.4460172198766816e8, 4.8799094940972185e8
2.2153821687604314e8, 4.7360278621322626e8
5.037999554543977e8, 5.490393352807426e8
1.0611210060346259e8, 3.414941588612302e8
1.252175041237315e8, 2.0061048514153823e8
1.1226852061153747e8, 2.4588839854994482e8
3.6794371904000485e8, 5.640009777845256e8
2.723603188496543e8, 3.392475911238771e8
1.409564612160467e8, 2.4545134733316875e8
2.6258583478576106e8, 4.677273608462109e8
1.5818484371829918e8, 2.2631617001001713e8
2.8298189713300806e8, 3.943075035176235e8
1.803903921224248e8, 2.7356060984903824e8
1.1733947245891292e8, 1.8099763939692822e8
1.5910723498359543e8, 3.0966890877492553e8
1.8736096284494802e8, 6.517317589326856e8
6.996192676599125e8, 8.627417808581685e8
2.3191459839125863e8, 3.5662381266110146e8
1.873065176347938e8, 2.576845573311769e8
3.2002428642556447e8, 4.469924443128662e8
3.5890617379428947e8, 6.206000123177387e8
2.3092028409943828e8, 2.8629476757710713e8
1.9304160791319367e8, 2.766803092517483e8
2.2532772467994186e8, 4.206427217014593e8
4.1190698339207894e8, 6.794011799216923e8
3.0020644131121635e8, 4.0654967306728464e8
1.3437375062399516e8, 2.096371875547159e8
2.091484291065601e8, 4.5654236174207085e8
3.2221266761605537e8, 4.9234966419351685e8
1.9224445918849283e8, 3.7060495933979285e8
1.8920175679318067e8, 2.832022623856289e8
2.3820198022179276e8, 2.724807831941357e8
4.517003246145216e8, 8.087504695825917e8
2.43010333474513e8, 3.7509573373907864e8
2.6191430996720403e8, 5.424481092154576e8
1.5143659016421026e8, 3.419033323296377e8
1.5164305480274877e8, 4.7654934311250514e8
1.3898976699574932e8, 2.1415811744870603e8
7.592099217820358e8, 8.281000009227006e8
1.7901303993126073e8, 2.7166015172967637e8
1.0615677855232088e8, 1.6627419508990008e8
2.7129551761873937e8, 4.109136888703439e8
1.64058938744488e8, 4.719690448007104e8
1.5268437742164442e8, 2.074431854825399e8
1.352787440040898e8, 2.5026090925856984e8
4.0893678617217016e8, 4.828997827257e8
3.1403825890448815e8, 5.065564349374208e8
2.3152068697594756e8, 3.084905885917446e8
1.2476131607528144e8, 1.7494016560075054e8
3.065140996331096e8, 5.0520938469932956e8
1.5508719879217178e8, 2.2334216640214586e8
1.6191970094316277e8, 2.2804928760088456e8
3.2842259840042174e8, 4.588718850170117e8
2.5291716026949692e8, 3.2244621801148796e8
3.157703838644521e8, 4.5799560059246105e8
8.877333364819372e7, 1.6332727873052117e8
6.136814740875874e8, 1.0183088731438484e9
8.442797904927073e8, 1.046836807390374e9
1.2149835678478327e8, 1.6567186575311807e8
1.4542894523650077e8, 2.5924029360838428e8
1.6932677761501586e8, 3.031504206157735e8
2.7808894254253554e8, 3.7219735003720087e8
1.407241677649196e8, 4.2274480245495296e8
1.6949365060117796e8, 2.2482861747713053e8
1.7715229117698166e8, 2.6369914288792488e8
2.74857496102255e8, 5.314645360766849e8
2.763425426707743e8, 3.297974755447055e8
6.265098919795357e8, 7.513477588735665e8
4.2814957905681145e8, 8.166924317766663e8
3.1363212319464904e8, 3.961963643673859e8
2.761342245561032e8, 4.169359453746207e8
9.251169226684119e7, 2.8136832409148246e8
1.7141683001065147e8, 2.9174467171129185e8
2.8991048318077964e8, 4.0788683649650747e8
1.9898055255650648e8, 2.720465328855724e8
1.1685809255210873e8, 5.085595184610848e8
1.7358281424588203e8, 2.5532763426148757e8
2.563028478791046e8, 3.588011512824563e8
2.9142520417614865e8, 6.211641925070758e8
1.2821909791064337e8, 2.0498589307761294e8
3.0115585896962327e8, 3.67623783561793e8
1.2591292418301432e8, 2.2100771094023573e8
3.051746172409161e8, 6.106009705793962e8
1.9090571055075747e8, 3.35363142799636e8
1.4968582483444232e8, 5.1452988236459e8
2.204288877386951e8, 2.8140046266824657e8
3.803964967685434e8, 4.182931282424627e8
2.820919811612016e8, 6.484143797904928e8
2.15920756595374e8, 2.873892212561287e8
2.998967245847834e8, 3.621302404397509e8
5.812696236001126e8, 6.774542110873253e8
2.3276160460082346e8, 3.984323297861554e8
5.601033865180701e8, 6.312789472259431e8
1.689406452157728e8, 2.4352397980505267e8
4.5455812136618143e8, 5.538508906567605e8
2.1008028371323264e8, 2.743487882125678e8
4.316791254752404e8, 6.699814299994748e8
1.9258794482734266e8, 3.9632156657099974e8
1.7933598821281034e8, 4.9130520341470605e8
3.033572402481683e8, 5.2291721624237734e8
2.8188617519297856e8, 4.1044492732550055e8
1.6297039791790134e8, 2.2618111791416124e8
1.4304505627026787e8, 2.6237523120634317e8
1.6659667548986518e8, 2.2708578524689886e8
2.2357875240801665e8, 4.122754819028025e8
6.582101431512145e8, 7.199495530354295e8
1.1356220350404646e8, 1.6643350672021922e8
1.749219570625157e8, 2.832626866024349e8
1.3148527547957441e8, 1.834892137582697e8
2.10471078734971e8, 5.0094770817974836e8
1.2038218833854052e8, 2.0630061948634067e8
2.4715836984895808e8, 4.4384891959398115e8
3.584055281544084e8, 4.5399691730309933e8
2.920386006382051e8, 4.4515145968890715e8
1.8112988343535268e8, 2.4806765333713043e8
4.258630813422641e8, 5.371100632965305e8
2.812597504287284e8, 3.644613664117894e8
2.623370719053647e8, 3.6508030878495604e8
1.2286518910646215e8, 5.157688514297572e8
1.3141395274149576e8, 1.782403924820741e8
1.2607117885926285e8, 2.7366586187752e8
1.49795982796934e8, 2.053155985559425e8
8.162970060774083e7, 1.5693220108862182e8
2.1527008588771912e8, 7.225524980812616e8
2.757386067662737e8, 4.605417806071652e8
2.4681945840868938e8, 5.414603307956365e8
1.274640511504451e8, 2.3808735786079273e8
2.8305511077003264e8, 3.8883875434698296e8
1.4189043611560515e8, 3.324704501052833e8
7.882901018497129e7, 2.2247499561546135e8
5.868629706983691e8, 7.365611282445291e8
8.886899177179214e8, 9.757195795037467e8
1.4656626728433675e8, 3.082117187437802e8
4.2116857318932605e8, 5.541458911188445e8
1.195952269296758e8, 1.8917206149739778e8
1.1954827745230289e8, 1.5373153443580928e8
1.2564800274119656e8, 2.1817551261953005e8
4.845671285188492e8, 1.0380961159102933e9
1.7665474573972166e8, 4.0150596272288847e8
1.6232881686588717e8, 2.4775280581841543e8
2.1698379849072325e8, 3.167617384703756e8
6.252548597104856e8, 6.808962245148035e8
3.169811934852553e8, 3.973526053764307e8
1.568419866422149e8, 2.865109649964266e8
1.1797154357337578e8, 2.880217898798846e8
4.641183934412054e8, 8.149769540027318e8
1.536979633638531e8, 2.3914656563778913e8
9.25140282091568e8, 1.131550781826801e9
3.0168176147952425e8, 4.3712984099226034e8
2.2343422773160067e8, 5.879957595831771e8
2.2497012707737488e8, 8.410896052592747e8
9.408874487104527e8, 1.087574825060043e9
1.5739369803324032e8, 3.518752126143763e8
2.885246135225592e8, 3.611603789792712e8
1.9048028849067336e8, 2.700005009187929e8
1.598370335495037e8, 2.145926547764656e8
1.1784615892604814e8, 3.3658027340976465e8
1.5104132010443375e8, 4.0071246511463934e8
1.545190453617931e8, 4.256099272506437e8
1.518118859251301e8, 2.957926800889463e8
2.3686917727694285e8, 3.4454428067283374e8
1.8542144138748038e8, 3.479909998783282e8
1.51347260283558e8, 2.2171000640052003e8
3.1173050108157e8, 3.5029770344106823e8
6.41962725758543e8, 7.047394906613563e8
1.860509292828057e8, 2.6623929667325258e8
3.464308909321529e8, 6.484900998365313e8
1.2519726134787846e8, 2.144526554303179e8
1.0419643855126232e8, 1.8649876567407e8
4.082093661558947e8, 4.909778863838468e8
2.767799280212879e8, 5.0956919659220177e8
2.4191927243904212e8, 3.27949499711998e8
1.2051808336701159e8, 2.8708898491286254e8
3.137525094079836e8, 6.179743745309068e8
1.4436817539321208e8, 2.2354025119582048e8
1.2735645429656427e8, 4.181437796437076e8
8.995475426488607e7, 1.6909503555498925e8
2.852615563460411e8, 6.154843972992293e8
9.073950687764132e7, 1.680380418158477e8
5.3380169093878454e8, 6.952256438397737e8
1.7939604175398475e8, 2.917887443164226e8
3.4011082244896907e8, 4.16431710337273e8
3.478020816669144e8, 4.87591430922257e8
1.285648469931199e8, 2.878933745395578e8
1.779570460584857e8, 2.713071332073853e8
1.8327973013086864e8, 4.353731074917993e8
1.30001981625569e8, 1.8126866981440786e8
4.644256491679496e8, 5.662790041772419e8
1.763989166181259e8, 2.4073036865203807e8
1.6720583013309765e8, 3.892095943100455e8
1.0770891048798995e8, 1.8392102344727013e8
2.857017941598259e8, 5.154590413405875e8
2.1250939014009276e8, 3.978515069249134e8
1.0800068667305516e8, 2.236686632758764e8
2.221624692164769e8, 3.2345094179828614e8
1.4200542643503973e8, 3.591895364407025e8
2.295278971088235e8, 2.9463500937112343e8
2.6422552171045142e8, 3.431719086142019e8
1.618906833176779e8, 3.318134947566074e8
6.375029263595319e8, 7.885047142205799e8
3.9753214948236793e8, 8.016485657064835e8
1.5871352528390256e8, 2.2349881830596697e8
1.8140769615176082e8, 3.062344024418085e8
3.221432113545107e8, 3.7951840829498905e8
1.4147526818814823e8, 3.250588917117435e8
1.4193441477734274e8, 2.690824262463474e8
2.0761774849625367e8, 3.689082241166389e8
8.317898732205446e7, 1.2868255232871464e8
2.5228190116009724e8, 4.8591818070135903e8
5.794562842180493e8, 7.896754125232695e8
2.7208930951276904e8, 5.708994266169364e8
2.019811175304168e8, 4.121337141330083e8
3.704667680066742e8, 4.372980050998143e8
1.771256266487523e8, 3.817317844902057e8
1.6174599482529792e8, 2.1067154402752915e8
3.84100749127729e8, 6.029474065926301e8
1.9247300037471622e8, 2.994056796430805e8
1.9184701535430962e8, 2.6570827046291623e8
2.575589218656706e8, 3.9044022053265357e8
2.0959696598767406e8, 3.5295292212062556e8
1.2993857724246891e8, 2.4507527078094625e8
2.0835048471970057e8, 3.192348982298886e8
1.2991016020436451e8, 1.9539083304059327e8
5.480925246495594e8, 7.071115465191487e8
7.030059760961312e7, 1.2784861633108972e8
1.5340384455625072e8, 3.49617942630998e8
1.1556282967694071e8, 2.1942644643819806e8
1.506086275125891e8, 2.442474636294576e8
2.359134995386321e8, 4.184508454936921e8
1.92311439629587e8, 3.865376561215144e8
2.0054535499156493e8, 5.042930215259951e8
2.2563371401402128e8, 4.3792517453307074e8
1.6584559075206324e8, 2.6328048471528623e8
1.743218374079684e8, 2.5966365554319492e8
1.6968446942322275e8, 3.703873300035372e8
4.928475310810379e8, 5.90203697449048e8
1.3056171149136841e8, 4.230115898562878e8
2.510478248594086e8, 3.2427456507408345e8
1.6897979943075302e8, 3.889132790555676e8
9.675025250372545e7, 1.4915113606559333e8
1.814550219975912e8, 2.6296824186512214e8
1.6703353633334044e8, 2.2513371435840356e8
4.3681901632482344e8, 6.00488097258901e8
4.585606490359008e8, 6.70588286257615e8
5.91133827467387e8, 7.465440573638477e8
1.6371114863489157e8, 2.4804419238369948e8
1.9222839112858844e8, 2.709976114029591e8
2.2032903219668022e8, 3.022757118421605e8
1.2649345064972001e8, 2.1584547332062235e8
1.3529322934589523e8, 2.5531993766909632e8
1.383776660976334e8, 2.184663315534244e8
1.9209496793930623e8, 2.946453500612702e8
2.0558189821285787e8, 3.1076097330264145e8
2.6623183758352268e8, 8.023487578485556e8
2.460118973436139e8, 3.0284932312284344e8
2.646623531317247e8, 3.5517099585072756e8
3.082756936202722e8, 4.050945721551592e8
3.049310594281103e8, 5.484553650170898e8
1.3655965748491904e8, 2.997958078760184e8
2.0459496159188053e8, 4.432392996611554e8
1.7356423611594146e8, 3.276378801696684e8
1.3124845268801084e8, 1.6917642033153975e8
3.033415531973214e8, 4.151261196573588e8
1.6371911291567445e8, 3.2515876454309046e8
3.591280139106936e8, 8.184125160186423e8
2.465634051271358e8, 3.7296258720183414e8
2.1112478428759176e8, 4.5108144227273476e8
6.647764708749863e8, 7.295110087994657e8
1.5188304275554273e8, 2.8040876411293066e8
1.3181453532499076e8, 2.903415133958582e8
2.2300203393959048e8, 2.752866538597203e8
1.0489670091796993e8, 2.159684021615986e8
7.334872056968174e8, 1.19952051525273e9
1.4091198378548974e8, 2.4518983665404078e8
4.3344996193175024e8, 5.117950871994157e8
1.7834673557867917e8, 3.392577839894185e8
2.64092134811634e8, 5.67908494810188e8
2.246185542233777e8, 3.240964833630353e8
2.076758348358966e8, 2.931515974312482e8
4.094954333108439e8, 6.793802863122511e8
2.0248871886589733e8, 2.5716071736934453e8
1.4202932845317528e8, 2.1563306574838907e8
1.8436735768388122e8, 6.063243303417253e8
5.0122394542305094e8, 5.664160468806355e8
1.5267470068406314e8, 2.2627417658455315e8
2.3806386291979814e8, 2.8739567207936406e8
1.176732550839665e8, 2.8781772611654097e8
2.7917898087380075e8, 5.2164995498343354e8
1.7712513449015713e8, 2.800619621010483e8
1.4345631795797262e8, 4.7063793886599326e8
1.3998915274548578e8, 2.4495701809802508e8
1.3230290823902722e8, 2.075459690605486e8
5.724611846668861e8, 7.47441734182949e8
1.5985609602783853e8, 2.742965115215351e8
2.14848279929677e8, 3.495777121958402e8
3.554465777021412e8, 4.7405855898926103e8
1.0264741485844168e8, 1.658912636015734e8
1.6622511622132754e8, 2.413223728690257e8
9.726218239305699e7, 1.6275240011679006e8
9.34744365853573e7, 3.1728254346833277e8
3.4593705215362716e8, 4.262625075384775e8
1.9818969313288423e8, 4.860973823548499e8
2.5649266201985487e8, 3.7956604018683594e8
2.1053706653361377e8, 2.878632286691263e8
2.925356575351414e8, 3.7838161536161184e8
1.9030023442782167e8, 2.7738769135924095e8
3.740832280906113e8, 6.516216495623685e8
1.8442648303696337e8, 2.4584816020238853e8
4.8188111367476726e8, 7.267331767561845e8
2.5907067155777586e8, 3.100134841305668e8
1.6191163118350434e8, 1.9341343719344985e8
2.4696359718019307e8, 3.493969444976882e8
2.698682014475432e8, 3.4601876578933156e8
2.5688314839992946e8, 6.663256875502013e8
1.340897229835303e8, 2.5465518308382493e8
2.9064169737202287e8, 7.037629792481366e8
2.649886160299209e8, 3.471460638596896e8
1.2227858238672325e8, 1.807421602627631e8
1.3388446411826344e8, 2.0523865351949567e8
1.7976497859310275e8, 3.0530929881387496e8
1.566572181090295e8, 2.4676817730679554e8
1.4845493470250982e8, 4.608807544614413e8
3.832171574327593e8, 4.709870524514867e8
2.2208665458883893e8, 4.129466173451647e8
3.5972567741121393e8, 5.0027677403635174e8
1.503878307109058e8, 4.4258256933148915e8
3.240943485176145e8, 4.3574913003230935e8
1.8571448272587806e8, 3.241622654720834e8
2.5590041979928896e8, 3.043331101440997e8
2.80808370530069e8, 3.5493764719367754e8
1.9084317185454977e8, 3.0772039283271873e8
2.93951724962001e8, 4.888779270924455e8
1.3914154587494898e8, 6.502731945722809e8
1.96147362462818e8, 3.221122501196143e8
3.2671824675816333e8, 3.7953322007789755e8
1.6044665941347545e8, 2.4573416829944876e8
1.268739432201503e8, 2.101142712268374e8
1.652567101208969e8, 2.922018329247227e8
1.4306552014806965e8, 1.9617482359009877e8
1.7768493028828138e8, 2.6205570872190008e8
1.8052487158237657e8, 4.4180647287351525e8
2.5616821631076938e8, 3.819938043444878e8
1.6883200951262116e8, 4.712201839444124e8
1.5494413376691994e8, 2.0906967969099417e8
2.3149665272635448e8, 4.348587516843206e8
3.7487039365110475e8, 4.7347163146632934e8
1.8186084026796785e8, 2.7986722035505956e8
1.5623842360079533e8, 3.552855131019539e8
3.356373936526579e8, 4.173725377049941e8
1.1762715490865107e8, 2.0285746512326407e8
1.6018241522329515e8, 5.0813406951485676e8
1.4835874777009153e8, 2.538388335627456e8
1.3277433823191549e8, 2.101945139168413e8
1.238079020553853e8, 1.826455921098588e8
2.028948948587678e8, 2.7447400533996606e8
2.115057642838684e8, 5.2847597608104587e8
1.5361020167738035e8, 2.7241284219800097e8
3.6731233483338475e8, 5.264935944914029e8
2.0599777372983384e8, 2.7553742662244564e8
2.856494142964034e8, 3.5836935072948587e8
1.5506621613826343e8, 2.3187550550255287e8
3.4556061463320994e8, 4.4200472673752433e8
9.873773114666824e7, 3.347058690355281e8
2.4337711766369867e8, 3.771700552789562e8
1.5409467900974834e8, 3.398236990821537e8
1.5331923156169742e8, 2.32847297354987e8
2.7201508451801145e8, 4.7251851100396264e8
2.391553438361396e8, 5.212571038241736e8
2.4837482470875034e8, 3.071088052898305e8
2.1077981020406312e8, 2.9367998740047824e8
4.0255783287437475e8, 4.747619666972166e8
3.9130036197812235e8, 4.3721907683892655e8
1.3543613779686213e8, 2.3330396035158098e8
9.197468965901831e7, 1.346262216574365e8
2.5830927222464237e8, 3.39194038699501e8
1.691011386823969e8, 3.568582202675495e8
6.364494485857637e8, 8.53106487922227e8
1.5869316594176403e8, 2.4616981680861175e8
1.8099805311959928e8, 2.2286037191273472e8
2.4885499755424997e8, 4.994639448964294e8
4.641332156984295e8, 7.532281914167515e8
1.9379887434236556e8, 3.008691609638414e8
1.873634401400852e8, 4.676862058780995e8
4.182327026126315e8, 5.0223346335905933e8
6.853015191702319e8, 7.357397983170598e8
1.6978216427396345e8, 2.2948617394154862e8
1.3025510585415818e8, 1.853829040623862e8
1.0853185711177474e8, 1.9117998656266296e8
1.0063146038457254e8, 1.827889126513376e8
3.9584499663795865e8, 5.93324516920702e8
7.247616966804353e8, 8.299183231285367e8
3.704616681815719e8, 4.3074025556437474e8
1.6518596934622607e8, 3.625415027206284e8
3.8987784134227556e8, 4.403843971838846e8
2.1523551352574298e8, 3.092212264038676e8
2.3245638988675877e8, 4.614710899101372e8
1.8738407686751345e8, 2.774217067673114e8
1.3411748587582062e8, 3.866029149389583e8
2.008652251921938e8, 4.80217229820977e8
1.3449868248949096e8, 4.918803887766754e8
4.381339553524463e8, 5.165118953430107e8
1.6605510865786764e8, 4.145410816454448e8
1.400464095816828e8, 2.000776476693292e8
1.4540152273969916e8, 2.447176287455264e8
1.1997179674280219e8, 2.254332467344652e8
1.340467417100734e8, 2.1259742243326268e8
3.7141793556578493e8, 5.1099298288909197e8
1.5995172677842593e8, 2.0967434060759586e8
3.073784710303473e8, 6.343483250777296e8
2.1241737111307222e8, 2.5799388213043606e8
1.4987012368119955e8, 2.2267577936852333e8
1.695363764000913e8, 2.4146608486210522e8
2.8566016749344105e8, 5.746617620439137e8
3.0242918205947965e8, 3.687040078932858e8
1.7107826512676746e8, 4.164565141752791e8
2.2507553746695444e8, 3.2039830873334366e8
2.79728526442452e8, 3.5720316712584955e8
1.9215823985807085e8, 2.708647643542536e8
3.401115859151669e8, 5.1992438161164385e8
1.875859132654233e8, 2.4985576804228875e8
1.8919258424792963e8, 3.457768014438624e8
2.4690946437578273e8, 3.265433277191429e8
1.1333789217270899e8, 1.912572892428817e8
1.761535017991281e8, 3.4082247207638776e8
2.920612134398016e8, 5.0142870332653236e8
4.7953032635608023e8, 6.068354620842732e8
4.7302833037670624e8, 8.166360031907504e8
2.127714152469723e8, 4.590403661701889e8
1.6442978859746745e8, 2.586242883761873e8
2.948003729580194e8, 3.7183167271644014e8
5.735651269055848e8, 6.982037731001966e8
1.1900569937915744e8, 2.9403199867522544e8
1.1321103707401179e8, 1.9408140314285046e8
1.6026154497865275e8, 2.4603321087102252e8
1.0667878421852519e8, 1.6403556846498948e8
1.0658616703917357e8, 1.9949302221320045e8
4.284735313704932e8, 5.457640858954616e8
2.4133542542550176e8, 3.415046877042473e8
1.2565273506158318e8, 5.256383760117507e8
1.5897545178809062e8, 4.137911427517382e8
2.8942477435658306e8, 3.480942297830909e8
3.8009300870278853e8, 5.830647998671098e8
1.0388037730054243e8, 1.7548766917567882e8
1.803772116400613e8, 3.0569286977249676e8
1.4694095275107267e8, 2.0210644204937902e8
4.7564477010152346e8, 6.978172772078042e8
1.6523561901084742e8, 4.3026921938565475e8
1.745492522128556e8, 2.836306176939954e8
1.796828113556616e8, 4.967124148379051e8
4.829817445721543e8, 6.908500628122262e8
1.769768434600765e8, 2.8672197956297874e8
2.595307225788714e8, 3.4423819999380106e8
2.7834988789585257e8, 5.744693961442531e8
4.0246922008440274e8, 5.335205029974633e8
4.4269051863250387e8, 5.740696993408842e8
7.48190311079782e7, 2.3918682337626013e8
4.335482969651852e8, 5.053035233339749e8
1.0355117062992613e8, 2.4581783465474057e8
1.2429514321141435e8, 2.2214138277557287e8
1.3575544067289367e8, 2.040960504855179e8
1.735743538234958e8, 2.9484275343317604e8
1.0443612924971074e8, 2.645054904011227e8
1.2599012258988608e8, 1.9652455591177842e8
4.5567443578316146e8, 5.540088584790665e8
1.8348084493095848e8, 3.0212682608249646e8
2.3662431910486412e8, 3.345810866993796e8
5.019033180523241e8, 5.606201291994241e8
9.225445068901928e7, 3.691340286903589e8
2.968141340873845e8, 4.7461145616820395e8
9.795106515741111e7, 1.7577863362466586e8
3.223930017182967e8, 4.633547806413399e8
2.119748963969581e8, 2.6303123140380993e8
2.999533096456741e8, 3.55824585587462e8
1.2742474767942706e8, 1.9717021676003695e8
1.7892752598884752e8, 4.974040723889129e8
1.81136126416961e8, 2.7500661311710805e8
1.0727065552487703e8, 1.874893461631259e8
2.738651431631533e8, 6.18434336559528e8
5.097867842808228e8, 6.495915878170555e8
1.823122008822228e8, 3.5580259800485575e8
5.414840139570925e8, 5.974780973578943e8
7.664537086536126e8, 8.102031797224592e8
1.8560556455589578e8, 2.9613552730221117e8
3.929033261302655e8, 4.455456857337958e8
2.747522482396285e8, 5.276840711620106e8
1.8909235466825366e8, 3.609072371323219e8
2.0648041642095748e8, 3.230247427262182e8
4.968375261623087e8, 5.927970997519209e8
6.284919775555773e8, 6.954655953464469e8
1.5327410679021007e8, 3.389079770731029e8
3.87254975638053e8, 8.336665686090388e8
1.3884820225889596e8, 1.8931097710840058e8
1.5208559125900015e8, 2.142433476677504e8
1.044793515581679e8, 1.5374218718761066e8
4.2666627042625177e8, 5.401214543225489e8
7.272942583342507e7, 2.709480145189728e8
1.3273164377278383e8, 1.810173724059319e8
1.9655202194441783e8, 2.7404183920763206e8
1.3535784861019665e8, 3.674689502764495e8
3.6883956672998476e8, 4.5539608443079376e8
1.1609125229216078e8, 4.1632466032824427e8
3.049458546380693e8, 3.7753584902754676e8
5.248000369588475e8, 6.488431513071082e8
6.755760773072413e8, 9.116946752869284e8
1.3833966404518944e8, 2.876066423142454e8
1.3420338499044558e8, 2.481375502534026e8
2.93973560596735e8, 4.059829924445423e8
1.0813600716679835e8, 2.0197071794635803e8
1.1919519112499358e8, 1.8073726943881765e8
9.313852496061711e7, 1.5851272543086597e8
3.5879855933273005e8, 6.3746985753138e8
1.2503988601126908e8, 1.9864965958597872e8
2.3790619944374394e8, 3.4092055651428974e8
1.9488473968262136e8, 2.971688240601249e8
2.5531453506339777e8, 5.219523527818999e8
1.3568562406967157e8, 7.069598800249116e8
9.938360328553163e7, 2.100947453654268e8
1.7877817870302537e8, 2.5834214409650427e8
1.5495688087755215e8, 2.2454742782151416e8
1.8925035584748176e8, 7.961657802560422e8
5.908588942132436e8, 6.656476293183889e8
2.690936521720121e8, 4.66304345859249e8
2.835077548493034e8, 3.583753098535919e8
1.225490386145638e8, 1.7115518820901683e8
1.7254759211234742e8, 2.6377120241951105e8
1.813893338262362e8, 2.752353225598406e8
3.326065427945075e8, 5.66448490007295e8
1.9715137806068727e8, 2.9070738568111545e8
1.508643753853401e8, 2.502479332067498e8
1.2381321575621353e8, 2.2540321424473524e8
1.5487148771444315e8, 2.8627674352258503e8
2.898770128821241e8, 4.0343934992068e8
3.1873961528620577e8, 4.545437908502536e8
1.564692773565199e8, 2.2077643421896717e8
1.7631500558598456e8, 6.033684566727268e8
1.4155695638350913e8, 3.4996594736965317e8
1.7055970222650027e8, 4.424960302916935e8
9.126643777595167e7, 1.4221604028102943e8
1.2733889078035672e8, 2.1756793322538543e8
4.8642896964200056e8, 6.083138742260222e8
1.7138235070119697e8, 2.939034355071344e8
2.475087425538617e8, 4.310458258769482e8
2.0162617575330758e8, 2.4767286071886483e8
3.447651484231776e8, 4.223523886004005e8
1.7010509119190383e8, 3.444028761560972e8
1.348242440217715e8, 4.3917293415734255e8
1.7124638601226813e8, 5.734131328839664e8
8.594241811902956e8, 9.242570723121544e8
1.9060592207564098e8, 2.5669053558921382e8
1.5818946767101097e8, 4.2173798319085145e8
1.8913151312531447e8, 2.670900307132697e8
1.688391301941307e8, 2.2141390618667617e8
6.072602833451568e8, 6.990694873914868e8
1.1802113061318363e8, 2.425869791163925e8
3.954316344655893e8, 4.475857716013454e8
2.4882416804077834e8, 2.932714463035545e8
3.4693500805247337e8, 4.377821057378049e8
1.0163107783299005e8, 1.4559871953787288e8
4.4305801302565825e8, 6.06907789439414e8
1.8081938227734998e8, 3.6500637586058223e8
1.6833688719026464e8, 2.0924085627586064e8
2.929430655341183e8, 7.827578516755425e8
4.112535926315227e8, 6.603844495852289e8
1.5322880408708462e8, 2.9017963093202317e8
1.3171332213328052e8, 1.7576524162317374e8
5.0524236919110847e8, 6.701261973529619e8
3.960546730889023e8, 5.38779175546056e8
4.768451851707243e8, 6.296810331349498e8
1.751021537454598e8, 2.55240313670507e8
3.505936477502491e8, 4.794564661295841e8
5.547992396373845e8, 6.521396335604573e8
1.8589393916805005e8, 2.7143434448522043e8
1.1437587314902867e8, 2.3187907241861093e8
2.2659522981419933e8, 3.94317420891671e8
1.8723858964039367e8, 2.85270468469837e8
5.518673658503561e8, 8.73729267354417e8
1.822537047111967e8, 2.4484517450834015e8
1.2618179640188846e8, 3.162896028966459e8
1.0803202520398727e8, 1.6668766059218106e8
1.4655972658318284e8, 2.4708218594848108e8
1.8309958659677514e8, 2.5257049670792934e8
1.7649042038108867e8, 3.45970944866681e8
1.5330250438541037e8, 3.0219248021381855e8
2.0820385673582104e8, 3.127203032739744e8
2.385845295085332e8, 3.4499005654702497e8
2.968478263723132e8, 3.4297442004829365e8
5.87866509509705e8, 6.354960031324214e8
2.0223032304802257e8, 2.468259149155631e8
1.6029153046840048e8, 2.725905227716609e8
1.813183152645088e8, 2.853739967702611e8
4.7744834315860766e8, 5.596503333388119e8
1.3627170312850016e8, 1.9612072049770224e8
1.9739643879964453e8, 4.732975621989873e8
6.827532367817779e8, 7.741088491224732e8
1.0326271620586374e8, 1.9398592953873134e8
2.266785793405897e8, 3.0775994492099875e8
2.6379493039874017e8, 6.29715241987341e8
1.631781934027695e8, 2.383163995097133e8
1.9988619070791656e8, 3.4490057572508866e8
7.018909861590037e8, 9.142968486544521e8
8.576862758225305e8, 9.755234396094254e8
1.4802908646144035e8, 2.1115050235595652e8
1.7969326359727553e8, 2.7055286141928077e8
1.2703862470843402e8, 2.623458219466755e8
1.6118103254520813e8, 2.4933759322742873e8
1.1260213628350647e8, 1.8919531888156453e8
1.5721664216363418e8, 2.2020870877009213e8
3.307829412657915e8, 3.8758620042078865e8
2.2599155436695436e8, 4.3008089038152164e8
1.2009437898061562e8, 1.9468750614331254e8
3.2135389418253666e8, 4.892195001926633e8
2.4147564154275575e8, 3.086941960465921e8
4.6956798052852696e8, 5.473352477704682e8
2.8164482246910924e8, 3.198854197075896e8
1.7273777147170278e8, 2.2603494285822245e8
2.1219214016818687e8, 3.098905204573829e8
2.1153065651178017e8, 2.9475481520874256e8
9.332064693164288e8, 1.099605193827152e9
2.07686753371142e8, 6.238071009745619e8
5.736880796643189e8, 6.372791239117053e8
2.0532037443692458e8, 2.7197661580709857e8
1.0754247274007997e8, 1.7626141722734436e8
4.61923247084429e8, 5.859653747268926e8
2.3171664761341393e8, 2.73437120752533e8
2.49313634193284e8, 3.3763660710882735e8
4.7635229985768294e8, 6.927057919555817e8
2.4486864567453083e8, 4.026984731760306e8
1.4076258416670364e8, 5.665600209491049e8
2.0505812796741393e8, 3.26527624247834e8
3.662997351750059e8, 4.311877368134548e8
2.0629010222967604e8, 2.405322019662525e8
2.363835423856234e8, 3.3300742411711013e8
4.2472635002409554e8, 5.2303229182690734e8
3.6692060058600974e8, 4.674410801374658e8
1.772620949830609e8, 3.663769951667592e8
2.0569905992768133e8, 4.025099108124514e8
2.1387155313004264e8, 7.288721496415578e8
3.3769202617177695e8, 5.365832067856598e8
3.956100702442047e8, 5.142493824523213e8
1.4716584480001837e8, 3.1696101040273654e8
2.1915957458006006e8, 2.86860263834456e8
9.991737471187028e7, 1.591191824246015e8
6.639713681039897e8, 9.710014986754045e8
1.2376390686209059e8, 2.155121938056756e8
1.4583377026782244e8, 2.209225098517358e8
1.423175748211193e8, 3.350272632268326e8
1.3208962956961821e8, 4.3193680445374674e8
2.4223575698645344e8, 3.767523840137767e8
3.692154092679902e8, 5.657327716583558e8
3.053526223311469e8, 5.404348694187129e8
1.5978376711300194e8, 2.2601017525969893e8
3.430080404775702e8, 4.822603020502524e8
4.3367347770341355e8, 6.259535902708654e8
3.075786564758905e8, 5.347259969668646e8
3.335779199469252e8, 4.1017784583982205e8
1.6265245115240175e8, 3.5176878936393785e8
2.4762308095618358e8, 3.480919112066681e8
4.0949052778336394e8, 4.631665988539455e8
1.3618648239087895e8, 4.022268285054407e8
1.726794144178959e8, 4.531064182885477e8
1.3831454371749556e8, 2.001987477783891e8
2.3661848128063068e8, 3.909513695777187e8
1.7324216845928523e8, 2.4231685587198058e8
9.605433792575738e8, 1.1257668225952878e9
4.30817380610082e8, 7.429483673330616e8
2.6164786265156853e8, 4.562761772176535e8
3.349321545256052e8, 4.225297835073221e8
2.5816581412418672e8, 3.3060671612836415e8
3.120835046914137e8, 7.863025901537429e8
1.8390340231247425e8, 2.7607578277714163e8
1.7942652584947404e8, 3.329979880478574e8
1.615308721454343e8, 4.295337642004514e8
1.5352128902957928e8, 2.9959655688454175e8
1.5331581929147154e8, 2.2550995130407134e8
3.0334723858038247e8, 5.372205757264261e8
2.2592270677060032e8, 3.5988223786018366e8
1.9336389116947266e8, 2.6469342719961855e8
9.727960911604708e7, 1.5721464831198642e8
1.6222752153052568e8, 2.6765891966701338e8
1.2894286133426526e8, 2.1883866702850685e8
1.6885138518123105e8, 2.607733736478401e8
4.885086093126758e8, 6.828031474634706e8
3.132453340259667e8, 4.7307150105052066e8
1.5385614899401888e8, 2.1312819510755634e8
2.7222911734613574e8, 3.511172972110082e8
1.3282327261402506e8, 1.8800974558335847e8
3.2732293828357506e8, 3.8069435505986035e8
4.165057291888406e8, 5.936445533635077e8
1.5516304334039396e8, 5.437439378537271e8
3.166092542028819e8, 3.728065924681531e8
3.0902448745904845e8, 4.3200815030112696e8
2.74776104608533e8, 3.5627259689553696e8
1.9746116452210733e8, 2.7108492351557934e8
1.3036842941363591e8, 2.3641600243691832e8
2.9099462585444796e8, 4.1143684191617334e8
1.8217810258760253e8, 2.6171699729247063e8
1.9561332969329134e8, 6.507651578398445e8
3.4766042436692643e8, 4.4348856878086823e8
5.60529219773785e8, 9.361795824414883e8
4.646507157610764e8, 5.2144002906640387e8
1.0694574505366137e9, 1.3131506055692952e9
1.476296015830934e8, 2.666356069083089e8
1.4979402023691413e8, 2.3710006931531146e8
2.2020642093685192e8, 3.2225888185968244e8
4.51059591411056e8, 6.264157770729277e8
2.283729028334705e8, 3.131161083983633e8
8.516996904727376e7, 1.8143505427735943e8
5.048028290259365e8, 7.280923827372423e8
4.685050876686231e8, 7.667983068475462e8
1.4502726829047877e8, 3.370543919342743e8
5.178378957664402e8, 8.374827547722963e8
1.2674620939717096e8, 2.2239168419176134e8
1.035655591142602e8, 1.758320131914825e8
1.4185164841214767e8, 3.0474671159019786e8
2.409924663629105e8, 2.932271134294344e8
1.2242895040806608e8, 1.895423815250387e8
4.0241064946372205e8, 4.9777492883338857e8
3.8019123254148406e8, 4.488845219552322e8
2.2312875110678557e8, 3.639220701208658e8
1.235136571579788e8, 1.8190910287408954e8
1.2083498236966224e8, 2.2426395089877403e8
2.1529839737345502e8, 2.8035799843376076e8
1.6974619591191804e8, 3.839866769783983e8
1.084445697894513e8, 1.6742960983057833e8
1.2398764314193098e8, 2.6038880590216735e8
1.801579050362972e8, 2.5546578540493423e8
1.847714867569133e8, 2.6453291992602724e8
6.176289659208803e8, 7.199981879563719e8
1.9847638572296807e8, 7.417523809170845e8
1.5540261593686882e8, 2.449940565877284e8
6.309115059767311e8, 8.842344115155951e8
1.4443294297707468e8, 2.063446568138141e8
1.7064955015843263e8, 2.4075611443915963e8
3.474040481325935e8, 4.1878637631953216e8
4.6968732755488914e8, 5.598330322972349e8
1.9893019570403767e8, 3.2514763336287105e8
3.2065594750063145e8, 3.638296563674126e8
3.461144291546467e8, 4.114061871544595e8
2.3018791695644146e8, 3.322192668896153e8
2.616092829979698e8, 3.354948978962131e8
1.7143529327011913e8, 3.8929155372970754e8
1.363963592051214e8, 1.8212549364775258e8
8.171591644137647e8, 1.102886285800077e9
2.2731292822768334e8, 2.981521972999972e8
1.5295514585542786e8, 2.825046474918231e8
7.85228979546012e7, 1.506428402987863e8
3.0384751216142184e8, 4.2917689389949614e8
2.1997879865321645e8, 2.9941018848460966e8
1.3397819165492426e8, 1.8341958782341966e8
1.260457188356903e8, 3.278126236600575e8
3.169646515170264e8, 3.63766831631954e8
9.864284829241829e7, 1.9335573024838367e8
1.2359081127442701e8, 2.0009777158923697e8
1.637929584966647e8, 2.4037242615290982e8
1.1062723712436894e8, 1.944572530752313e8
1.402433626339745e8, 2.273314454317744e8
1.1470639755415687e8, 2.985395166787588e8
4.219171431852831e8, 6.60100799183951e8
2.7195376747272754e8, 3.5697237654921454e8
2.232713514639622e8, 8.105256665097716e8
1.467396209301524e8, 2.59194260903578e8
2.6655388447379452e8, 3.126334569563464e8
9.6636148591246e7, 1.5429051887130243e8
2.1223165494965133e8, 7.634924521241117e8
5.719544195596787e8, 6.852858529447111e8
2.1265131355710348e8, 2.922323382136906e8
2.3822627242604005e8, 5.519462686696236e8
7.31121663460789e8, 8.123100605436345e8
1.343385486647229e8, 2.042967169950964e8
1.578972982179794e8, 2.327290564955822e8
5.3090801350964695e8, 6.516198967600318e8
1.3266744690530013e8, 2.3352228396614614e8
2.1157619199424112e8, 3.682416208741182e8
4.0888898370844394e8, 4.7502320734506935e8
1.1788938017798173e8, 3.0165858942023855e8
1.4665246069942588e8, 2.7528849291866493e8
4.156524691928235e8, 5.211755915966918e8
2.3330131396173838e8, 4.315553673519259e8
2.3424159256967747e8, 2.777957708910966e8
1.2933105951767206e8, 1.8896217634648883e8
1.1404460446983825e8, 2.738589710302702e8
1.5567717997849897e8, 3.525857506576227e8
1.399240132252415e8, 2.7425523219618046e8
1.4973752905553222e8, 2.9513647992631197e8
2.575111463671244e8, 3.657305346163771e8
2.053313928032767e8, 4.7379962270651484e8
1.3095917636096092e8, 5.483003908776958e8
3.3353626356798863e8, 4.185127735413615e8
2.582409170316384e8, 3.18185799079207e8
4.253928033484857e8, 7.398391996029528e8
7.62825875976468e8, 1.0175445000475094e9
1.6175019516650313e8, 4.5225257501495403e8
1.3209469491139874e8, 4.025570912090006e8
2.071747903944148e8, 3.0188512289087814e8
2.7592532897381496e8, 4.347809697502258e8
1.59438012627404e8, 2.4648860203003728e8
1.0455350296444835e8, 2.239618134406851e8
1.2124652070120765e8, 1.609182846866166e8
1.8955521164167064e8, 3.8021296704145116e8
1.8684259194004002e8, 2.6021834569816148e8
1.407865602624666e8, 3.2424058250616395e8
1.9470078521389943e8, 2.8511889622645646e8
2.5618668443658692e8, 4.003897125193062e8
2.6462684995822144e8, 6.204448106428844e8
2.1630322929220566e8, 2.7002638235836154e8
1.9124592700249085e8, 3.2409471854036385e8
4.6527262673471117e8, 7.050483359057311e8
1.6128686149351913e8, 2.121476273970699e8
1.1056029189932376e8, 1.687498688165018e8
7.858128261792252e8, 8.898736961665757e8
9.747865409718406e7, 1.710406249488436e8
5.009758483562382e8, 5.454905777383729e8
8.390029824676332e8, 9.324863952948977e8
1.436201308119455e8, 2.8063835684500617e8
1.448971600278373e8, 1.7353880015094754e8
2.624439915506737e8, 3.1945638827739346e8
8.732370956595376e8, 9.919188765867689e8
4.3156501041565895e8, 4.644148019828953e8
5.983863373178465e8, 6.751528893403995e8
2.542545811506252e8, 3.845819105974901e8
2.3818575292244726e8, 4.979704299323395e8
3.032367865383769e8, 4.1407840200848174e8
4.5827963533178717e8, 5.092807992780001e8
3.5262029552589655e8, 4.308815862442701e8
4.0512300156324404e8, 5.0803046835e8
1.3751522942444548e8, 2.1706683539316884e8
6.557910810298957e8, 7.104625950816594e8
2.69096172004841e8, 7.956232409692919e8
1.2199112363895607e8, 4.389302964054898e8
1.291539161573947e8, 2.7032985510970783e8
4.533562587806678e8, 5.270699737399627e8
1.2922941067115168e8, 4.1672464363398033e8
1.2106001143942006e8, 2.6729428309478348e8
1.7058530919344205e8, 2.78406187324848e8
1.087901690244147e8, 3.4605791744965696e8
1.4086381908648056e8, 2.5857491637398133e8
1.7374440435925132e8, 2.1692013905790985e8
1.6180479289441717e8, 2.6835808141637623e8
3.6602544386804026e8, 6.428325569804498e8
2.4194113825053993e8, 4.151030425009605e8
1.321008664670925e8, 2.7763430746224576e8
1.5118321753761297e8, 2.835412218754182e8
1.4552592076739815e8, 2.0542251301561424e8
1.2533066690782392e8, 1.847915551301785e8
1.1704781816526501e8, 2.1918219199329045e8
1.394941028826081e8, 5.2486677960490865e8
3.715457552861374e8, 9.016899749522526e8
1.868548920448575e8, 2.998825417864408e8
1.947946793546212e8, 3.751605512614385e8
1.3071739067828968e9, 1.4182339411851282e9
2.5213783995155245e8, 5.34866296911704e8
4.5142201184318817e8, 5.464070468619244e8
2.313844374970172e8, 3.418381702882544e8
4.457242723290717e8, 5.94551783703249e8
3.36793217538476e8, 4.669064158681943e8
2.7645110805542475e8, 5.229863722288957e8
1.098131086685299e9, 1.3376585607402687e9
3.091657361428885e8, 3.9680592217226136e8
1.4146116245584056e8, 2.9189253358037907e8
2.0714193609403756e8, 3.4469059103160226e8
5.979076565334243e8, 7.99924454834187e8
1.5711599357715654e8, 3.1184228814636e8
1.4422026806432065e8, 2.727004811165592e8
1.1001566112666996e8, 2.2396970360892165e8
1.7310367510460472e8, 3.459325138792733e8
1.2358568353255878e8, 2.49110530999307e8
4.020995046776465e8, 5.0715191448365796e8
1.3329002154047628e8, 1.8670585353269878e8
3.0979843143875587e8, 4.380793689587103e8
4.4365095193839395e8, 5.34454588024934e8
1.407901281971175e8, 1.9112360819279465e8
1.3676218036713687e8, 2.2419720662994722e8
1.6489124693811864e8, 2.6822876784437013e8
2.5539687468972507e8, 6.064209041856003e8
1.1370711340483516e8, 1.543687910431336e8
2.028108880144289e8, 2.7784254808991563e8
1.57865200198143e8, 2.3448117432023457e8
2.765208482333503e8, 3.526565361062041e8
4.769075948171135e8, 5.708678161740271e8
1.5630292804329827e8, 2.287106305181131e8
1.4314010617806157e8, 3.21295818105289e8
3.902770211555665e8, 4.546185004891661e8
2.8088799694381183e8, 3.4765877760878694e8
1.2546914870592012e8, 6.892872259868423e8
4.0826983896557856e8, 4.488665925425451e8
1.591297044986631e8, 2.4179946480098483e8
1.1608888316732918e8, 2.379548346373087e8
2.722091009051036e8, 3.6245683528228474e8
1.4347590800869063e8, 2.1721209184833506e8
1.2409458079705837e8, 5.273192952089143e8
1.8113100295788184e8, 3.2654629373743844e8
1.4963693002313492e8, 2.1678225020496383e8
1.837431473704689e8, 3.584254973400106e8
3.093450614677718e8, 4.2849250923158604e8
2.0210070339312664e8, 3.21087841356784e8
4.426130939651206e8, 5.0896384744545496e8
1.4873886806461224e8, 2.5038553785171175e8
2.731909622689982e8, 4.3201704089525944e8
1.3319133203445488e8, 2.3104700079949427e8
4.873101201733818e8, 7.247725783766431e8
1.4559494736136502e8, 2.3517462069952273e8
1.4474563480201286e8, 5.2512123031583774e8
1.613614578617655e8, 3.683473502512868e8
2.5541106331811112e8, 4.0743801536894464e8
1.0173988611396614e8, 2.1054493564982447e8
1.384441374356606e8, 2.9858695392417234e8
1.9849959434884775e8, 3.0974013917449695e8
5.527519309143269e8, 8.517369429559616e8
1.3868588569871986e8, 2.209015425924536e8
1.619367121201448e8, 2.2400166716686517e8
1.8818956237419498e8, 2.901276682234543e8
1.561548978751255e8, 2.3131277350951654e8
2.1063342617327094e8, 2.734242689153829e8
1.2812344031846845e8, 2.149864630434556e8
4.680081434760935e8, 5.545026545548564e8
3.594105262952441e8, 4.8184624754856336e8
1.2895924688585119e8, 2.2103057037942994e8
5.30460724441e8, 7.105909803638288e8
1.760106306343549e8, 3.312919470600465e8
3.577937058987017e8, 7.532869896565242e8
6.12544386375429e8, 7.208703784131175e8
1.2025740181599604e8, 1.8746330138554898e8
5.68412364641783e8, 6.867538181564915e8
3.426358679879492e8, 4.133775321246214e8
4.985001631705256e8, 5.39668211029455e8
2.4254667933914447e8, 4.0374781774715596e8
2.785221057576388e8, 5.540518386398665e8
3.946718880114432e8, 4.8582273099798894e8
5.818250919357924e8, 7.003170141836121e8
1.6434705407128865e8, 3.3497508164648247e8
8.939736247506484e7, 1.5194026253889793e8
4.811596700195065e8, 8.451451457283285e8
2.95447828497639e8, 4.1698656266777265e8
4.4633426601451457e8, 6.454536952966156e8
3.863622426266998e8, 6.506427402603877e8
1.2032196924832532e8, 2.133570853510753e8
7.376258359204283e7, 2.1641958416955498e8
1.4459068776903418e8, 2.5993050315268216e8
1.4755372049950698e8, 3.076335989216671e8
1.5232524924470028e8, 3.846861974104414e8
2.1069827934695855e8, 2.765454060761084e8
1.3217788853146088e8, 3.613057227395728e8
1.380370688196559e8, 4.5499253725493515e8
3.2479379725296795e8, 5.437178568095162e8
3.912194424690916e8, 4.7288087283445966e8
4.087552236903131e8, 4.620514217669962e8
1.7665828309322205e8, 3.373633294212034e8
4.9606668968330574e8, 5.761663167854134e8
1.012669135729319e8, 1.81644835681849e8
1.585919445533458e8, 3.666072346965182e8
2.029422924633528e8, 2.4848085606798235e8
3.793326396146895e8, 4.492290469491319e8
8.741965671354753e7, 1.5485630830224565e8
1.686064468021016e8, 2.812427597274248e8
1.371326919448992e8, 1.8217651263094747e8
2.5097140947698346e8, 2.900780387079397e8
1.5890096471652013e8, 3.935454189327717e8
2.2215247906393602e8, 2.897118100167338e8
3.6267507888395023e8, 5.882950762019627e8
1.8860808383257747e8, 3.8724513890910065e8
2.711827987694716e8, 3.7299685080015e8
2.307708464991473e8, 5.902122934929397e8
2.6431981068585092e8, 4.5389978985039765e8
1.4213300032862487e8, 2.4507352661685786e8
1.8475546388455933e8, 5.400595781738368e8
1.4596277841358292e8, 4.46085803212354e8
3.836066059941769e8, 5.128599642434726e8
2.0665451945759687e8, 2.740266119474311e8
1.4670617731330335e8, 2.364800049283583e8
1.6953313088268965e8, 2.8593321475358707e8
1.1832350917663042e8, 1.8800730164783907e8
2.4106044886829352e8, 3.351993532253746e8
1.5744518821177435e8, 2.0371921000822705e8
2.7077363427719146e8, 3.1158131799966145e8
5.450224426461622e8, 6.615261133182932e8
2.1418468184181738e8, 2.9991235047403765e8
1.1315860097548728e8, 1.6527457534693792e8
1.1420191080969983e8, 5.539133924231948e8
2.836268360482342e8, 3.4594389114720184e8
1.2894768447935362e8, 1.790034860503028e8
3.881828831192541e8, 5.311624439476114e8
2.1173992588981444e8, 2.9218873826794976e8
5.0759157184724665e8, 6.299724977723507e8
1.9316471151139593e8, 2.7841024982327837e8
1.9800754324658638e8, 3.581877193931307e8
1.813010873264061e8, 3.202259209907069e8
1.8022660056209826e8, 2.4307869497245613e8
4.18585296851189e8, 7.360683271857629e8
3.093748935980796e8, 4.5335302494394064e8
1.7421436012442082e8, 4.331973134198479e8
3.706985052344903e8, 4.263906917046881e8
4.552830256489236e8, 5.1616868213920677e8
1.0087730755631587e8, 2.906676816464677e8
1.712041870319997e8, 4.4244315389146787e8
1.2807894148611546e8, 2.040746573731889e8
4.1847104685274905e8, 5.035085758261256e8
9.506151068014409e7, 1.416886043955276e8
1.4729190125914547e8, 3.278487761470472e8
1.8060732576613918e8, 2.869612135780871e8
5.237800276217193e8, 7.420735974324443e8
3.1672017264947784e8, 4.2683866111128104e8
2.1275328830313972e8, 3.8901202709647596e8
1.9571672708105648e8, 4.7077265213609636e8
1.2402028401116994e8, 4.254731365465213e8
1.1678372151779929e8, 1.9445031511641523e8
2.4576851417172822e8, 3.1021135956763667e8
1.2859516177063972e8, 4.8953606243900025e8
1.7687944137234783e8, 2.70908844705185e8
2.5170069309994859e8, 3.331282920086612e8
2.3895253299279737e8, 5.143352159263408e8
1.1508557376708001e8, 3.075571554733423e8
1.6191912968389973e8, 2.6142752394956967e8
1.456783183952336e8, 3.684825724183143e8
1.594282381455708e8, 2.351476016892958e8
1.8516890399380836e8, 3.6673356639375126e8
2.338627778278921e8, 3.1857430587156785e8
4.1942060699243164e8, 6.0561306577174e8
1.1605129843312998e8, 2.35885494713361e8
1.5783724471881968e8, 5.862828315932717e8
3.177387389000095e8, 3.753811264530686e8
3.279386763136435e8, 8.701972413170795e8
1.705113086424919e8, 2.9332765922155076e8
1.427825879389983e8, 2.0767471199750122e8
1.4263680246541905e8, 2.4686351636161137e8
2.0377705138941297e8, 5.705544638588684e8
6.342981907027079e8, 7.150211646060336e8
2.1705940256332493e8, 3.325161595088322e8
1.4814910179630286e8, 2.3752061833205834e8
2.6321675123750323e8, 5.617621266244669e8
1.7660495493647453e8, 3.026721074053336e8
1.4605201470558724e8, 3.9748817455250555e8
2.5735315408690098e8, 3.163200041907477e8
1.507981122977622e8, 3.312347327552708e8
1.943083612842735e8, 3.17680685235928e8
3.384134450084598e8, 4.954279718259765e8
1.596050038663169e8, 2.8582123458309907e8
8.105640277246735e8, 1.0142792150152385e9
2.54422154436594e8, 5.723555422887582e8
1.918860495933077e8, 3.840375759108931e8
1.0678261915548458e9, 1.313029555461025e9
1.7378126771919507e8, 3.082303416169798e8
3.2488913075876313e8, 3.7463193281572473e8
2.744678615287268e8, 3.597463876590374e8
3.1167301904593533e8, 6.908929845225832e8
1.7776550375239167e8, 2.7137534633525795e8
1.2000709731081572e8, 1.7147083161535487e8
1.4510810732470295e8, 2.6419303055924502e8
3.786975119126157e8, 5.520694583284805e8
4.9175603037776434e8, 7.658369942895718e8
4.003573187399517e8, 4.7276773199160045e8
2.609985277340577e8, 5.98292675480777e8
6.576984379127613e8, 9.875395939280124e8
4.4281143383088535e8, 6.630508358232358e8
3.5754812917270476e8, 4.6129148818758816e8
2.7201373138661957e8, 3.727268398750897e8
8.717820134537992e8, 1.0175626502176698e9
1.8439537044381508e8, 3.1199230383104074e8
3.8156002651737136e8, 4.5142241908499116e8
1.812156277554867e8, 2.317293392235584e8
1.688804779203931e8, 6.580055179293191e8
2.194219249857703e8, 3.678801609979233e8
1.59007748321349e8, 9.793336197240025e8
1.954313757424711e8, 2.5305270824503395e8
1.8883833645942813e8, 2.629960245541282e8
5.3022688818571264e8, 6.906830270459843e8
7.896705854247661e7, 1.407413403122615e8
1.1218779857882206e8, 1.8551532961518183e8
1.1934581014179035e8, 1.7818070223529148e8
4.288518434674879e8, 5.894740686003758e8
3.7982352891174346e8, 6.881884684270455e8
1.9125017438590866e8, 2.6237041094596717e8
8.06683128293714e8, 8.936951116468459e8
2.2400019089541385e8, 2.9363191451775897e8
5.850816297788004e8, 9.534070040132269e8
2.2329863101784387e8, 2.831540804331247e8
3.173635697267688e8, 5.119274185674624e8
2.3332847153782794e8, 3.2876075818249446e8
7.615573916723202e8, 1.0117032085199393e9
1.4267538934662932e8, 3.531949407330196e8
3.232914269253597e8, 4.123308713282456e8
9.723579996007061e7, 2.0096689206166908e8
1.6530286360131595e8, 2.4459201097829336e8
1.9436032363660026e8, 6.93622989265679e8
2.0115815127990574e8, 2.989016350134169e8
2.7872720121348643e8, 3.5324812990584815e8
1.2273009881537658e8, 1.756689357957516e8
1.1892133280390997e8, 1.7890707169883958e8
3.6649326460799795e8, 6.537033030941538e8
1.002341833969429e8, 3.495667787529051e8
1.9870608953109032e8, 6.261149521805054e8
2.9786552234457815e8, 3.9021607175728285e8
1.4727599072171304e8, 2.0332789705991355e8
4.1159404999006236e8, 5.720611033481764e8
1.6448176743422323e8, 2.3544375185706133e8
4.1641757920771086e8, 5.518135925806528e8
1.4021914714266706e8, 2.9543596348677456e8
8.82521537162634e7, 1.7360016331666756e8
1.1964293482997838e8, 1.6332241868650767e8
1.8305137315732706e8, 3.441517243098646e8
1.9998395368631092e8, 2.6612174030697522e8
1.6314841827857167e8, 2.1921160457924142e8
1.9330380042752832e8, 4.5132403933580905e8
4.410331771023539e8, 7.466167332077432e8
1.4002482970472363e8, 2.1725633279642984e8
2.1798850911834073e8, 3.684116458492637e8
2.31241973763803e8, 3.4474430116950786e8
1.7246798898488256e8, 2.5606014539555395e8
1.1284241028252862e8, 2.2177389919719556e8
1.898860244221015e8, 2.616890537198051e8
1.0901770529495642e8, 2.0172423166416392e8
5.597135560739279e8, 8.363716922064663e8
1.851227564518635e8, 2.4667384529705077e8
4.991214178382959e8, 5.593076787011211e8
7.479111184995743e8, 8.201206070478283e8
2.0519375392899606e8, 2.875401769111484e8
1.4968364358454132e8, 7.082421816182775e8
1.3936237039810058e8, 2.2294844934071594e8
2.1232389087015882e8, 3.0691712030311227e8
1.3014238488507074e8, 3.0712463794796413e8
1.485845070581754e8, 2.5259510377264628e8
1.89346577312912e8, 4.8134864725143373e8
1.6682517679844138e8, 3.4527524651462126e8
1.0512711621329781e8, 2.7926710933266073e8
1.4135616446082947e8, 2.0715344968485397e8
1.8317811384627e8, 2.4445655921660817e8
1.6660940407663742e8, 2.559090953942568e8
1.9228696700965178e8, 2.890546523922847e8
3.269428601102553e8, 4.7700136089508873e8
1.414289405131053e8, 3.117725231382804e8
8.273825383395892e7, 1.3837042629132417e8
3.1725039105758154e8, 3.6218655557186025e8
9.94825687372283e7, 2.7371691323464906e8
1.5943619219507793e8, 3.2830738709744394e8
4.2687712513533676e8, 5.711001455313096e8
4.8248496111027795e8, 5.975020720132062e8
1.0790539421029691e8, 1.8521744358367798e8
4.8915398736009485e8, 5.699227111689352e8
1.801363924631363e8, 2.2473053519578347e8
2.0649509980701038e8, 3.4660721444141614e8
1.010375285648407e8, 2.092984543014406e8
1.8471075327512172e8, 4.705996009990946e8
2.2817225577497154e8, 3.6227803047429484e8
1.4952643562768674e8, 1.99010303324745e8
3.062211258363029e8, 4.016704169897332e8
2.5056055241744766e8, 3.276697957647714e8
1.6076901018589672e8, 2.3498101812656328e8
3.161166100046143e8, 3.644261144061702e8
4.608336874963103e8, 9.343188028382251e8
1.416784626036554e8, 1.9427117922824815e8
1.6258718037897706e8, 4.611124829443007e8
2.5146095074651384e8, 3.215239302726793e8
2.725430610519208e8, 3.217412555394078e8
2.5659616318554792e8, 4.071604774421772e8
1.699208774875431e8, 3.0787000082528865e8
3.622746583874213e8, 7.306473153348777e8
1.3919330865542084e8, 2.559187389084006e8
1.3877661565251738e8, 1.785958618654372e8
2.11015131725909e8, 3.31302110876135e8
1.355991160935949e8, 5.376887081444917e8
4.145815977183282e8, 5.086542524693262e8
1.0900956054212515e8, 1.8069518944761926e8
1.358454073789572e8, 2.2516209734949154e8
6.443957521356765e8, 7.358478594964252e8
2.0817262430140316e8, 2.554512217764878e8
3.552110275998534e8, 4.950241009724531e8
2.8632433284947217e8, 3.896278817402998e8
1.982761619217023e8, 2.698447924525848e8
1.3334574092470716e8, 5.2897659355557364e8
3.691111831070372e8, 4.539883993218548e8
8.873256423065087e7, 2.826018229127331e8
1.787364288296917e8, 2.6205837504466456e8
2.716577967119661e8, 6.703580566469889e8
1.0529125666621995e8, 2.718749148249157e8
2.0006438089374796e8, 5.895672101492928e8
3.964719209466618e8, 4.600429287227373e8
7.933223262638911e8, 9.882293866620075e8
2.2553601669021365e8, 4.322219583895907e8
3.5828319103458345e8, 4.615169051127679e8
4.945142027410449e8, 5.648214634367113e8
1.183698982038688e8, 1.7746546341806036e8
1.682059586920415e8, 2.6803270684373844e8
2.2421614359612495e8, 3.074355287620782e8
8.577252959613074e7, 1.9170024171502468e8
6.074871567580267e8, 6.577667053656089e8
3.3742013775459623e8, 4.482128563524793e8
2.1012939489538318e8, 3.341980362829007e8
1.6006278132299042e8, 5.306419956843697e8
1.6306553629461795e8, 2.3429742249209633e8
1.6870972567960945e8, 2.3558274465975967e8
7.96364708112889e8, 8.362865825730746e8
1.7729752231572285e8, 2.5284117633689982e8
9.911127828966327e7, 2.2008347263030422e8
1.5715568832399288e8, 3.6805982653164893e8
5.689507222723244e8, 6.181445286964402e8
3.6762287070367205e8, 5.0967512621290404e8
1.4968074657659915e8, 2.9304900019104433e8
1.572962981987043e8, 2.8531463624561685e8
4.7903367542901736e8, 5.3559362885004497e8
1.3915180801203182e8, 5.890370307025905e8
2.6856745039903617e8, 4.526737451505896e8
2.4566192407152072e8, 3.5987410274798614e8
1.8313052870700496e8, 3.160161200342907e8
1.4729082944932085e8, 2.1126012392532352e8
3.301173547882145e8, 3.9903467011120224e8
3.250879331943056e8, 5.193947558745153e8
4.1409177137933433e8, 5.503428318776475e8
3.9426375602464426e8, 4.744952407351543e8
1.3565393731090686e8, 3.048585953978314e8
1.2513005370161803e8, 2.10008239137205e8
6.103271655782759e8, 6.926448242002786e8
1.8472779553592977e8, 2.5732169220301276e8
1.7759339583491328e8, 2.3780267581456974e8
2.27797694184925e8, 2.7294847779506445e8
2.641661308675255e8, 3.760140991326172e8
1.988671226967688e8, 3.0526136774385136e8
1.5434667404707715e8, 2.0833174233118513e8
1.3190549845562908e8, 1.874033032081135e8
1.3450527137471095e8, 2.3650439184465644e8
4.3965310227543414e8, 5.004141350241191e8
1.828520297793233e8, 4.9494749435980386e8
1.762781209033081e8, 5.342742207314718e8
1.937205731655454e8, 4.6717756933630383e8
2.6398697897986096e8, 3.3672460725456303e8
2.4695728643003207e8, 6.09986077977752e8
1.441017082308521e8, 5.0076405101307034e8
1.4539076410258e8, 2.1215244393265778e8
1.6940431308338e8, 2.2318679509957075e8
4.199880521582974e8, 5.878707792654744e8
1.6676157086206862e8, 2.465843127761927e8
1.6780466199584255e8, 2.737836411419741e8
3.130505753521691e8, 6.390220703187073e8
3.840626808930492e8, 5.14354767048888e8
2.143160144005526e8, 3.3684785334703404e8
2.908254664035973e8, 4.24901107338191e8
1.5962149929842365e8, 2.1833123567775306e8
4.23626039134205e8, 5.477851685530326e8
2.1544081897258592e8, 3.1722635078631896e8
9.143224138887843e7, 1.3996211606455895e8
1.6634239935470608e8, 3.432643923692891e8
1.4786502265771526e8, 3.4206969715397984e8
1.8112072689723796e8, 3.230160470439688e8
1.653969637492252e8, 3.5537393511408824e8
6.457226560484389e8, 6.822679073887451e8
2.6234895968164665e8, 5.749961128571023e8
1.0528582203511861e8, 3.476599496381422e8
1.2831628744595121e8, 2.00692574120732e8
3.8262804489247954e8, 5.46785227261337e8
1.3197175750569664e8, 3.6834586190110606e8
2.514245244069283e8, 5.895649947267102e8
2.0619934305350643e8, 2.8015011058915496e8
4.6096511318252444e8, 6.126459152352518e8
1.152087809703784e8, 2.0590512353826815e8
4.5133586880340004e8, 7.933019663196855e8
1.4694982707527536e8, 1.9163860842641982e8
2.4068191975585264e8, 3.0547697286273617e8
6.349050468135369e8, 9.993640929033551e8
1.219505034790207e8, 1.7222057169659707e8
2.7891130184851533e8, 3.845598461978204e8
5.098777386881787e8, 6.164741668568282e8
2.120118785905013e8, 3.702118621026163e8
1.5138332018155068e8, 2.3607214692781866e8
6.411897500704309e8, 7.90319614379454e8
5.419499881919601e8, 6.199181492165757e8
2.787355048155132e8, 5.522135016449668e8
2.127417087324546e8, 2.9789808610006773e8
3.219133555626937e8, 5.3457403575229585e8
2.3989128846019992e8, 3.479391986665703e8
9.676888709076095e7, 1.8648036391332877e8
2.6293725754649752e8, 3.703295723828085e8
3.481456038371482e8, 4.051720307362544e8
1.0466438696927953e9, 1.3445524583886237e9
1.588538415797605e8, 2.1509422753639904e8
5.0751588614098394e8, 8.180773667705232e8
1.7980402583965617e8, 3.3841652562273854e8
3.234025824147398e8, 4.758537254660665e8
1.93361460845941e8, 2.3653891897736672e8
2.844935767655719e8, 3.664231682472987e8
2.1171081806320202e8, 3.23541079378309e8
1.3102422508003047e8, 1.757549439982165e8
1.8157841200426888e8, 2.411706361791454e8
3.0677476747717094e8, 7.446520091521549e8
1.916182640647013e8, 6.595874806404078e8
1.572467346613621e8, 4.347227507365136e8
6.919211590758877e8, 7.686323534960314e8
1.2986345573896918e8, 3.137923307258673e8
3.783738211007822e8, 7.616624475040363e8
1.4091937771326613e8, 1.8352676588149986e8
1.5380297534163374e8, 3.454309675080461e8
1.7160630331274667e8, 3.168690976357842e8
2.7724812102714604e8, 5.997051033941219e8
2.1809008621116903e8, 3.3626699561834556e8
5.54322732133826e8, 5.882442028334543e8
1.9971440528695127e8, 3.815260048924011e8
4.043844789006107e8, 5.019388241906071e8
3.7917556843877184e8, 4.2771103847727185e8
1.7797227715592772e8, 3.488623632608122e8
1.4551435292033446e8, 4.684089452785412e8
4.039103448326072e8, 4.5382470503232545e8
1.442106883627876e8, 3.8826496387171537e8
4.771294897245379e8, 5.607824575137197e8
2.1399537944131157e8, 2.9404764820885044e8
1.562567628493164e8, 3.2412091736177063e8
1.1894205483273773e8, 1.974139464929764e8
2.3878694835620067e8, 3.557341119226511e8
3.0428095764072824e8, 4.022815410275224e8
1.39630835333043e8, 2.1301200961688974e8
4.9045432332943773e8, 6.436014669700333e8
3.3639591526480335e8, 4.114068018313029e8
4.51771090468454e8, 6.336158894509872e8
1.320873577664663e8, 2.603964361782813e8
3.393471613384862e8, 4.845013896576302e8
1.0405771711988555e8, 3.333642342050681e8
8.84981056981697e7, 1.969239949931901e8
2.2964421134014308e8, 3.3328746544327766e8
1.3116933560906774e8, 6.179065188590641e8
1.6921549837096357e8, 2.5286807609746784e8
1.6640548299396092e8, 3.961566903971813e8
1.097221653158762e8, 1.8141599862747166e8
7.416733081915517e8, 8.301410810677575e8
2.6502229530819643e8, 3.123407297234873e8
6.658944022876991e8, 1.0387380645442728e9
5.498555040824764e8, 6.904670447074696e8
6.76665736661932e8, 7.764289851611079e8
4.248943243484584e8, 4.8490311742063814e8
1.3718095755848408e8, 2.1873282015236259e8
3.342318009013417e8, 4.0826533516609246e8
3.105529820226209e8, 4.734582238970729e8
1.775829538098689e8, 2.4658697132195714e8
1.9079209587743896e8, 2.755842740575657e8
3.7554128946951103e8, 4.6598080260011554e8
4.4475934296470207e8, 5.444339442198088e8
3.519094687528497e8, 4.6760245229883987e8
1.9416105167526788e8, 2.5951113545817354e8
2.152944587896311e8, 4.708769024378492e8
3.681038696636359e8, 4.5212064700852346e8
2.1797745787932172e8, 2.8247317640794563e8
4.154325813233755e8, 4.9512674847610235e8
2.5960400476990202e8, 4.2030259911038846e8
1.1793054428566147e8, 1.9302494892694923e8
1.1563866743710978e8, 1.8904486032968533e8
2.026485970064574e8, 3.907878938294929e8
1.559641847800534e8, 4.326424917491113e8
4.105774367431927e8, 6.895052065807636e8
1.2675292917732215e8, 3.6847986094070554e8
2.5257793388990328e8, 4.7166877638952225e8
1.497989386678507e8, 3.158659833245636e8
9.293237682033673e7, 2.463308163293941e8
2.5409983068274304e8, 4.137153313137867e8
1.685697641116351e8, 2.168685469805551e8
4.573508732721156e8, 6.711069034383303e8
1.7603873628437158e8, 2.5758481413574347e8
4.670353218449831e8, 7.029491382921662e8
6.26564859651041e8, 7.657830112472184e8
2.7834251642713886e8, 4.9053009185536194e8
2.306224678695369e8, 4.070300061221403e8
1.4983801357644707e8, 2.392194966482766e8
2.2311384843914735e8, 2.8977863653120446e8
5.299919567263181e8, 6.686893235464797e8
1.0325489276557879e8, 1.856960854153721e8
4.7039326070976585e8, 5.92680071450857e8
1.35548226626253e8, 1.8697848138449365e8
1.6603689384391496e8, 2.5242691247208565e8
1.1660865855236265e8, 2.015016166869719e8
1.3255301059350236e8, 1.912916996169998e8
1.7042120745609057e8, 2.2556330514639902e8
3.93053904206307e8, 4.5914317233226484e8
3.2752703844380975e8, 4.9314273539312315e8
1.5241041914577964e8, 2.3889808220587042e8
1.6925607818351483e8, 2.5017353544706798e8
1.6413854717605475e8, 4.05034071527381e8
2.278504683487851e8, 3.7090417130177534e8
1.2501814525972232e8, 1.710670716668495e8
1.5183710438556048e8, 2.1317287523173755e8
4.894454224084414e8, 5.589568002111846e8
5.839238086627759e8, 7.155781061140283e8
1.934610157934513e8, 2.6753226732858276e8
3.9847683672729534e8, 4.194080346294993e8
1.7336896472197318e8, 3.6177392477826506e8
1.2230504945907994e8, 2.7742952622546417e8
1.1638540855554038e8, 1.739875906840816e8
5.069406545414856e8, 5.948656464022402e8
2.161783570100006e8, 2.754203112815365e8
1.3849656809134138e8, 1.989736951019601e8
5.650274324647462e8, 7.90429029197317e8
2.861508265177895e8, 5.545870914035565e8
3.12493445920868e8, 4.4580199831460714e8
1.2929972495423353e8, 3.054012291143206e8
1.8569279727951428e8, 2.9777126501868993e8
2.5708243630196908e8, 3.3015675109189236e8
3.2638259680660677e8, 5.709570900214242e8
1.9608187949429905e8, 3.6297288350427276e8
1.3477806255390102e8, 2.066865233095407e8
1.9806725327734414e8, 2.868904968145621e8
1.7560749245420307e8, 3.801559477988918e8
1.1694529614575265e8, 2.1751174148597664e8
1.4632797475963038e8, 3.297882067172611e8
1.3294378321101134e8, 2.236918173600194e8
2.8521099851389956e8, 3.9052091697014576e8
3.5776415584609896e8, 4.288975896990579e8
1.416864838525179e8, 2.3346833176220012e8
1.9079694369512218e8, 5.411072033844742e8
1.6188413139733562e8, 2.4399266121883586e8
1.891483675019155e8, 3.542736372811928e8
1.4605542631163123e8, 3.296609240791845e8
1.370417109320127e8, 3.5978096536003727e8
2.6273397128859273e8, 3.540705830406132e8
1.0292935757730293e8, 1.6939348185483068e8
1.6611430395784056e8, 4.6644311952048e8
2.2384723364899743e8, 5.130807422038769e8
5.142197334656374e8, 8.023254641679027e8
4.3400103815523356e8, 8.22375411020689e8
2.0837508760819155e8, 3.104308882596199e8
5.380522606533993e8, 6.041925923595337e8
1.3845165716761348e8, 1.9540990452208537e8
1.3096944654318193e8, 2.0522120941132933e8
3.4270835036274755e8, 4.495968582655562e8
1.3289237640665244e8, 4.757518324531525e8
1.576437486166099e8, 2.5949414851283804e8
6.319483667861288e8, 1.240490636274189e9
2.066010485533827e8, 2.6252768657735386e8
1.633377727097569e8, 2.2896072688527152e8
1.6767864597958586e8, 4.353877144449912e8
1.8196821227132985e8, 3.023778086460925e8
3.7820109795363927e8, 4.3191078922989446e8
1.7304645398235595e8, 2.3650893736067885e8
1.643723699301182e8, 2.1258138572040915e8
3.536286712745939e8, 5.429937085241468e8
2.377450950885386e8, 2.868836825785631e8
9.2896807339604e7, 1.7194382934743357e8
1.7930233905544847e8, 3.033744877495192e8
1.784125360265074e8, 2.4032831378804994e8
1.1843262149259982e8, 1.7178941938228267e8
1.473242965767845e8, 5.770021003569803e8
1.67427760776193e8, 2.2987287618317866e8
1.9183231175069332e8, 4.853922700179695e8
1.4937646079169673e8, 2.139401844719308e8
1.5582496559896183e8, 2.116006450579001e8
1.7074167471477744e8, 2.4453004147237685e8
2.4684907871147382e8, 3.346636000629211e8
2.075724933119565e8, 3.9020448529639196e8
1.1231132814208083e8, 1.7863029827456373e8
3.089111619038221e8, 3.902000062118933e8
1.9747190687968454e8, 2.6320525106240526e8
4.10880350021368e8, 4.7901585317910784e8
1.289607963985576e8, 2.175473053204429e8
4.7242559959021074e8, 5.693284589419782e8
1.0777047003790458e8, 3.0321975043718266e8
4.7688154600152636e8, 5.541149846325979e8
1.319107317664807e8, 2.5650135414305833e8
2.6650584217188582e8, 4.2180130058135283e8
2.5547441353443894e8, 3.606653249987964e8
2.701671048152774e8, 3.486316075052662e8
4.3422031135479116e8, 5.1308791423837394e8
6.20828212095238e8, 7.189514291927613e8
1.20245063877834e8, 2.3964353744280943e8
5.0651047490177476e8, 6.161684646832514e8
1.7545750827087334e8, 5.55068127019585e8
1.7250039006083503e8, 2.3396293232735884e8
3.240613429444473e8, 3.9315082536669606e8
1.397652470849888e8, 1.7623959494580787e8
2.1852292939717087e8, 4.050008003921732e8
9.57415302498357e7, 2.133078112557021e8
1.2805931173205632e8, 3.8078633493181324e8
2.7862418671581495e8, 3.3485642632016003e8
4.8794035348591226e8, 5.563953187376399e8
