1.55281131081141e8, 2.355682658498892e8
2.191172431407472e8, 2.9872719668011343e8
1.3822005090274912e8, 2.4306316147509977e8
2.0955711928367984e8, 2.651076938492673e8
4.6683546129580766e8, 5.586317694169538e8
1.3928822492631543e8, 2.158899984673095e8
1.0676317285215537e8, 1.9903307914518693e8
2.6552794301232156e8, 3.2984027666442776e8
4.176290223696508e8, 4.642007151963493e8
1.4211011812534213e8, 1.975093296053721e8
3.2038019899634755e8, 3.954803936028399e8
1.6003272938717943e8, 2.1347251447721216e8
1.3660909322226167e8, 2.1304398893014783e8
2.656330674639248e8, 3.7948606494179994e8
1.7064332022326443e8, 3.0739432959084487e8
1.1227818926070695e8, 1.915232357754867e8
2.044309946266106e8, 3.201897998882879e8
1.1853630135246791e8, 1.9409903707768515e8
1.7402318957123864e8, 2.522405372233572e8
2.1986310029364464e8, 6.38725335669726e8
1.7304549026070163e8, 2.3764803754113796e8
1.316364473620245e8, 1.918426152650541e8
2.3447077870219898e8, 4.4967249607477677e8
1.3270431007140526e8, 2.520576172217412e8
2.5139007907905832e8, 2.9093195495826477e8
2.939979363295924e8, 3.4118298691554874e8
1.3596503265789297e8, 4.1113023429344034e8
1.9596859386402446e8, 2.564410078105402e8
1.9654798679233736e8, 2.894479592104527e8
1.420088272542106e8, 2.8728477652534056e8
2.8689867633518493e8, 3.5317174644496864e8
1.7811209015387985e8, 2.77142381966419e8
1.136211933345097e8, 1.8436872351419696e8
1.1514877762486568e8, 1.6995902658946893e8
2.6271613659207025e8, 6.854831083736925e8
1.1509298696960475e8, 1.6992743296131313e8
1.364033115650411e8, 1.8879707782414186e8
1.4640692206047302e8, 2.1218259847682568e8
1.023077448957753e8, 1.7959698416276276e8
9.179253178985696e7, 1.818895689326751e8
1.625120593098795e8, 2.5849063240386868e8
1.8578967063051048e8, 2.543297865406213e8
6.318938024024978e8, 6.982436910581855e8
3.0271193754459816e8, 6.727738657986093e8
8.793082833624344e7, 2.08557543881147e8
1.2602764680312389e8, 2.106531193648722e8
1.4913256351859367e8, 2.162807458147224e8
1.33737446487945e8, 2.2110966403074458e8
1.1594204521783319e8, 3.7674834766985154e8
2.280332498982022e8, 2.799071719307327e8
4.108569661082743e8, 5.001555030716074e8
1.7073744913532254e8, 2.463945668493142e8
1.6477316818770942e8, 2.0609016225776926e8
2.2445134303731948e8, 3.08451068150583e8
1.0546323978410187e8, 1.6451767626087922e8
1.5701260326580966e8, 2.321073160231897e8
1.1582876518110223e8, 1.5027364819429672e8
1.3121848538092825e8, 3.469473641914242e8
1.8012924487857231e8, 5.073403271114831e8
2.793227070730283e8, 3.2017642278346235e8
1.1214704725671199e8, 1.6949757750444633e8
1.0211654416566736e8, 1.831084441886731e8
1.1466699899657245e8, 1.530873108940987e8
1.4305148972352937e8, 2.6248757231583914e8
1.898206251171605e8, 2.9774390333567e8
1.2052379912876882e8, 1.9539108502859053e8
1.9608012563658008e8, 2.647491686855017e8
2.4473076112036088e8, 3.032636159952148e8
1.473831895988223e8, 2.6111954973855206e8
1.5537898502800557e8, 2.093076699358524e8
1.5755733310704702e8, 2.1378613645606682e8
2.8909228345112246e8, 3.7103479956549984e8
2.2121527169112813e8, 3.2561442561449003e8
1.3223343447407924e8, 1.9467987124470642e8
1.73980427206045e8, 2.5518181809591076e8
1.400442309564453e8, 1.7905614451802802e8
2.847522606265009e8, 3.9345756728063095e8
1.394103111164824e8, 1.9700759217402416e8
2.0922837604942513e8, 3.3087045162135637e8
1.1233524788529323e8, 1.580351834722409e8
7.41760475029124e8, 8.191647260608506e8
1.5162273699705672e8, 2.2276435112227353e8
1.8210400158999074e8, 3.9982034520376253e8
2.2160541305035222e8, 3.042549196372202e8
2.6724369397101614e8, 3.121007246560038e8
1.6354504624677083e8, 2.314487913012315e8
2.9448112914303917e8, 3.495083059507114e8
1.0538070764476669e8, 3.0702373437229633e8
2.0266571468503103e8, 5.860056455845983e8
1.7179185671500543e8, 2.4247686737392855e8
1.377302361508391e8, 2.1886292879996198e8
3.3220258822032154e8, 4.3120692966796684e8
1.2211130634295897e8, 2.0827012403964517e8
1.1215699741376299e8, 2.4355723506428608e8
1.8869198821933493e8, 2.3254299667076048e8
2.503558227302207e8, 4.1629179986612296e8
1.6766765242332652e8, 2.354020966749489e8
1.7753232558808637e8, 2.5404288829597297e8
1.9852328809496704e8, 2.7128204217218274e8
3.777847661544964e8, 4.66433979886014e8
1.3736462068052977e8, 2.5198256049918222e8
2.099760998430291e8, 3.1185405616965204e8
2.4003193078289825e8, 3.2566027745476204e8
1.9721603451747632e8, 3.037546988214741e8
1.8277819985188904e8, 2.713202988910262e8
1.4315826779461205e8, 2.2868629044112682e8
9.980620879551275e7, 1.4495447863181677e8
2.3020099989416277e8, 3.8832439233049774e8
9.004854919237877e7, 3.43902407515246e8
1.6159992264757276e8, 4.1921032885689586e8
1.8647461332628092e8, 2.9156128462792903e8
1.1075832577016702e8, 1.6208475528748167e8
1.1451959652441108e8, 2.129032692706229e8
2.3145463023524958e8, 3.052359047617806e8
1.7061562479416457e8, 2.549801414869508e8
1.3760509745999473e8, 1.8608034701836902e8
1.2908075357618977e8, 2.042213576362606e8
1.2724904910762528e8, 1.801703024321462e8
1.1855707133030935e8, 1.6287789989658085e8
1.9363786216428903e8, 2.794489977006684e8
1.6119084250177348e8, 2.5656845253686506e8
1.953464257617871e8, 6.168950461536056e8
3.306534094666439e8, 4.564408944696138e8
1.0335198856878787e8, 1.6641045911375853e8
1.9226610870734295e8, 2.94929181502545e8
2.98311420956247e8, 3.927084365679295e8
2.242929193466598e8, 3.4433573008132106e8
2.452467561542148e8, 3.356669644210222e8
1.7143525989967027e8, 2.2935628862391886e8
3.3399123320122385e8, 3.8736389688866174e8
1.3261301336660925e8, 1.68389885887466e8
3.2182915682058346e8, 4.550065546411392e8
1.9890100494191903e8, 2.6772075165612483e8
2.3955605759419423e8, 3.1126136217559886e8
1.5968926503588918e8, 2.235627935456788e8
1.2735430193259652e8, 2.043664293130521e8
1.980367576719099e8, 4.1098570277438754e8
2.6190750773630255e8, 5.623887810182734e8
1.5459670761890814e8, 2.0231371711800843e8
1.6220995578821084e8, 1.9190212139384994e8
2.3925891024548882e8, 3.5147492443263054e8
3.0973867290115005e8, 4.148449396017586e8
2.2495396122415203e8, 3.707944209000845e8
2.715757827167957e8, 3.2292278091135085e8
9.696349450887427e7, 1.5367268235969472e8
1.9237535494187355e8, 2.5165996274972138e8
1.4846571058731323e8, 2.5130404255872628e8
1.4247724279465666e8, 2.1180591012327087e8
1.2174391754533201e8, 1.8866232694346252e8
1.9402195445230603e8, 2.6353887331787536e8
1.6631544282281315e8, 2.365497806775685e8
1.2162065830103056e8, 2.008038761057398e8
1.555834548406769e8, 2.151482126430586e8
1.6332001431850508e8, 2.368668808611019e8
1.4858006831799284e8, 2.3015823179106748e8
6.776050721876221e8, 7.61623515916125e8
2.142195766387305e8, 3.0703111289994085e8
1.1243095101764196e8, 1.539523586644938e8
1.2126694365475608e8, 1.9395778758361265e8
1.0887990221601814e8, 1.924927419528526e8
1.1147789656825595e8, 2.0527053991827926e8
1.5893004696950623e8, 1.989106638113468e8
1.4388265497880206e8, 2.296860195332416e8
2.064000025364306e8, 2.648928995052017e8
2.1182655827023986e8, 5.879951157644117e8
2.0468462869872728e8, 2.7447625199692386e8
1.8300949525690007e8, 2.5523755333744508e8
1.552340831584594e8, 2.1270032827473292e8
2.887944276795594e8, 3.8740412244058067e8
1.3065077020151725e8, 2.2975134633647376e8
1.2256486628854838e8, 1.8685827205369323e8
2.3528234898160985e8, 3.285747007430073e8
1.2240848225871933e8, 1.7635572860461286e8
1.909169483293454e8, 3.140751515943822e8
9.972038709307271e7, 1.4666931613141966e8
2.0796710066470575e8, 4.189791172119708e8
1.06948201912614e8, 2.1017840088922885e8
9.62545333460009e7, 1.6878976770769942e8
2.582648491783422e8, 3.81065712295589e8
1.1024067627966295e8, 3.462248690744269e8
2.0912281725915805e8, 2.738105101772161e8
1.1857027599636833e8, 1.885730994082831e8
2.1460008857419857e8, 2.7031389436760235e8
1.1270689908527413e8, 1.690711031262201e8
2.4919266579734212e8, 3.297925526134633e8
1.9631638566199726e8, 2.6594673556691957e8
1.9368880548516017e8, 2.4880970583031425e8
1.6864037838827562e8, 2.024696846556693e8
1.9354654438029918e8, 4.507124208752567e8
2.7760506964893216e8, 3.612098857614654e8
2.0954654403943115e8, 2.819939485290425e8
1.2125920852921888e8, 1.7103910757022026e8
2.999524487257618e8, 3.5361861903810173e8
2.7637864638111126e8, 3.88449729288089e8
4.6831285718171006e8, 6.124247324250901e8
1.421771787139961e8, 2.0844699518336576e8
1.2843754451074003e8, 2.2459471808982447e8
1.4207307946554938e8, 3.8188877167112523e8
1.5084321199718487e8, 2.6698281240992743e8
1.6405110911636588e8, 3.477308297872632e8
2.2390911027529535e8, 3.300003998170092e8
1.617675888084098e8, 2.6439133196846098e8
2.3092973816278067e8, 3.178525489914563e8
1.0057519010556822e8, 1.7740831491853854e8
1.687139804330658e8, 4.2333845545884216e8
9.628768210851164e7, 1.6106869673363417e8
3.949040931670296e8, 4.675186450706319e8
1.6982249345019004e8, 2.3629196827565566e8
1.5501389796924976e8, 2.3093991430443603e8
1.6381746602391475e8, 2.170539395142448e8
1.9104659912900856e8, 2.3081768550092643e8
1.4482151364127043e8, 2.6240403412854582e8
3.6253761258545196e8, 4.536513100840393e8
1.1146634300861335e8, 2.268060198878474e8
1.472915031161189e8, 2.0235157723690927e8
1.6240300060256463e8, 2.878132485197679e8
1.5288409970808205e8, 2.4741409753712133e8
8.262869941539308e7, 1.345059308272942e8
1.2043066073921868e8, 1.9620711869683233e8
1.2072752738461338e8, 1.7485043657571748e8
1.2695526203919914e8, 1.7974922341733235e8
1.6692395239492676e8, 3.0099091001811737e8
1.7259671106252694e8, 2.549103207795516e8
1.84148523871274e8, 3.066929689574244e8
1.3311989883524533e8, 1.9456026012468603e8
2.852501426163591e8, 3.7071228368577594e8
1.8704905791808692e8, 2.3978560396340582e8
1.7195979392429438e8, 2.8463261758848715e8
1.7408954893542114e8, 2.735217472998022e8
2.0898116917463166e8, 2.758750212947313e8
2.4949429512598813e8, 3.6346132546260434e8
3.010382957107111e8, 4.40668240242122e8
1.4210850254527742e8, 2.9890694045094407e8
3.195231302951241e8, 3.5323598092540056e8
1.503235815924211e8, 2.2606777848967704e8
2.6277117744536045e8, 3.471864878153116e8
1.2851595262914361e8, 2.3644298252642757e8
1.9165834697436094e8, 2.7599168848945177e8
9.622882620548835e7, 1.405930752197483e8
2.048297863897218e8, 2.6977987910325295e8
1.347560388979803e8, 2.071249828623974e8
1.907583307453842e8, 2.4351108535928947e8
2.015693593390044e8, 2.5615493212679285e8
1.3506776065849942e8, 2.0693350893257776e8
1.6976934919209933e8, 2.4535030301766565e8
2.4298517741179612e8, 2.6811916912989643e8
1.205196127206552e8, 1.9354478587698475e8
2.354341225272884e8, 3.416630509484962e8
1.7127888704989776e8, 2.425470892999019e8
3.050345588596675e8, 3.976752511833979e8
1.523119978966441e8, 1.9264495322086033e8
1.8923863534873736e8, 2.703438682369911e8
1.1114111065390815e8, 2.007466441788155e8
1.647391840128329e8, 2.543720955612533e8
1.877148370198899e8, 2.6854087923305756e8
1.1497492051255324e8, 1.6733224344626796e8
2.5922731874057144e8, 3.657898009744632e8
2.2164706859089625e8, 3.113388644457977e8
1.5174126616869935e8, 2.17034412830943e8
1.7662187246036208e8, 2.4168217097875097e8
2.984048136716712e8, 3.603562799355365e8
1.4214859529155427e8, 1.9243715984280694e8
3.231194030750839e8, 3.9065101000245476e8
1.4260205329345298e8, 2.156378512442779e8
2.0133480530201328e8, 3.501101210413112e8
1.2087570577990083e8, 1.597658094565565e8
1.3968452262372187e8, 2.2401903980201292e8
1.2196479478742746e8, 2.4527147126152265e8
1.032905856081013e8, 1.5103923653530237e8
1.4867018012372524e8, 2.0890721017775473e8
1.0014531477985623e8, 1.65546381257951e8
1.9022451618919328e8, 2.719272829756544e8
1.4394292544969162e8, 2.240321400550381e8
1.760935618336785e8, 2.357156498053934e8
1.1140782317477937e8, 1.5905496512549552e8
1.3770385814531296e8, 2.2275244796957433e8
1.3281628124548586e8, 1.9634554223323113e8
1.49988180937894e8, 2.3580845653677154e8
1.382200526781089e8, 1.9547204545046872e8
2.0860848294321203e8, 2.665606230923719e8
1.75917368642068e8, 2.942148984682649e8
1.5142468698852614e8, 2.244674257437245e8
1.0477624850603671e8, 1.8380112660444608e8
1.4759379957789448e8, 1.9520742303207105e8
1.8953844913302344e8, 3.173739487361477e8
8.367268424672136e8, 1.0580495384817399e9
1.2550887028963381e8, 4.4989811173030394e8
2.2231551395276657e8, 3.0403850817071223e8
1.4485662807630283e8, 2.2956834358023736e8
2.465351020998184e8, 3.1580196587040406e8
3.125093226607778e8, 4.150837642744588e8
3.10374182093655e8, 4.681933817636993e8
1.2839565579063417e8, 2.545672559393155e8
2.220787786363003e8, 2.880130936184161e8
1.8381506673654696e8, 2.4575372392956612e8
1.1945996688662353e8, 2.0931239936948845e8
1.9170037115167657e8, 2.5080190395997626e8
1.3044873049953628e8, 1.8448876291760316e8
1.80277328532307e8, 3.887698831523908e8
1.4699651167895633e8, 1.8746377806753144e8
1.2548326804103911e8, 1.954185902005659e8
1.70771987989599e8, 3.228602986558491e8
1.6263393842853695e8, 3.39683226745824e8
1.6989006485134473e8, 2.555218945113778e8
2.267959114070802e8, 3.0908326972810906e8
1.4426057259345102e8, 2.193281174960511e8
1.958547811553915e8, 2.399322808184231e8
3.5980725348266894e8, 6.159519130856239e8
2.3738038221833774e8, 3.463298511972868e8
2.0673026188557786e8, 3.1359562645689297e8
1.4179317708426112e8, 2.0412334361039373e8
2.3037453271229824e8, 3.2093378437650913e8
1.8598013132756177e8, 3.8563839845575327e8
2.3309575700104344e8, 4.632381379832045e8
2.3412548652015284e8, 2.718942815674873e8
4.477820046476578e8, 6.481381113335791e8
1.3384405477118722e8, 1.8903976432004958e8
1.5858910453865904e8, 2.683983941481744e8
1.5060095156765035e8, 2.715539832851841e8
1.659695193910831e8, 2.4919136429656187e8
2.3173715558985126e8, 4.29666016471751e8
4.921766733854826e8, 6.205573735081079e8
2.5403704482090417e8, 3.398077468737283e8
1.2312413623672031e8, 1.7051950366706106e8
4.348266681678808e8, 4.984660582352028e8
3.5847922620740855e8, 4.043187458792411e8
1.56569811996014e8, 2.160304645512622e8
1.5941482250940046e8, 3.814838830111002e8
3.121264073189424e8, 4.351987535717219e8
1.2889915979194051e8, 2.0374472287564167e8
1.0463009354340564e8, 1.6169344125332165e8
1.8141539959389234e8, 4.9399023721911496e8
1.991035070385165e8, 2.6140267497355404e8
1.698954391163967e8, 2.340396006902571e8
1.2996720142047149e8, 2.069751313057423e8
2.817656513608629e8, 3.959941135651681e8
1.6400115762001148e8, 2.3675275027417144e8
1.8982398302848646e8, 3.0444953573703593e8
2.6191409083019304e8, 4.3965341352658445e8
2.6118224355445576e8, 4.0771118752141863e8
1.9762879625132182e8, 2.5768842085272422e8
8.384261801996219e7, 1.3182094351381375e8
3.786560770028437e8, 4.421161184589005e8
1.9724186886580512e8, 2.752005060085535e8
1.3326547923781441e8, 2.4373879485539255e8
1.7588267353033027e8, 2.3293080187063098e8
1.47190486331301e8, 2.0401957089643222e8
2.5169960892571875e8, 3.111488879054908e8
7.767311470020223e7, 1.3395052883411e8
3.360401065939244e8, 4.412491048295039e8
1.3090924681797506e8, 3.035755400076032e8
1.0869498843728183e8, 2.145161092723727e8
1.6007514213572598e8, 2.511158731884456e8
2.490759025994695e8, 3.032421928942319e8
4.0760127154798424e8, 4.9206538389240843e8
4.814053852572073e8, 5.445201635590775e8
2.876888674867159e8, 3.8465666840682757e8
1.5208061517726365e8, 3.172521299810086e8
3.2569112426296264e8, 4.5705789309320533e8
9.623154859491442e7, 2.0854793232073683e8
1.2570847334360613e8, 2.068260781923054e8
1.8609789122107363e8, 2.713023369112745e8
1.0255452769439134e8, 1.97945296318436e8
1.0478240322062631e8, 2.0342096997369072e8
1.2774335915664256e8, 1.9052662967327642e8
1.4746252483827952e8, 2.005496668833454e8
1.6787683149555847e8, 2.528956523157082e8
1.4804588716778246e8, 2.156089448806486e8
1.5181888788328484e8, 4.9576500343819356e8
3.156810427901484e8, 4.3599998636137444e8
1.384443777704748e8, 2.2102833825605893e8
1.375489782055138e8, 2.564397752193564e8
1.2942961608559895e8, 2.2591464735766205e8
1.1072339512141149e8, 2.029337453086867e8
1.9772398453182772e8, 3.400477546107371e8
1.481561845134259e8, 2.1497404090174556e8
6.632159267024615e8, 7.398227513629476e8
1.7787664064488268e8, 4.1362847740705836e8
1.2207954294098103e8, 1.8575543437769407e8
1.8468025364642477e8, 4.059736800715651e8
1.8051667220818242e8, 2.3669549900465286e8
1.360747026473173e8, 2.3052607782704005e8
1.6661375441111794e8, 2.256487067415291e8
1.3605231687983423e8, 1.981930941098353e8
2.4294919127734992e8, 3.043835955910542e8
1.0962294440160811e8, 1.901175727277532e8
1.9003486052238256e8, 2.864368527325175e8
1.3310620731336147e8, 2.481518887996845e8
3.11237721604562e8, 3.6576063131113684e8
2.9325416340705144e8, 4.0074551973572034e8
1.8497652336953554e8, 2.337977814823076e8
1.3648856697686777e8, 2.594776139665361e8
2.2075850086124203e8, 2.829085234135575e8
4.023238482090135e8, 4.9371236788034314e8
1.6978898938237736e8, 2.2770491634615892e8
1.5777628366068184e8, 2.2449630860219356e8
1.7500135070840043e8, 3.831343765128119e8
2.5418749431432807e8, 6.294983129318085e8
1.545435706047502e8, 2.1068673459433296e8
3.053138289812512e8, 6.366487947777455e8
2.4740424336189452e8, 4.1709236240389246e8
1.2836398605611403e8, 2.037965709952537e8
2.165875815794648e8, 2.743757607383937e8
1.9884861007834935e8, 2.835984464572189e8
2.9382113903298765e8, 6.257030051563139e8
1.8350513822986472e8, 2.3460724844153333e8
1.7117504949965918e8, 2.723940075917038e8
1.4442844246672517e8, 4.00959408849577e8
9.882888362168367e7, 1.736554003817813e8
2.3912215700372604e8, 3.100844352759027e8
1.0948783430684264e8, 2.2568545782897472e8
1.3072033957194944e8, 1.7955012252264813e8
1.309039858839382e8, 1.9238439815732664e8
2.12682469339443e8, 3.637052437176874e8
1.8611257998119807e8, 3.247985031939415e8
1.1788021394389766e8, 1.8447615766366345e8
4.4697688661948836e8, 5.0115514237310725e8
2.4028394901256126e8, 3.517767176040303e8
1.592806438741851e8, 2.3545873200574067e8
1.3378782663433167e8, 3.622113802703029e8
9.98928298476886e7, 1.736392940274952e8
1.4117822761359203e8, 2.0725884688598594e8
9.488206652127491e7, 1.6663505398474097e8
1.4982051476837352e8, 2.600666025363052e8
1.778196617107743e8, 2.63371003452582e8
1.227081738776362e8, 2.0207391844625133e8
2.788512373315368e8, 5.608717528589541e8
1.154568535032311e8, 1.5466568004513147e8
1.1656683538666767e8, 1.7421973194777244e8
1.9173275211834878e8, 2.805142150327726e8
1.4517543446834943e8, 2.8742698532370156e8
1.5041178206550014e8, 3.1308565098276395e8
1.3476107420300245e8, 2.4494079708220327e8
1.4391685731419334e8, 2.5927647059231102e8
2.176453155743063e8, 3.1208758609407216e8
3.296534657074681e8, 4.244216569962148e8
1.2047115970611456e8, 2.1629872253001806e8
8.991428750129272e7, 1.226180511662216e8
2.0995279407092643e8, 3.05168285645428e8
1.8357738109588987e8, 2.2920768929188234e8
1.0050282255934274e8, 1.5299632217561752e8
3.1033961066013104e8, 7.450334445805943e8
1.438028742868865e8, 2.348035426361767e8
3.245400794474679e8, 4.161897628946472e8
2.4754394762492335e8, 5.321998140380514e8
2.413699299275764e8, 3.7361101904424053e8
1.5412827999892917e8, 2.3515868568467286e8
2.366454434672499e8, 4.5357791927206963e8
1.4100152410365364e8, 1.7382275372171652e8
2.3448380262392282e8, 2.72680033981554e8
1.9226269387515724e8, 2.878990280722688e8
1.583226121765967e8, 2.7581935393276215e8
2.2078087879813817e8, 2.868579162037196e8
2.0766206882334256e8, 2.6581968453581995e8
5.375092592103357e8, 6.52828354813923e8
1.7612510714269492e8, 2.6260558079388976e8
2.3590818694973108e8, 3.0833549640439045e8
1.6960422667460164e8, 2.3288783594313255e8
2.8596284684161466e8, 3.470818950701306e8
7.66505087708499e8, 8.472537053232245e8
1.3515068355690205e8, 1.989937322917822e8
2.772880907940361e8, 3.4292500109228873e8
1.6215129101596323e8, 1.9888937032523635e8
1.1395526550782588e8, 1.7923609525498712e8
1.4475993575013322e8, 3.8079222871627116e8
1.7377520372709697e8, 2.1289453972431943e8
1.1358885317070968e8, 1.7758733855181545e8
1.806761103186083e8, 2.7318235901269466e8
1.439552041326161e8, 2.1944462227111048e8
2.42742777034077e8, 3.6971845288171065e8
1.8251322189382687e8, 2.7964110788822037e8
8.977005590037176e7, 1.4141879222908723e8
1.6342925804391634e8, 2.694967206652373e8
3.144639834671973e8, 5.069463619831515e8
1.1984146592594028e8, 2.28001105876096e8
1.4226247685790777e8, 2.9572160011172634e8
1.421044544664303e8, 2.3343625434067842e8
1.094358963121122e8, 2.082696326222453e8
1.5511134515869215e8, 2.444228766413713e8
2.0709443669053888e8, 3.252959971662557e8
3.261653461098411e8, 6.094781569279182e8
5.285515389878536e8, 7.10450102504342e8
3.420602351443528e8, 4.632200144363468e8
1.6941301566936138e8, 2.9761620841050756e8
1.3695286820835873e8, 2.749173493182677e8
2.0849119142133257e8, 2.8612256153118414e8
2.5021457437681562e8, 3.491972640873796e8
2.5118155864954755e8, 3.130275210802159e8
2.0731308648146135e8, 2.995930438097277e8
1.34926759076807e8, 2.2720651671174777e8
9.182303552163327e7, 1.7758688411754227e8
1.8433344994255888e8, 2.5767005556763908e8
2.9298512056277716e8, 4.385995690080755e8
1.450902133760877e8, 1.886544272280794e8
2.0442637032327807e8, 2.8794659852232885e8
3.7345918516924065e8, 4.560710568765248e8
1.5648604817799535e8, 2.232010491779382e8
1.1416829870745252e8, 3.4005190272938967e8
1.2258005651302259e8, 2.3150551552118698e8
1.5649375008188504e8, 2.4871335977771702e8
1.4483930368939307e8, 2.539824396356377e8
1.2017569203882396e8, 1.7892645199655417e8
1.6013202714214167e8, 2.569399952388158e8
2.48698208097834e8, 3.701201939222956e8
2.0555642101050237e8, 2.470399114802292e8
1.7016829786929655e8, 2.0927648598489368e8
1.5193856673049086e8, 1.910127066155066e8
1.650604402037177e8, 2.5830117719725144e8
1.839875846740629e8, 2.313314295624618e8
2.0282154369760248e8, 3.39600199411684e8
1.6248212632661417e8, 2.1457449764634094e8
1.8319721953256947e8, 2.3647332994425488e8
1.283907559530855e8, 1.9169998190141058e8
1.393702936423435e8, 2.6822015377463734e8
2.796986040693448e8, 3.538143774749244e8
2.2537326694452548e8, 3.7338609568896025e8
2.5578802352532905e8, 3.3338572716055197e8
1.6768411676158312e8, 2.3475988942921042e8
1.6477279525636882e8, 2.703471545010063e8
1.6427593622771353e8, 2.5481055347459948e8
1.5931493745548412e8, 2.3557392002882856e8
2.4620621957096773e8, 4.015854311673125e8
2.363931738302314e8, 4.778187199310312e8
2.2789429801363596e8, 3.177382444043195e8
8.990775077519175e7, 1.4715099516271132e8
1.382515852727503e8, 2.0073320066141042e8
2.030011449920211e8, 3.384738435325128e8
1.828513195775078e8, 2.6411435569551474e8
1.5321086738938385e8, 2.742152834875964e8
1.7854391802562952e8, 3.0248058159736544e8
6.324337035420936e8, 6.636561747894496e8
1.0204477261764018e8, 1.784595143963405e8
8.768886209334898e8, 9.269858841610088e8
3.546067770895826e8, 4.432826475327266e8
1.1893808623060992e8, 2.0117715388183036e8
1.338947600595618e8, 2.935052649905469e8
2.5180714512135026e8, 3.1500147066767156e8
2.1979911093542346e8, 2.611001607389401e8
3.505920504111474e8, 4.196856846624902e8
1.2478666944306563e8, 2.1165849570536578e8
1.5915643325962457e8, 2.244995704517661e8
1.1689148162127395e8, 3.3198579743564016e8
1.7622306018486685e8, 2.919838980422241e8
2.3176791630200273e8, 3.603888383214715e8
1.25350119771433e8, 1.975904778149942e8
1.6002953392802134e8, 2.1074116664393783e8
1.5489424304713258e8, 2.452644212306545e8
1.0843356224073564e8, 1.6756061295202622e8
4.136452613072352e8, 5.891387098495383e8
1.0520707377986507e8, 1.4594310459238762e8
2.2681834126049775e8, 2.981619451803093e8
1.366373428813475e8, 2.6553391671415836e8
9.108739824573505e7, 1.7634701622407073e8
1.0586155310087721e8, 1.543674787304921e8
1.1917221692891409e8, 1.7474223647327825e8
3.116315418283483e8, 4.457772825422712e8
1.1922024577812247e8, 2.1184460628576857e8
1.273049498265394e8, 1.885205081753549e8
1.4887849965228584e8, 2.275905557136759e8
1.2299106743352771e8, 2.3059076030579168e8
1.6115438153027153e8, 2.7245152880572313e8
3.1155983166001356e8, 3.816155048781828e8
1.5361082147835952e8, 2.9553266078529567e8
2.914335683685303e8, 3.49471151698551e8
9.151869625687212e7, 1.7537256711523604e8
1.4317357216491568e8, 2.3938741688347438e8
1.1823515514832827e8, 2.4265727873730755e8
1.6690740239477384e8, 3.1282264144204473e8
1.0921140718836012e8, 1.570874922105586e8
1.2966630133978012e8, 1.8330093749605805e8
3.466433768002792e8, 4.4141420123821145e8
1.606173720948861e8, 3.161646108921757e8
1.3205188945702375e8, 1.93684033420909e8
3.273917007167699e8, 5.278778884195458e8
1.7146516222937337e8, 2.347076779881957e8
1.1106877885063016e8, 1.679162393938174e8
1.650660430843301e8, 5.738888530069528e8
1.0379535671347168e8, 1.8266427508486098e8
7.340390183484529e8, 8.817531768070006e8
1.4550725319431767e8, 2.698052218715421e8
1.371444687309944e8, 2.139521806473037e8
1.3575385251208597e8, 3.2087936013330215e8
1.8416328793879506e8, 2.2556371516945207e8
1.3554147217923552e8, 2.1798785361851168e8
2.051742514441496e8, 4.0262183906029385e8
3.0280137048591644e8, 4.2292661315291643e8
3.387907577216316e8, 4.077646642985598e8
4.767349771671575e8, 5.573170435806829e8
1.2933950368640286e8, 1.911007577064079e8
1.46425752841723e8, 3.219188472187881e8
1.2669079714551814e8, 1.8521628800679645e8
1.6523219135155132e8, 2.3264667226693118e8
2.45846412858089e8, 3.2181949721572983e8
1.2263152236546269e8, 2.4534325790825093e8
4.643420370883095e8, 5.282183383404606e8
1.4919657482499287e8, 2.2963837137127298e8
1.0578763869148614e8, 1.5340799904604536e8
1.707624435413311e8, 2.6022386306543928e8
6.248534384269441e8, 6.756449088895564e8
9.612789431176165e7, 2.014728737622111e8
1.3873191749981585e8, 1.7879774713787466e8
1.5228626359790465e8, 2.7739762484707814e8
2.225647938001989e8, 3.2303777468385625e8
4.652559652636557e8, 5.792500677982208e8
4.378593786657492e8, 5.527656053557587e8
1.4340072222610328e8, 2.2383378949953142e8
1.835086849586053e8, 3.205830642519538e8
2.6591301647390777e8, 3.5869978788594353e8
1.8936466875717312e8, 2.481909837681838e8
1.5656447243780458e8, 3.135102841695639e8
1.2413137001582351e8, 1.982559529314182e8
4.9272372394281405e8, 5.46866777093052e8
3.7558339680313647e8, 4.189770603576729e8
1.5928406205922943e8, 2.1804961638482136e8
1.4050681545753768e8, 1.8885875776094484e8
1.6180246614601353e8, 2.2361616896808866e8
2.0461838274633095e8, 2.6082565931923753e8
1.8088250114820513e8, 2.5883398590097955e8
1.8637961140918905e8, 4.3517293311432475e8
1.4218621766121924e8, 2.0149713980061656e8
9.904952689821081e7, 2.726484359839344e8
1.6325277902228045e8, 2.2546860829787686e8
1.3058019774503528e8, 1.9669804715007687e8
1.1407203324256724e8, 1.71010393049732e8
1.2992669108520015e8, 2.0362765703710845e8
1.0101274012025185e8, 3.399798814465342e8
1.877520111027624e8, 2.7109673705335075e8
1.153654278800204e8, 2.193579700549195e8
1.4704332322292235e8, 2.069934293183946e8
1.799755758369403e8, 4.201789798246294e8
1.9133382440398222e8, 3.0172297549581605e8
2.3427700936369917e8, 5.090270904073085e8
4.898578358106114e8, 5.319138061432239e8
2.2557588814704886e8, 2.7026057457671493e8
1.8435529874721003e8, 2.4809741844515303e8
1.4676592323163873e8, 2.3193446281760567e8
1.53269845701641e8, 3.3504705223939025e8
2.205253700552701e8, 3.309995213137735e8
1.9021431376757443e8, 2.2377086494876876e8
2.9554544694801736e8, 3.6210872099060714e8
3.1665969721609616e8, 4.47492299900046e8
3.9463641579546785e8, 4.4183732815649724e8
1.7023640299356136e8, 2.340756900263711e8
1.1703898305253446e8, 1.9087276262102214e8
1.4441739812925538e8, 3.628477601180802e8
4.880734550139446e8, 6.528906121477528e8
2.016132927966189e8, 2.6275045127790537e8
1.5691779122778225e8, 2.6222073216053936e8
2.0891442042902014e8, 3.0063994631660545e8
4.48406612807641e8, 8.714329580103679e8
2.062721574673299e8, 3.3396481162492645e8
2.5907658197311938e8, 3.390573821464384e8
2.456390143746441e8, 2.8427879042936176e8
1.2692596108213131e8, 1.9565410423247892e8
1.7387636519766903e8, 2.422434739263329e8
1.649319411453442e8, 2.1838926542581397e8
1.7420947347157606e8, 2.399795325175899e8
2.672100429625286e8, 4.7010038401346487e8
1.724484767813574e8, 2.445318209800201e8
1.0034383080665632e8, 1.6726871203750294e8
1.3635665266600385e8, 2.2404481740522817e8
1.576350584606447e8, 4.3059441550176257e8
1.5936464284968528e8, 2.0361601396962917e8
8.414724932258663e7, 1.1868514542111704e8
1.2603490564503014e8, 2.9475601917327815e8
2.5389752328464097e8, 3.579817052555132e8
1.4944318461692056e8, 1.9639366911091417e8
9.934768779649714e7, 1.4672584643829378e8
1.049942591269566e8, 1.7085252410524276e8
2.1614427627828914e8, 3.286424901864183e8
4.105488979245389e8, 4.8323829820803064e8
1.298245712980856e8, 1.8362302304437107e8
1.6835613841054586e8, 2.3686782512909275e8
9.301191491043396e7, 1.5812607433666268e8
1.8041190404102927e8, 2.5362930777846664e8
1.6968121418201527e8, 2.6805380690704054e8
9.277034108966944e7, 2.3476825200666374e8
3.113044177730045e8, 4.317281323311314e8
2.9422893042980534e8, 3.797316799013217e8
1.802192363040387e8, 2.4696148252607828e8
4.196477924425272e8, 4.845500491085212e8
2.111905734325511e8, 3.1805782174337417e8
1.817106423062756e8, 2.3245423762416205e8
1.9459840204228184e8, 2.270694946310396e8
2.1562286875658166e8, 3.1629208097060657e8
1.5292402176643515e8, 1.9897841839948884e8
1.621132122345002e8, 2.212183922261025e8
1.949272433153749e8, 3.253590021103684e8
3.222680808122101e8, 3.715545949988013e8
1.9584140820214003e8, 2.642482960020352e8
2.292158846605231e8, 4.890140505705119e8
1.4258793399899036e8, 2.2918575322112414e8
1.0934656248790872e8, 1.9926059375268716e8
1.4210609665395263e8, 3.307236492851776e8
1.0645800447030146e8, 1.6672235808315334e8
1.791900742562796e8, 2.50704750894296e8
3.220908214268376e8, 3.7268043259651285e8
1.6531568150984702e8, 2.7154672913212353e8
1.0626536233919774e8, 2.6507908080407736e8
1.8460731870040557e8, 4.344694237187109e8
1.1488300059880981e8, 1.6460593577226588e8
4.373858046173303e8, 5.073285175899453e8
2.331838171135961e8, 4.253680366586063e8
1.4101326704633e8, 2.3014175148851073e8
1.2536033723995973e8, 1.9831682574082005e8
1.8829325657329968e8, 2.41385947797467e8
2.0090289574586058e8, 3.052381550670077e8
1.4166025784337163e8, 3.0561102178172964e8
1.72448348202243e8, 2.5521602544554633e8
1.871811656784561e8, 3.445621318562038e8
1.7011406921964198e8, 3.036501701417878e8
1.4249756455949143e8, 2.5504278564174822e8
2.2029489842185017e8, 2.6688852140698078e8
2.502811456868506e8, 3.052544012392294e8
1.5138705680862722e8, 2.0765947703417817e8
5.465353165827619e8, 7.264922516610116e8
1.8074180981223968e8, 3.4471010118753743e8
1.861624205556874e8, 2.4974061900150114e8
1.357468806036908e8, 1.7127066456683987e8
1.4161164392493135e8, 2.501068956583957e8
1.568901433587949e8, 2.1508709309850344e8
2.9990796295143217e8, 5.457541434970162e8
1.7983122977767107e8, 2.27331443800489e8
1.7328206516064027e8, 2.570310656760031e8
1.2744501699078487e8, 2.3270701699257046e8
3.5429910669679886e8, 5.700927490220102e8
1.966764896044359e8, 3.562730838598563e8
1.7304029666709518e8, 2.357925423216497e8
2.902337338619464e8, 5.645490754451152e8
1.513444643564952e8, 3.524194299593571e8
1.0897915064949389e8, 1.3924573272697142e8
1.3475163288907647e8, 1.7819100103301007e8
1.489548723489568e8, 2.4508383331736988e8
1.7008885956140244e8, 2.1686477187368277e8
1.1963767171096474e8, 1.6882305090100864e8
1.3670234431312594e8, 2.3631638856913158e8
1.5333900336738592e8, 2.0380999097212747e8
1.441283672028416e8, 2.942947214365939e8
1.6778376304443547e8, 2.8832284548543376e8
1.7487072678987387e8, 3.685368279393957e8
2.9922086124793005e8, 3.58650339276373e8
4.3238293976870865e8, 4.7308818602235574e8
1.3930587137113443e8, 2.3779068718898866e8
3.731950648796461e8, 4.3447491583629656e8
2.69661802077377e8, 3.2695411159568775e8
1.0816999589052753e8, 1.4975970796086735e8
9.253604290172327e7, 1.8322059893881977e8
1.6777806346602145e8, 2.6040049069619876e8
2.3266744487061462e8, 3.7901939385472447e8
1.351165414404149e8, 2.3766541425162834e8
1.4740498460491028e8, 3.4697109543874407e8
2.418554518067394e8, 6.461398931320062e8
1.821979346462705e8, 2.6179949508387548e8
1.4493436064650288e8, 2.3740960474300057e8
2.4775958359980202e8, 4.725931616724642e8
1.1086122280175227e8, 1.5996221506984922e8
1.2868380214032802e8, 1.7400846501218817e8
1.2306727838039517e8, 2.0713122363938698e8
3.445063134882781e8, 3.9509278086300564e8
2.769668600261071e8, 3.8586293688787895e8
1.2397304854019853e8, 2.1633854734403008e8
1.8063310041385573e8, 2.1696624434071276e8
1.6747709135216975e8, 2.781241379459988e8
1.798717417602106e8, 4.5357987433914363e8
2.1722210243033844e8, 2.9181246908825225e8
1.3464610948847172e8, 1.996270705198108e8
2.712346494097626e8, 4.2843995803502643e8
1.978427065281961e8, 2.8387454574184537e8
2.918198763135604e8, 3.370793070751049e8
1.8777448049027032e8, 2.8027237203330797e8
1.36626521260489e8, 2.1203487851472846e8
3.5924693912235767e8, 4.089571963071101e8
7.999515103036638e7, 1.1343733912519874e8
1.405761494838113e8, 2.0023805665014532e8
1.2478026197120322e8, 2.326036062683965e8
1.7337694272005147e8, 2.1161938557472333e8
1.6771468915966412e8, 3.005494959300568e8
2.0312733237688306e8, 2.8659218208382225e8
2.1692818408003226e8, 2.976557387434842e8
1.7610458114972383e8, 2.830174869507402e8
1.362481556719803e8, 2.4944126368259785e8
1.7488780173431402e8, 6.944820943139222e8
1.0540381972104274e8, 1.6378283640680385e8
1.3157913023080479e8, 1.763254908819924e8
1.9717481236226872e8, 2.3620831051888612e8
1.098721758486476e8, 1.6748309132375747e8
2.1234227474074498e8, 2.8519496368536097e8
2.4372127609696162e8, 3.073325134243013e8
4.6003090560625476e8, 5.860310301975754e8
1.1578187928550208e8, 1.680818839118726e8
1.8848178128641272e8, 2.6832891177570096e8
8.965033437089428e7, 1.6412636837371174e8
7.651176650060089e7, 1.2395491817334558e8
9.718205704851794e7, 1.513133329145319e8
2.1861078260618052e8, 2.877854454584509e8
8.356708920674443e7, 1.2556673894166216e8
1.0096203463341798e8, 1.8896777744327813e8
1.0552807199944335e8, 2.007558181370884e8
2.8736528171810544e8, 4.8403202753796005e8
1.3284715157825011e8, 2.4747521500682893e8
1.0420868159308632e8, 2.2956630831323013e8
1.5116083872291023e8, 2.868518791720616e8
2.025485064835027e8, 3.112830920031194e8
3.04814929590569e8, 3.953474760269272e8
3.5663859306644094e8, 4.307417201011738e8
1.4802798572507662e8, 2.3749145784852606e8
1.112822490946281e8, 1.7534993558143806e8
2.185684905199249e8, 3.1822893981970716e8
1.8077006066250852e8, 2.7093121536525553e8
1.5250875147136995e8, 2.061040629039527e8
2.1673221373876166e8, 3.0634017170303875e8
1.1180367280354029e8, 2.1072347587776363e8
8.82073253772467e7, 1.5018528255088505e8
1.583613372656907e8, 2.4132975409278226e8
2.2326042763651836e8, 3.4568105218853164e8
1.1213332802461827e8, 2.482247487502219e8
1.661019120066639e8, 3.668180825818744e8
1.6337841583524457e8, 2.5068138865117732e8
3.277599690776965e8, 4.0984090054497325e8
9.915358335655595e7, 1.6352000067941573e8
9.072169674393435e7, 1.8736505855230108e8
2.544338765331547e8, 3.511664952811557e8
2.6543467585287958e8, 3.088932097857666e8
1.327380380941223e8, 2.280632646904418e8
1.3770817104428217e8, 2.0347748772838598e8
3.1778650543640965e8, 3.734826275485655e8
1.6730878317710117e8, 2.4305689144378692e8
1.8479269046304932e8, 2.924858032592914e8
1.0862409097194166e8, 1.828608878751816e8
8.555641287703876e7, 1.696383762345541e8
9.67289863978021e7, 1.4382651477923855e8
1.5997351401393637e8, 2.502664700690227e8
1.674093210581186e8, 2.2739323299429232e8
2.337279796772912e8, 3.062597635459705e8
1.5676514619423193e8, 3.2615001634890956e8
2.033905681934212e8, 2.759723944217617e8
1.7155881742006353e8, 2.4344887136412957e8
2.4914262528745943e8, 3.5901512136963415e8
9.275470283608118e7, 1.6703918856570783e8
1.3457475930903536e8, 2.2148345058913314e8
7.127558857649955e8, 8.181932364876541e8
1.448972447301338e8, 2.4601670358272174e8
9.942076304548071e7, 1.502563923877725e8
1.1520700264791052e8, 1.916593374824564e8
1.550118384221414e8, 2.56440538202274e8
1.5139606451330528e8, 4.020893569995057e8
1.414070987372292e8, 3.093004560992357e8
1.2374175779247382e8, 1.813527100239956e8
9.830933788276215e7, 1.3543128834743047e8
2.0774161644494647e8, 2.6010766964879283e8
1.411865096067723e8, 2.1346603121411902e8
1.0504859393982221e8, 1.703146959396979e8
1.7394353628069293e8, 3.0915088213914824e8
1.4085004849415687e8, 2.0649467655911985e8
3.578329611027598e8, 1.0306923400154784e9
1.206072707425967e8, 1.9791088533473054e8
1.448877280453423e8, 2.2594748006487992e8
1.0773939564850253e8, 2.1512004557482532e8
3.807151514354672e8, 5.330427370948749e8
1.3285444874668314e8, 1.9979892004746085e8
9.574478198615324e7, 1.7674531830662584e8
1.6950268454379675e8, 2.5766403357625633e8
1.6421950623335597e8, 3.0510109820785916e8
1.3639819591889337e8, 2.909562328331005e8
1.6424326998049694e8, 2.204598679233349e8
1.4048047832617757e8, 1.9505903718747178e8
5.04559867370581e8, 6.246100449512107e8
1.7807672977527967e8, 2.6000859992224926e8
1.7689414342818204e8, 3.1486493072937894e8
1.530321820450809e8, 1.9947417975143814e8
1.7162673068046904e8, 6.713924170558013e8
1.6081774681187487e8, 2.3759050471731722e8
1.5127752605112082e8, 2.128069656908434e8
1.8318542994298652e8, 2.7037457179366946e8
1.423236877762235e8, 2.367135158291944e8
1.272014446941367e8, 2.72868442965667e8
7.059591815762397e8, 1.0540484900317041e9
1.034067928174708e8, 1.6946543877101505e8
1.2444063402516168e8, 2.4331459499800408e8
2.1560897717622346e8, 4.997526755176644e8
1.7546941092043373e8, 2.4115545159892023e8
1.589642657220452e8, 2.718054622844896e8
1.7159659881943846e8, 3.196989650909271e8
1.5499671539066297e8, 2.3526412409349763e8
1.1774836535631017e8, 2.511749897232171e8
1.6626435267395294e8, 2.935459672164439e8
2.1129687664122865e8, 2.5803114418734854e8
1.9117104353929916e8, 3.8656779642526937e8
3.794853156223223e8, 4.3091024466624045e8
1.3762104133386022e8, 2.1576757270382982e8
2.4184081806563482e8, 3.8698677293049043e8
1.368955859845666e8, 2.3383839689312154e8
2.1306395876147756e8, 3.2782591994813514e8
3.1677788704996556e8, 6.569829254351426e8
1.425496611723786e8, 2.0222298639537784e8
1.9095198385135907e8, 2.820204286985917e8
1.8151988676012278e8, 2.4955003776384678e8
1.1866301615001108e8, 2.3030361191158488e8
1.2906394705148634e8, 2.4655063351664618e8
3.0756387163801533e8, 4.6062449032746625e8
5.931618323429792e8, 6.63533554316979e8
1.35673679806681e8, 2.3232367906935605e8
1.7226676050751e8, 2.4200918220710337e8
1.932653416288152e8, 2.749976738173882e8
6.219562888496417e8, 9.360297379086701e8
2.7843844526758647e8, 3.651893943055476e8
1.5513484866690874e8, 2.180088085165627e8
2.3862745478448164e8, 3.080308872332711e8
2.0280107208552387e8, 2.5768602396545604e8
2.1951893285882345e8, 2.747639521861932e8
1.2169538029898915e8, 2.4017932253142092e8
1.1008488472762074e8, 1.5947869520192397e8
1.1750931470335764e8, 1.8024872772909045e8
1.2828200998301163e8, 1.7036824770219204e8
1.2282020894191083e8, 1.7534362146152616e8
1.5175679064117363e8, 2.1119926762064695e8
1.4818652181104526e8, 2.310428596731942e8
1.576097667170203e8, 2.591936796296337e8
1.1787795479765075e8, 1.864799994758603e8
3.5473764994083875e8, 4.189377129806068e8
9.813756844597392e7, 1.8733976810249826e8
1.2986452128581342e8, 2.207286083439338e8
1.8289963068249455e8, 2.4160433012247437e8
3.0062827837425387e8, 3.5896538876346904e8
3.0111065230452156e8, 4.32292536608564e8
2.2794558530891773e8, 2.871340144289239e8
1.3033840694744113e8, 1.9408388877130416e8
1.0265097680870375e8, 1.727977121221842e8
1.4702111468938074e8, 2.2883492387395018e8
1.4840444708499455e8, 2.0706868464263642e8
1.141169816826427e8, 1.7110457748842227e8
1.7516298837756938e8, 2.5905004594318908e8
1.0998653269146307e8, 1.6126349137923187e8
2.5616835782876322e8, 3.708762493059485e8
1.3085364708042075e8, 1.9048323690015855e8
1.3730082339208895e8, 1.9311469874037674e8
1.468335428368953e8, 2.987951330814995e8
1.0234013345389754e8, 2.1808537342209145e8
1.2413228040285036e8, 1.577837616821487e8
4.308054826531142e8, 8.35992989406978e8
3.28795603613577e8, 4.172424156246417e8
2.034261232869009e8, 2.990279356362064e8
1.3037203961381693e8, 2.157233967023751e8
1.4027908487646595e8, 2.0176675416144562e8
2.213971331129804e8, 3.9079236381208587e8
2.1432185453311285e8, 3.452004358661555e8
2.75341240170472e8, 3.4773349992283773e8
1.3694171861683282e8, 1.8870742221423075e8
2.7051210799958044e8, 4.2072677857798344e8
2.70751621055579e8, 3.582252433136544e8
4.799952222441177e8, 5.86074930412201e8
1.2898460789262842e8, 3.758033414875877e8
2.401889767786842e8, 4.2223117850694364e8
1.3318675367516051e8, 2.827433063953089e8
2.1465180159266537e8, 3.338265824160369e8
9.431303807468939e7, 2.1686957659564924e8
1.453171544961021e8, 2.787662164434731e8
1.9096109176143166e8, 2.316270529566304e8
2.721789365319251e8, 3.64344899923692e8
8.755923812644434e7, 1.7722208136863002e8
1.7543875851214772e8, 2.6802327508811092e8
1.4028223968040568e8, 2.4926468059870172e8
1.9740655866048846e8, 3.0306433972749984e8
1.566272332826554e8, 2.1275404972336766e8
8.624270588282627e7, 1.6254945040159348e8
1.8512018416532645e8, 2.1149852702150556e8
1.4777220353878188e8, 2.9162527064586973e8
1.942950649383832e8, 3.13908915618243e8
1.3731644320293766e8, 2.1974878822619236e8
1.2111890150197925e8, 2.1641468748669764e8
2.4404764109617177e8, 3.272925133342418e8
2.4154188075496134e8, 2.9055419509805876e8
1.2031844340802377e8, 2.5594528865268868e8
2.2464080223430336e8, 3.580958509638293e8
1.1902415262066081e8, 1.6872796756044328e8
6.06739491123106e8, 7.160811075992445e8
1.4082119227411613e8, 2.290098189442777e8
1.3581071845267642e8, 2.2091374080924493e8
1.41530939409282e8, 1.816506007710324e8
1.3857004479715937e8, 4.236469505070948e8
1.4063931810217446e8, 1.890975060049557e8
1.8298024834152517e8, 2.1827960087312382e8
1.565577708521795e8, 2.3649570737284818e8
2.3621055710041222e8, 3.429157318712276e8
1.2492317138638386e8, 1.9010394816889495e8
1.3357390497662172e8, 1.713603934289165e8
2.5046525279695305e8, 3.661874441541421e8
3.3734649267876464e8, 3.812144824370379e8
2.361164985693424e8, 4.677066626540038e8
1.1598266158596104e8, 1.773456589851597e8
1.433002980406622e8, 2.3019866396607393e8
1.7099531928595224e8, 2.6480877691369003e8
2.99348414215253e8, 3.664902500794571e8
3.699651358507997e8, 4.4104554601581943e8
1.1973080838440573e8, 1.752578876334972e8
2.4192072473253676e8, 2.9213194008255273e8
3.8308562694650865e8, 4.940494425724522e8
1.8582650966855955e8, 2.4282512336689138e8
2.4981644586066136e8, 3.8768496604296225e8
1.440793268901913e8, 2.692490266872471e8
1.0273467864441809e8, 1.5672728712044114e8
2.0183118841626167e8, 4.237882656607502e8
2.0436671109530517e8, 2.7711807128787583e8
1.936165599309934e8, 2.8778917606867003e8
4.5867028708901656e8, 6.320901771673859e8
1.7077154428851888e8, 2.253319683207141e8
1.2987042532651348e8, 2.5336864965529695e8
2.3970511870801044e8, 3.394854497945779e8
1.2100552064709336e8, 1.7429353256797874e8
1.714295743487916e8, 2.9802798918437636e8
1.3322801553102142e8, 1.8267475185421723e8
9.197316393427403e7, 1.3841818285120443e8
1.4843848844474846e8, 2.0852627057296014e8
1.5515036433154294e8, 2.865811275441744e8
2.0935027573550454e8, 2.5323273374062788e8
2.407067756965461e8, 4.655712536793139e8
7.157895222681054e8, 8.719803485168642e8
8.443959241695374e7, 1.359384236123296e8
8.745440787826318e7, 1.1983952851957074e8
1.1144704936402386e8, 1.4404324504318282e8
3.23935674821335e8, 4.205650171514101e8
1.412588779789405e8, 3.301883370401272e8
4.483785732958365e8, 5.834824796135494e8
1.9809221404686534e8, 3.363518570667492e8
2.9085763211528075e8, 4.757105585660226e8
1.3089222621213219e8, 1.8156673279322407e8
1.4244674324469128e8, 2.2941132373865e8
1.5493848115452716e8, 2.060562297049765e8
2.0783441965557587e8, 2.879377125553176e8
2.0817587641269588e8, 2.740697825803214e8
1.3633986269360378e8, 2.1084315149194196e8
1.9431433142395148e8, 3.0080147640383244e8
2.024169796682058e8, 2.7217296669522303e8
1.3843383830485415e8, 3.6728005416911656e8
1.2753253368485235e8, 2.4832655766437972e8
2.1209517547129557e8, 3.639172750823704e8
3.268679528165968e8, 3.911118115457118e8
3.25009077537719e8, 3.845263737731172e8
1.7573265846233326e8, 2.715360384734615e8
1.798498889898175e8, 3.7860961896057624e8
2.2111460757587492e8, 2.6965292310781777e8
9.022641970279156e7, 1.66625240712455e8
1.8039574983369052e8, 2.325690292252679e8
2.617142648418012e8, 3.3905378550308555e8
2.8155813559408987e8, 3.626300430495724e8
1.6313856185183176e8, 3.4776644583881176e8
4.0514400062326163e8, 4.885687449152446e8
2.697122703402647e8, 3.469365346126055e8
1.45869337309284e8, 2.4377285695986965e8
1.2860586177098256e8, 2.791228424261629e8
2.3082121826209623e8, 2.737490649246866e8
9.12408716187802e7, 1.7407924349535257e8
1.0780949144438612e8, 2.4939351795839968e8
1.6113987553756154e8, 2.5575665591882417e8
2.4046171555172756e8, 3.24061910067293e8
1.1524223322146901e8, 1.8450557079163268e8
1.4211177744055083e8, 2.306539884179094e8
1.2440602439551435e8, 4.313425323793849e8
2.4423944177588943e8, 3.369181229704998e8
3.843884573310466e8, 6.290642340085989e8
1.765990343996125e8, 3.16242336632505e8
1.513887753052283e8, 2.527562008870459e8
1.937138959593415e8, 2.4592132218151248e8
1.1563777672528441e8, 1.6884209512895042e8
1.8179387700034374e8, 2.801039603443334e8
1.321219409566108e8, 2.375509600675615e8
1.137847933965047e8, 1.8378211184927815e8
3.143688472840879e8, 3.673242338079507e8
1.401452303959039e8, 2.4868111614567578e8
1.5532474261882392e8, 2.160610222509321e8
1.4948059766310537e8, 2.250291299004162e8
1.8248615399229404e8, 3.2064665506540734e8
1.0141113392473985e8, 1.4714398304058108e8
1.618882739960655e8, 3.047804064921059e8
1.741906354733198e8, 2.412220065890267e8
1.940816562827649e8, 2.6517397458416548e8
1.27384723906809e8, 1.722034153596222e8
3.0986966926928115e8, 4.036378200417056e8
8.539454054814224e7, 1.5249494595096952e8
1.995170205897081e8, 2.6597979956095994e8
2.221365815301e8, 2.955000225549951e8
1.0325619660305183e8, 2.0356621702097204e8
3.365278324725973e8, 4.14056258143565e8
1.437179795406943e8, 2.79681802402936e8
1.2645466421883908e8, 1.8586785655396718e8
1.393533483701617e8, 2.0428509234158415e8
4.869970094835885e8, 6.876903801846029e8
2.549908888815826e8, 3.6426167353185683e8
1.3235684796540527e8, 2.1344503961999047e8
1.5118283012446982e8, 2.1525034039483896e8
1.345014956003787e8, 2.0679260784440127e8
1.6597028985806212e8, 2.369784400410968e8
9.777383422487725e7, 1.3981372117641628e8
1.6428207300871414e8, 2.319886762832002e8
3.429884001146204e8, 4.4211747623247117e8
1.2763611744219233e8, 1.7481233494207224e8
3.732537036402465e8, 4.242161299357461e8
1.8072905073841664e8, 2.758341156628423e8
3.85687048279393e8, 5.0023829943297577e8
2.1004302089831758e8, 2.7193731351904845e8
1.521950127339074e8, 2.1768998621262744e8
1.404739584826313e8, 1.957580624755991e8
1.863519086282615e8, 2.5052756567373434e8
1.2717991223579267e8, 2.4753473336568743e8
3.272688459222975e8, 4.194368200399752e8
1.3100342850785683e8, 1.8979144898724377e8
9.663762929840308e7, 1.7299303971180055e8
3.2254066685196054e8, 3.694454888345021e8
1.3203050931092255e8, 1.786377560313597e8
2.3860425958511728e8, 3.727786833266655e8
1.6038617878572538e8, 2.5403297668851635e8
1.787476524101949e8, 2.2196806354305726e8
3.216186851012949e8, 3.7229944339635366e8
1.9857715591638175e8, 3.860832130129321e8
1.5342189212397644e8, 2.0659531832778004e8
1.3586402620313793e8, 3.121128215758554e8
1.7734868830600527e8, 2.539987829848516e8
4.729912183993476e8, 6.249036864040694e8
1.3424324756904286e8, 1.8990559845104083e8
2.6363928188176852e8, 4.662699006044624e8
9.669188931534314e7, 1.4279509248649612e8
1.0461738501965177e8, 1.50800949681078e8
2.0452025963420963e8, 3.874611857365129e8
2.2328278050641233e8, 2.7984875695370466e8
1.5993551980863133e8, 3.664122008443744e8
2.1483250577409056e8, 2.988744180222109e8
1.2863842442528203e8, 2.401471610039379e8
1.3056715219924814e8, 4.0951886270700353e8
2.5965534106922287e8, 4.5788011328130245e8
2.9782775238621116e8, 4.6560723368342817e8
1.5193929228976196e8, 3.5431470125164986e8
2.5598457694961524e8, 4.488049163350245e8
1.4751671869382116e8, 1.8435256439117095e8
1.736391860574387e8, 2.384497419935603e8
1.628088450961759e8, 5.398510791025482e8
1.1126500801518805e8, 1.6562354768660256e8
1.5840741096756092e8, 2.124393225260069e8
1.709764352839635e8, 2.7030113386534923e8
1.2990371925697766e8, 1.7858310829394886e8
3.124935962230385e8, 4.5265973153791875e8
9.764486264160278e7, 1.5850757152980003e8
2.996663927932726e8, 5.947668839634242e8
1.6413360303711748e8, 2.6568917770331183e8
1.5588881752730498e8, 2.5312551916950855e8
2.5250468120485994e8, 3.224923212859346e8
2.700945861621402e8, 4.175467672188709e8
1.8602135632662028e8, 2.931017270711593e8
1.831474507920309e8, 2.8716135177146024e8
1.9844289893265885e8, 2.6560887905772954e8
1.5529755059772238e8, 2.695739449373355e8
9.852970716751422e7, 2.1304361488412616e8
1.1498227453037249e8, 1.8083772474615788e8
1.5856546209758124e8, 2.378946896729177e8
1.031377709335517e8, 2.547430039903779e8
2.4963213974310803e8, 3.6185335777146864e8
2.87583963365416e8, 4.0484936924597305e8
7.373331943489662e7, 1.4321346388283417e8
1.5910630397521275e8, 2.7567854930773556e8
1.4846534671826017e8, 2.3886295358665752e8
2.2480933515715852e8, 3.249940358547447e8
1.2885530428235126e8, 2.0013083308447945e8
2.2685126411511233e8, 3.0289858716862965e8
1.574514893870057e8, 2.469660664989789e8
1.647648658388788e8, 2.4173824620904937e8
2.1241412556250322e8, 2.6524234923484063e8
3.813628157083156e8, 4.5259464233037e8
3.1553271337716144e8, 3.732150132353552e8
2.3379406421029553e8, 2.97456719718143e8
1.6290879784907332e8, 2.0557786940042275e8
2.046916969639289e8, 2.3930806776172334e8
1.3371605184770532e8, 4.648332688833148e8
1.5942794332603168e8, 2.8899269340463215e8
2.1224511100133187e8, 2.9185638310368705e8
2.481597726379651e8, 3.6237786959681803e8
8.66397962970485e7, 2.0558658037966847e8
2.913611516083228e8, 5.756248813431036e8
1.165106783395687e8, 1.799901172732832e8
1.8027291826270637e8, 2.4595259248306844e8
1.055041736165093e8, 1.8011408064207327e8
2.5755786900388366e8, 3.852673741480106e8
1.8986601736046538e8, 3.2730524597241473e8
1.1516518377172692e8, 1.765612357876792e8
1.2567739298794714e8, 2.291959475169498e8
1.988810260146509e8, 4.892998147826331e8
1.8192357513741326e8, 5.394240030616552e8
1.2518974657245107e8, 2.0493647979538828e8
1.9380291200972015e8, 2.910539273565315e8
1.4226076746109197e8, 1.9026571635070089e8
1.7593909851994365e8, 2.3198309523459327e8
2.81901607347016e8, 3.7350122978939766e8
2.25810489096373e8, 3.03051743387187e8
1.850127354298937e8, 2.823257074713065e8
9.446685114762779e7, 1.7551830169778067e8
2.1611170134766313e8, 2.5846242372279713e8
1.9146296576110914e8, 2.824176427231327e8
1.395828271158528e8, 2.097578082052982e8
1.3290732322959623e8, 1.9533432500583446e8
1.3386519596552783e8, 3.021518984643327e8
1.6701452844860667e8, 2.3249042759818313e8
2.0610804094481772e8, 2.686498841941246e8
1.518609709317671e8, 2.234989463870331e8
2.1070563384644803e8, 5.136144454473272e8
1.4633999807597736e8, 2.2327238912804905e8
1.383463478563958e8, 2.1617600681642583e8
2.1615292270420182e8, 2.8724673689924896e8
1.361058713854338e8, 2.095435858489345e8
1.2957437800125001e8, 2.1776629556592494e8
1.5145424068615538e8, 2.5883729437325323e8
3.374172185796101e8, 5.3477306911963224e8
1.8760784172103873e8, 2.869333814851722e8
1.6471177844677153e8, 2.4985267864305484e8
1.679709106225073e8, 2.543931579742605e8
4.043197019529398e8, 4.618299424434023e8
1.52444256629369e8, 2.2363606101671264e8
1.69178641087964e8, 2.4014032553706086e8
1.3026441337990488e8, 1.8703349630413866e8
1.7395160962184685e8, 2.0682048745408863e8
2.057449918999431e8, 4.7842439321019197e8
1.8283908309457216e8, 2.235212831079546e8
1.8343644508351314e8, 3.630858166907018e8
1.4763979564191505e8, 1.9605874370093304e8
1.1765710899909297e8, 1.9744384081844676e8
1.4574391703271708e8, 1.9324589905247077e8
1.1217702042141949e8, 1.8388154965029192e8
1.5663298386244825e8, 3.222857477766535e8
1.808443604635961e8, 3.5681542504801315e8
1.459061536533696e8, 1.95848827059833e8
3.9417046573347104e8, 6.692170205347953e8
1.2566363908519252e8, 1.9848943135665575e8
2.4738316247191653e8, 3.72067485710763e8
2.0783717759074017e8, 2.919828637455012e8
1.6295754338573152e8, 2.9790027148456013e8
2.7982980269203925e8, 3.746113435366473e8
3.5372430889383906e8, 5.597925761081792e8
2.606295774507092e8, 4.0236341764345455e8
3.0830285697297174e8, 6.33814900468589e8
1.1086339022442833e8, 2.3369545774150214e8
1.9282796798254007e8, 4.5964634030833924e8
3.042245022248015e8, 4.0912784396501e8
3.2891508246771455e8, 3.8823681119132e8
1.0834789274030182e8, 1.8313148427221134e8
1.947682415348555e8, 2.3458418941155955e8
3.719742598258049e8, 4.599750604721577e8
1.292068052156878e8, 2.124329977398171e8
1.6432658334178776e8, 2.3798968097613257e8
2.865806225697327e8, 3.508118148500196e8
3.846136131335115e8, 4.4451505539038205e8
1.4764038950761434e8, 3.0695013129284936e8
1.4024408405104524e8, 1.7931427157398602e8
1.3126712740777785e8, 1.969128473884312e8
1.2257235873989344e8, 2.8773529235211426e8
1.1161919246867397e8, 2.4654956072042257e8
3.6071236419160455e8, 4.8740577356697375e8
2.7926043255253464e8, 4.9853458324698716e8
1.372542546357948e8, 2.0665878457556027e8
1.9257056152850217e8, 2.6259504626250464e8
1.3155932514371337e8, 1.8326764370716766e8
1.124156438797605e8, 2.0167043564712933e8
2.6742452407943878e8, 4.0002118854793e8
1.9414439433490646e8, 3.221650935799919e8
1.4360067383471105e8, 3.459136598954546e8
9.801751080588605e7, 1.598140705952318e8
2.1740872190369996e8, 2.8315941081898725e8
2.103906968846878e8, 2.93387608187578e8
2.237715023442536e8, 3.115884305641421e8
1.5138500554558614e8, 2.0380207469394562e8
1.2730496084003042e8, 2.1526484133160567e8
2.109907493215346e8, 2.6383418634771466e8
2.6319019744106662e8, 3.8950961212681043e8
1.3181133332830189e8, 2.4089436992729327e8
2.0546577768299243e8, 2.5865384497632536e8
1.2744871810846834e8, 2.3594441184665376e8
1.5041502492495388e8, 2.9407800009058446e8
1.2211493714051172e8, 1.9019071936703405e8
1.2808589899995734e8, 3.3592831610117096e8
1.8228686948507366e8, 2.3998263847040826e8
3.181675605734861e8, 3.67390680483153e8
1.3227848899765499e8, 1.7893104739650297e8
1.3653501245755243e8, 1.9815539265890202e8
1.129459806569834e8, 2.8097476937893474e8
1.6528854786726555e8, 2.677432847545821e8
1.6550389295955652e8, 2.3309671967453128e8
2.4650263340988368e8, 3.317161066145332e8
2.3329580917661119e8, 3.6075274293801403e8
1.3102725407044914e8, 2.3551797689462957e8
1.9732997570105246e8, 3.267048159431921e8
1.1086661698867095e8, 1.9185867702651125e8
1.1954515043785541e8, 1.918849778377632e8
1.0512297109552617e8, 1.618587941103236e8
1.4460798298768514e8, 1.9499694009540057e8
8.392215873698199e7, 1.8296643074697027e8
1.381007777156831e8, 2.3425277151503438e8
2.6405802684430435e8, 3.4326112710334283e8
2.8821561399136657e8, 4.318349997573908e8
9.109782369308154e7, 1.669026224098152e8
1.7254090581680256e8, 3.017556883068673e8
1.4750706268214864e8, 1.998137552466019e8
1.9229460219544223e8, 3.105536150263092e8
1.0697494836074515e8, 1.992257999814429e8
1.8114032016074237e8, 3.160670848201572e8
2.0595565870111874e8, 2.8578796893064624e8
1.2278882087999594e8, 2.5286946698925167e8
2.5907342732511604e8, 3.7033333507765776e8
1.5999928758639148e8, 2.6752819571119437e8
1.2490384010092264e8, 1.778185319418243e8
1.3136307755349642e8, 2.2261538213981757e8
3.191843313581976e8, 4.016088514899496e8
9.190613353368877e7, 1.972393700712551e8
1.8616171714080164e8, 3.01917557339258e8
2.8829232867894983e8, 4.0613963004703194e8
1.2382965544027998e8, 2.0381184888194233e8
2.6239702816949683e8, 3.581976473721258e8
1.224172043964472e8, 1.6356089477389368e8
1.3696882948925027e8, 2.6646711092614225e8
1.7434760999471584e8, 2.1280439147235265e8
2.5089725379531497e8, 3.1347778578574294e8
3.546127161773931e8, 5.567036973883039e8
1.921702266771242e8, 2.3090533516386554e8
1.3182138814767954e8, 2.516614642469638e8
1.888264798535829e8, 2.3679136782181102e8
1.261885161757852e8, 2.0562002756021228e8
2.3307379698925418e8, 3.350986794907677e8
1.218492258044053e8, 2.802590819742154e8
1.1985428517909823e8, 1.6718358048912287e8
2.2292809163117832e8, 3.8999863808014476e8
2.5746936062800694e8, 3.4691192717038995e8
2.603253231599477e8, 5.385131554679984e8
1.2914393592678711e8, 2.4494043808026767e8
3.009176531199882e8, 3.732771030688308e8
1.920432108481404e8, 2.5744629371878403e8
1.3593951445206484e8, 2.2214451236654833e8
1.6606541886844242e8, 2.1942442871428606e8
1.0992518978171244e8, 2.56437875844878e8
3.3493265622738177e8, 4.0419723837557214e8
1.2333684963417348e8, 3.018374428278681e8
1.4249990378044188e8, 2.376664027169775e8
1.8315970166442546e8, 3.326821829310536e8
3.021730278669053e8, 4.4355913403022873e8
2.406163856057063e8, 3.980466674604963e8
5.558828945384536e8, 6.478893822208326e8
9.127191196967655e7, 2.0562100733434892e8
1.4054382583929574e8, 2.066716103359025e8
2.033612899222798e8, 2.5070161501607355e8
1.0028215589755133e8, 2.0978941652496162e8
1.797145199093683e8, 5.629706016017858e8
1.9168590699386442e8, 3.9353486400504476e8
1.2601803426863717e8, 1.9799750120287782e8
1.0432628523153849e8, 2.5750801048878688e8
1.837023763080478e8, 3.0441846240479255e8
1.585125876782709e8, 2.816125117773312e8
1.4331279408968502e8, 2.6372516871611866e8
5.342986299296811e8, 7.001927116746513e8
1.2291559264672618e8, 2.4221748618486464e8
4.6766863163537073e8, 5.635216746561731e8
3.559397536641876e8, 4.446286167600429e8
1.2415742082302521e8, 2.04887217728949e8
1.7934763607837918e8, 2.8768144051309854e8
9.902239231813928e7, 1.860529944875366e8
2.661871607355519e8, 3.347358374894885e8
1.708724854974514e8, 2.4026858994999743e8
1.0650559550511326e8, 2.3626796884625685e8
1.6497897466941872e8, 2.1840955983065128e8
1.5172625017126143e8, 2.487399102768275e8
2.6210905477186048e8, 4.300927510013174e8
1.5708740057849154e8, 2.6748942927089992e8
1.3302110350575358e8, 3.0703043181613994e8
1.20017452377618e8, 2.6383376395124027e8
1.9063586633082676e8, 2.900491323104334e8
3.0239629575557816e8, 3.9366995183150995e8
1.6367523645195928e8, 2.601183644412454e8
1.4619930367041746e8, 2.1208307373577625e8
1.927800349827521e8, 4.409654961474191e8
1.547687760414044e8, 2.3419105012473786e8
1.1616864313303335e8, 1.9343459767134377e8
1.423252719009678e8, 2.5916104408859e8
1.1844849008546676e8, 2.4068901497556797e8
2.5002235413344014e8, 3.0367054067576236e8
1.4087093397656617e8, 2.6176204337178198e8
2.6830872199972934e8, 3.323597173332819e8
1.5762734575195962e8, 2.154989377103238e8
1.2341336858024038e8, 2.205556779909831e8
1.389554716513514e8, 2.416562201055473e8
1.9976913305286464e8, 3.29905965749151e8
1.1166004034270139e8, 1.5884109731828877e8
1.530315339550646e8, 2.0931974455206007e8
2.7807516089985514e8, 3.9339985288316023e8
1.659483145484717e8, 2.6114071229901168e8
1.9998957855829656e8, 3.05213307238697e8
1.6129778335217208e8, 2.2946243471212527e8
3.066367363487378e8, 3.864640227399415e8
9.258394710818887e7, 1.8762521627092835e8
1.5757775919316864e8, 2.4346947059640414e8
1.4324241572761148e8, 2.3200087531835628e8
1.3842725395691472e8, 1.731169609148133e8
1.580137333524625e8, 1.9816611849312094e8
1.4806304737872633e8, 2.7517118209021455e8
2.8418376978733253e8, 3.3648216991289043e8
1.056245534974367e8, 2.1785152082416824e8
1.0008877559585735e8, 1.4133257035954532e8
1.035906237590724e8, 1.535879279815852e8
8.316718453293798e8, 9.405354414836274e8
1.979124644347736e8, 2.6215523346890524e8
1.1403756451119311e8, 1.6816455869454375e8
2.5114854365399498e8, 3.270178096429957e8
1.208739339971138e8, 4.658372935612739e8
4.1955934846548784e8, 5.827597966539334e8
1.9702739005129758e8, 2.9864617906777996e8
2.492039933490693e8, 3.474930494724542e8
1.2140341297711858e8, 1.8939992686490825e8
1.8683222219429538e8, 3.18306792679323e8
3.361397845239103e8, 3.7142502311378205e8
2.323404463775154e8, 3.137471228612427e8
3.049911369302317e8, 4.530187291610173e8
1.9129073796481246e8, 5.043610531260828e8
8.108456970487973e7, 1.686183674325011e8
1.836139234138335e8, 4.416156260214496e8
5.528020900751082e8, 5.981211505917537e8
8.24252569972828e7, 2.953157799871819e8
1.690023356983975e8, 2.4537033858724836e8
2.94605348837949e8, 6.74866160614087e8
1.9763759499568197e8, 2.773324268324515e8
5.628316331665249e8, 6.268135495912588e8
1.235594176278909e8, 3.5598953201019156e8
2.769674689565556e8, 3.785136362214664e8
2.5176547916439688e8, 3.1200752409023297e8
1.801549566978698e8, 2.371199747551831e8
1.1096844622150055e8, 1.661934712775717e8
6.847121129897816e8, 1.0923427017194178e9
1.2574053311585823e8, 3.3240975748940253e8
1.448398348633644e8, 2.615209268105279e8
1.3630599323335755e8, 2.1854250353267688e8
1.5030184225264916e8, 2.453827181571127e8
1.6933507991655657e8, 2.750791088297855e8
1.1898499452117082e8, 1.8384789144888914e8
2.7466587687711036e8, 4.90770573122943e8
2.071043310505587e8, 3.0413964766894203e8
3.7198456051227534e8, 4.760162431049932e8
1.539494472014913e8, 2.3089783543150565e8
1.474764278606041e8, 2.4252836633410558e8
2.7748317438240707e8, 3.886979407398103e8
1.5007145673726583e8, 3.4393436455905837e8
1.52841928148669e8, 2.275596747192081e8
1.4270168789912623e8, 2.050585446718595e8
1.827773322207223e8, 2.2000184786179495e8
2.0685447516647688e8, 2.913130235604103e8
1.3629636010770363e8, 1.945469484528869e8
1.8211483989073074e8, 2.4949305413008356e8
5.0858465900866383e8, 5.648021873161211e8
1.586636594653798e8, 2.0608298552790496e8
2.6621984437265444e8, 3.0972351781393605e8
1.578066371035359e8, 2.682860501433381e8
3.0766615143127096e8, 5.0270029283344024e8
1.2119899048561284e8, 2.3526942695920315e8
2.749367189601377e8, 4.5588305395301765e8
1.4604406422610143e8, 3.113159010026478e8
2.3099978307446858e8, 8.554043485143145e8
1.242716390645961e8, 4.174014243049386e8
3.8077002598546106e8, 4.285123234729246e8
1.8309625681315786e8, 2.7407336497537374e8
1.4130754716962257e8, 2.1975440989364517e8
2.010110306796993e8, 2.9965827322741884e8
1.01729544648923e8, 1.520386923206234e8
1.0665493760598366e8, 1.9271012727923885e8
1.1119514067315415e8, 1.9335246823932487e8
1.734507012267446e8, 2.148127912130322e8
1.6647871484242725e8, 2.5054286108233947e8
1.2974034005287273e8, 3.140295806137134e8
2.2300642753348678e8, 3.03823203645704e8
1.2637662676096691e8, 1.7612317896110964e8
2.5167624519700167e8, 3.094405356709886e8
2.367236656939611e8, 3.141752026940062e8
1.5443855219279027e8, 1.912161185765599e8
2.354035201368278e8, 3.009238528951376e8
2.1837783653251836e8, 3.4927164077585375e8
9.664897173625967e7, 1.6356083058945575e8
2.199928059835877e8, 3.7507102383634704e8
1.9563582188613766e8, 2.3674346270245054e8
1.1802689779512192e8, 1.8362749905913454e8
1.561488851633554e8, 1.930356725488775e8
1.4383435978261343e8, 2.334212839120168e8
1.2370921968055919e8, 2.2472556209131357e8
1.2194828859661803e8, 2.124216447445841e8
1.64965697359232e8, 2.853100757640408e8
6.890271202262965e8, 8.698183845440022e8
1.3124634257185303e8, 1.90754935951446e8
1.7041904188351887e8, 2.6968273824653155e8
2.4133363000994673e8, 2.992115408351603e8
2.40712951726883e8, 3.1698203612903893e8
2.736508266096893e8, 3.31622929905812e8
1.5908547756950492e8, 3.318140429115832e8
1.3218716831321539e8, 1.7979613595717967e8
6.961684873605433e7, 1.3163447253019704e8
2.4168580555160865e8, 4.642399743299536e8
3.727852145887323e8, 4.409950244525918e8
1.4022201339644778e8, 1.9543366878928113e8
4.453863411285728e8, 5.2269955404718673e8
2.1013499970902175e8, 3.1426473700675994e8
1.9330716208696365e8, 2.8265036618025255e8
1.5404916236122537e8, 2.3092851630452472e8
1.9700989650954157e8, 2.767956131973142e8
2.622548008774215e8, 3.211069606231996e8
2.1262719732706407e8, 2.654702111726713e8
6.010905785200012e8, 8.143716711358635e8
1.1054378683872959e8, 2.1926512681744158e8
4.114498409913869e8, 4.578182876485916e8
1.4821265641033006e8, 2.5205125772182742e8
3.192887651124263e8, 4.021331499348767e8
2.686003454386497e8, 3.415252373620538e8
2.0349630563854474e8, 3.438830048844164e8
1.694573130506404e8, 4.0672767710803986e8
1.0078432869245625e8, 1.4151278413226968e8
1.9983186053467825e8, 2.5708335579204172e8
1.5734735293040958e8, 2.284633133641033e8
7.855764234013139e7, 1.910765090073541e8
1.7913488683739227e8, 2.5378474295523593e8
2.940078141271371e8, 4.6142399701379913e8
1.2842319665084052e8, 1.9605469541565526e8
3.293634050332178e8, 6.220066963147644e8
2.541272454450321e8, 5.1765931545539147e8
1.2169251668517041e8, 1.5077545581316864e8
1.3882203927310485e8, 2.4869282242937335e8
2.9103308354499525e8, 3.665977214517287e8
1.564408776458938e8, 4.4723364113006294e8
1.3521726809563658e8, 2.0568534406146926e8
1.698402359128713e8, 2.598066404056165e8
1.4995468928098828e8, 2.1422321070051765e8
1.641114839609024e8, 3.609066707288072e8
2.2192463549421695e8, 2.850532628280693e8
5.41119707111657e8, 6.128004187788856e8
1.7790601389173096e8, 3.509639965122054e8
2.0268969619162965e8, 2.9337695926908994e8
2.136049378898574e8, 3.50520935267645e8
1.7149384067114913e8, 2.576590528448974e8
1.9345872562687367e8, 2.5575717525380382e8
2.1107136755845162e8, 3.366464123251198e8
2.2723252501356655e8, 3.1717605532420224e8
1.350451573341892e8, 1.806124673997087e8
2.1399149001155367e8, 2.6570144175001225e8
1.7698430015888366e8, 2.1992178204249784e8
1.853008364830417e8, 2.4302425382902962e8
1.2356580967768016e8, 2.1221266840497103e8
1.777363895649207e8, 2.6308945422365686e8
1.9233396143788773e8, 2.9402487438368005e8
1.3211597798590556e8, 1.9090232607371587e8
9.940540061549741e7, 1.496507398490255e8
2.367176997516961e8, 3.3377087472696614e8
1.531551782260646e8, 2.5852921836400485e8
1.1463529177829751e8, 2.6230855400882256e8
1.0817189492934553e8, 1.6144778598633176e8
9.156656107165243e7, 2.0507596924205488e8
1.7910935041452232e8, 2.685731097348968e8
1.6455295086381227e8, 2.3465896516196045e8
1.0571901301581542e8, 1.5546362709171396e8
2.2053990756458405e8, 2.6360459729617327e8
1.6836156293832412e8, 2.8164499540697604e8
2.524444592717158e8, 3.417267498884717e8
2.106731629738121e8, 2.5256629299140787e8
3.9144159521472234e8, 5.874822421821252e8
1.2409608124127978e8, 2.24480417695023e8
8.277202816370578e7, 1.9673390498985782e8
1.4882336379149467e8, 2.0427576292015475e8
1.4855730460595587e8, 2.0731185796385676e8
1.6644530179547057e8, 2.7303348137383497e8
1.01416875653006e8, 1.6008786444470316e8
1.5725521116459885e8, 2.423822155309757e8
1.2068229457524543e8, 2.1976844693148568e8
1.9649848175744954e8, 2.5298426233700553e8
1.6251497946511233e8, 3.4124888767493004e8
1.4418979438242412e8, 1.896983049984326e8
1.0698420663129081e8, 1.83609953218741e8
1.670311264793986e8, 2.4008028849041128e8
1.4418951646365115e8, 2.847495563341158e8
9.0335903585566e7, 1.6534005699854186e8
1.3122782351577057e8, 1.6392816512541977e8
1.2136394394502224e8, 1.725174597441419e8
1.4626032141703615e8, 2.204093561476993e8
1.2607167649378732e8, 2.5074094083603197e8
1.5351928834922224e8, 3.3411772513078487e8
2.746083234435942e8, 3.432922590909425e8
3.1147237210817385e8, 4.025377778994883e8
5.735674352061912e8, 6.982069284436071e8
3.9866527803322554e8, 4.451944844295272e8
1.8225336935351706e8, 2.5546408650567386e8
2.1592013681584805e8, 2.6886521106902045e8
2.2075569572406322e8, 3.0365189430912423e8
2.7066405862505406e8, 3.4011323532641864e8
1.9161470699651474e8, 2.7093813630118287e8
1.1716501728368148e8, 1.6892459983926204e8
1.4604077264962867e8, 2.0790194121459994e8
2.2548527774776477e8, 3.01508485988448e8
3.538599178454567e8, 4.509408770544977e8
8.596288441051853e7, 3.091589070008996e8
2.197166620980363e8, 2.805205831471903e8
2.0277778398367727e8, 2.828978761724289e8
1.7267696755280918e8, 2.5733402731019536e8
1.619092683647875e8, 3.6571020176690924e8
2.846147882316896e8, 3.3287488624596536e8
1.1623772817257078e8, 2.0051734497109404e8
1.7819656399158853e8, 2.5894855080897677e8
4.0836042227807856e8, 5.3038733153665984e8
1.210111656287199e8, 2.6635664804524547e8
1.3428060451338696e8, 2.2091758096002185e8
1.501926484977604e8, 3.852165242373681e8
2.2303195074677816e8, 6.333235892799281e8
1.3608452871523285e8, 2.8178830139352155e8
1.1684489127090389e8, 1.8586528408525372e8
1.376712656164513e8, 2.2882834688474023e8
1.4239748999062437e8, 2.3466997130172125e8
1.600598513020769e8, 3.317573585732477e8
1.4690970856132868e8, 2.3081464582710674e8
1.6455320775645822e8, 2.152825100284258e8
1.0670430768789226e8, 2.0247752206620762e8
2.6466721779584846e8, 3.38475822233654e8
1.1077370604640847e8, 3.1518596586472464e8
1.8303743616445372e8, 3.231754339070271e8
1.2722308517942493e8, 1.9153348436165035e8
1.2055970190551235e8, 1.6629594837919596e8
1.0151885763042547e8, 1.438086238170711e8
3.344629538722494e8, 4.1168435770614326e8
1.1678681979778723e8, 1.5058394697823295e8
2.069920416049303e8, 2.989591395578703e8
1.4528514733489698e8, 2.0545838850960162e8
1.3738375553959715e8, 2.1208447204467136e8
2.0081903707088944e8, 4.304277760510892e8
2.2782369749603167e8, 2.774996059676556e8
1.4876605858781663e8, 2.3398029759123328e8
1.5669730026234365e8, 5.409889688476572e8
1.2412232423366848e8, 2.2321020937531078e8
1.1964280364576948e8, 1.5009978325647464e8
2.857429605666122e8, 3.6061104582811385e8
1.5857298786829254e8, 2.9062270465956587e8
1.852809055013838e8, 2.3204979521541458e8
1.217999395862429e8, 2.0098665186520934e8
1.450501925291198e8, 2.3107833774161744e8
1.6475315255238703e8, 2.5082466466649982e8
2.0123825792018214e8, 2.9562514466349334e8
2.5075135377409774e8, 3.254827024482154e8
2.591301206070361e8, 3.428231776801353e8
1.9941385640790257e8, 2.400075625641318e8
1.392537597675649e8, 1.8272105615871117e8
1.7555270480121356e8, 2.824648997228084e8
1.3932523299264693e8, 2.3915926028305966e8
1.3932221508853716e8, 1.784150311840526e8
1.3071500642140608e8, 1.8163781122634453e8
2.033839033699401e8, 2.6294137922889948e8
2.959060599048666e8, 3.514452405963158e8
3.2769783516711915e8, 4.0879365875908947e8
1.2679899085461515e8, 1.9210891263897455e8
1.3921093188743672e8, 4.6586016477660906e8
1.0783694645489399e8, 1.7201185265810826e8
2.513094725881105e8, 3.0138434465116847e8
1.2663437519519971e8, 2.6536431756979024e8
3.092494223223379e8, 4.139705861710811e8
5.116237272087273e8, 6.02084069823459e8
1.6272425161902636e8, 2.1381178987537086e8
1.6023765709129512e8, 2.417488336387496e8
1.2586870050750788e8, 2.1225666858098066e8
1.7201218280426306e8, 2.808358737428806e8
1.0042547026046574e8, 1.6191909022079527e8
1.54667329748095e8, 2.713385612868058e8
1.845834600969884e8, 2.618128463313446e8
1.6476043690071836e8, 2.0557513988531056e8
1.1765602373870426e8, 2.375358838133413e8
2.757462218702445e8, 3.59162433387482e8
1.1994921207286537e8, 1.7938077386645007e8
2.2743461555281305e8, 2.786298506211485e8
8.266978739160427e7, 2.335629270802068e8
1.4420099411425295e8, 3.668826823576865e8
1.2130345990467171e8, 1.5435369723823902e8
2.105990761579359e8, 3.098037833277204e8
2.0170576650064954e8, 2.7122552582568e8
1.4912910257244858e8, 2.2742020118097696e8
1.5839454089547423e8, 2.0898242533536115e8
1.150810008608753e8, 2.3862054450723466e8
3.073648902184477e8, 3.918371464978637e8
1.1246882511590497e8, 1.893567929525966e8
1.2823655048613109e8, 4.620997389225285e8
2.0877023064507696e8, 3.0765421399160564e8
1.5694277126832932e8, 2.138491774695584e8
3.3827675596764046e8, 4.6137696747298014e8
1.499657738587003e8, 2.3579493588987735e8
1.430448684592649e8, 3.13672551667525e8
1.6122795921048355e8, 2.1747365897316328e8
1.8337611878270084e8, 2.3353575560048172e8
1.420478965875866e8, 2.4899221750728908e8
1.6861102804374337e8, 2.2804756213585037e8
1.3802291615947658e8, 2.7906228618389153e8
2.2425119284705877e8, 2.88968847705529e8
1.654655348440937e8, 2.4020084210165283e8
2.058181629249348e8, 2.7049167614370084e8
2.2515218113989127e8, 2.68798013488329e8
2.7330542708837366e8, 3.637406579473739e8
1.309027397004669e8, 1.9656328517243153e8
1.342455441349918e8, 1.800523566094376e8
2.2026646365492782e8, 2.754989025210639e8
1.5388216062392172e8, 2.0541443055303907e8
1.472809081907355e8, 2.155197210581569e8
2.301331512329771e8, 3.042723923874088e8
1.4057663862426206e8, 2.4994635820221907e8
3.428278929555188e8, 4.5387333777224135e8
4.242646457105878e8, 5.170912003249153e8
2.4801299253194422e8, 3.378421169900077e8
5.701608536979921e8, 9.060506936351992e8
1.098226057161732e8, 1.7724868671958897e8
2.793129186319792e8, 5.189622902733787e8
1.3572695815481937e8, 2.1527020194178236e8
1.5329023628413913e8, 2.2077134792087862e8
1.6597958901250684e8, 2.4914350342051968e8
1.8365801412580547e8, 2.9815863086291075e8
1.755545472200614e8, 2.663263208208652e8
2.2459892714389548e8, 4.9988091282385033e8
1.2630552355049708e8, 1.8972957432182115e8
1.7363746844414863e8, 2.172896711462252e8
1.8783392384226608e8, 3.6235183170516795e8
1.7396460155040753e8, 2.7523276152351344e8
1.1619331942316224e8, 2.292080492456003e8
2.9584748010358155e8, 4.141431338770567e8
1.9322521346970934e8, 2.709762786302908e8
1.2189152297030361e8, 1.8016854034737802e8
1.4769749564275524e8, 2.2331771889944667e8
1.854212300346096e8, 2.7083326207476217e8
1.6474631212369078e8, 2.7292840143101066e8
1.3806610971153498e8, 2.4682286170273933e8
5.3249533051068324e8, 5.888738120042561e8
2.2769005376712462e8, 2.9558022227608466e8
1.5368942504575354e8, 2.3183072293926594e8
2.6910629778032494e8, 3.138297857599012e8
2.5531976745996937e8, 3.1543019067059773e8
1.8363679787234065e8, 2.6067515554483187e8
1.0254690654631007e8, 2.0274541126732093e8
9.715212136502942e7, 1.2599506589306995e8
9.738775620648149e7, 1.3341976732597674e8
1.7842442737614608e8, 2.128570391722951e8
3.7060820270776397e8, 4.4553116562196463e8
2.549119562438241e8, 3.516166604340687e8
3.092392750162239e8, 4.6926799003200096e8
1.1131336403871953e8, 1.448570056029252e8
2.240330409322687e8, 2.755952541977145e8
1.8127437443444702e8, 3.3657145031773067e8
5.341841120374328e8, 5.916670999959441e8
3.013556809214068e8, 4.7043253028934574e8
2.2228674274429e8, 2.921648712838429e8
3.97138692028972e8, 5.1062240157260543e8
1.0787377229551724e8, 1.9186493732846716e8
2.9127170586521125e8, 3.861456925548566e8
2.441003956882853e8, 4.065023994435834e8
5.268127775285309e8, 6.633134043014096e8
1.6328719497807685e8, 3.062401135026233e8
1.6339174141746306e8, 2.3671884072439957e8
1.2810026592975205e8, 2.2531616701918513e8
1.6774104853575698e8, 2.068858735443535e8
2.1808469409619516e8, 3.783281932495067e8
1.367987765033178e8, 2.582739170747158e8
1.2701138308202125e8, 2.3706558992296952e8
1.6143424529638332e8, 2.2438257240402845e8
2.090155815098284e8, 3.3374116602581173e8
1.7821206216645837e8, 3.0653734833521533e8
1.6792158259950966e8, 2.3908342032573083e8
2.061682519959651e8, 2.932843991591938e8
3.792124418239225e8, 6.140393583526678e8
9.457600568153124e7, 1.418799762747398e8
2.815114065595008e8, 3.3936604667086416e8
2.0517934432087603e8, 2.8214006579675776e8
1.0448354294331361e8, 2.0951789828089508e8
2.0099489300347763e8, 2.4757070050373206e8
1.4530521317388475e8, 2.0310744366200402e8
2.5034282922692472e8, 3.107156849810062e8
1.5847216528328535e8, 2.215502850867265e8
9.822990352258743e7, 2.077569652900665e8
2.0053422966728222e8, 2.4473544912005195e8
1.9450078826065865e8, 2.6277625925772417e8
1.5748248102315074e8, 2.3080129792728603e8
9.936920577124912e7, 1.5579297963377285e8
1.4806491853148398e8, 2.3566178851966164e8
1.4598893747415063e8, 2.2286285487072462e8
3.8930989677386796e8, 6.619806401660801e8
3.744266837865657e8, 6.656853195171045e8
1.0069818989336854e8, 1.891347464670927e8
1.9612033801822612e8, 2.904576518130129e8
1.717842177444693e8, 2.933249642525601e8
1.83514360645739e8, 3.826043792174648e8
1.646667936008176e8, 3.371183159463502e8
2.69263567951024e8, 3.72828536394471e8
1.4745996607256743e8, 2.3830481089434698e8
1.1454733675598915e8, 2.2741096596006513e8
2.114056474970011e8, 3.1339093093545973e8
1.2343746016245209e8, 2.0149813847471762e8
9.55432221612245e7, 2.2129718720802748e8
9.956055898215371e7, 2.0993885932059857e8
1.5104066877953538e8, 2.2073925964210406e8
1.2365329354585433e8, 1.7136085765495926e8
1.8631453046487543e8, 2.3177870226561183e8
1.533241932510965e8, 2.490597245151993e8
8.661773615499212e8, 1.0705450106339067e9
1.8751486699328873e8, 2.9176825498520786e8
1.7154189797415954e8, 2.2948473278815466e8
3.3697506101467806e8, 3.9869010040064186e8
1.581167236633762e8, 2.2345721078003466e8
2.241983887933878e8, 2.8697284550428605e8
4.34928457165126e8, 5.3415680027643573e8
1.2365583090714037e8, 2.0160968517988765e8
1.0024172838802186e8, 2.005974066204667e8
1.5434111299818873e8, 2.9725829395307225e8
2.3833688120719925e8, 4.0308902439935166e8
1.2659234519654314e8, 1.713855995339557e8
2.4636559006218338e8, 3.5924251368514246e8
1.2489764729335897e8, 1.917941130760539e8
1.9591738411307168e8, 2.419609814444615e8
1.805240292600401e8, 2.994965865939959e8
1.152836368010555e8, 2.0212494278240645e8
1.8319869758167538e8, 3.4878228338441485e8
1.9205962443605193e8, 2.4881673283226874e8
2.018405011877458e8, 2.5626732688599882e8
1.408571530337801e8, 1.7856375767516327e8
1.9404211672325438e8, 3.1109488551834476e8
1.3264100137514742e8, 1.9553210199992868e8
1.074373008708621e8, 2.0087484814426327e8
2.7515361662114847e8, 3.9419624315619254e8
1.767709896367007e8, 2.3626048450553456e8
1.4066196584139135e8, 2.2024386765692037e8
1.3286068043299286e8, 2.3636649543225116e8
2.371031850928225e8, 3.2694489796083933e8
2.3468170490438864e8, 4.430010555215994e8
1.699039336039911e8, 2.617589104342008e8
1.2751052917716531e8, 1.7998552328668585e8
3.5066603949921143e8, 5.059756277445229e8
2.121589917014746e8, 3.203545104379723e8
1.402494723113634e8, 4.7578242266773313e8
1.2934995450234787e8, 1.7957751206872088e8
1.7436858316647545e8, 2.3239860224003705e8
2.2539167296140328e8, 3.528926940456221e8
2.0240083291752428e8, 2.6086709837978086e8
2.0247610039397532e8, 4.059581325920372e8
1.488743414555178e8, 2.1536363526003024e8
1.164364798334679e8, 2.2212140855093056e8
1.1943673479869843e8, 1.788245822544001e8
1.3686588246944398e8, 1.8748419777625954e8
1.7343922283630076e8, 2.298361210953855e8
2.3805791073595506e8, 3.3350607821404713e8
1.3916686030066782e8, 2.9649645489355594e8
1.5504632884506634e8, 2.4420339051451233e8
1.531982593171118e8, 2.071284690931928e8
3.4790424348208016e8, 4.5006430457749337e8
1.1962770640137498e8, 1.7756263102065542e8
1.588723936433113e8, 2.4334194903513277e8
2.4056033031158563e8, 3.6027681165454525e8
1.6396129767856172e8, 2.1911778573283744e8
1.0251796352822383e8, 1.9200476063164306e8
1.3117103432160898e8, 2.3249883246875846e8
1.25390126028478e8, 6.073067949305838e8
4.062438468243884e8, 4.461324314914939e8
1.4480055977633533e8, 2.054562671136624e8
2.966801150465832e8, 3.9071290077346057e8
1.3061888667650089e8, 2.399593838843011e8
1.220414513889258e8, 1.8988112722446638e8
1.2991359677042878e8, 2.4789947516374433e8
1.503916872754585e8, 1.9487341897903314e8
1.6229836438417575e8, 3.456857365510211e8
2.529154960995813e8, 3.062296876742567e8
1.2919432420243052e8, 1.979995308531926e8
1.570333362324532e8, 3.1000641914570636e8
2.6735796779943895e8, 3.772138045403824e8
1.1753814078457403e8, 2.6103948688251993e8
1.302677781458953e8, 3.0422926659671885e8
2.2410117112440458e8, 2.848148031857024e8
1.0942746720854251e8, 1.6623669909704703e8
1.3541546004536772e8, 2.274460198253337e8
2.168127485731532e8, 3.221314309124365e8
1.865311797490897e8, 2.5125192683519992e8
1.706803203403106e8, 2.6232341158801153e8
1.8314335159253484e8, 2.807793034563455e8
1.4317751684017584e8, 2.2095349971241692e8
1.4981414415095517e8, 2.0724342510819945e8
2.6772946739136612e8, 3.995585219911258e8
1.7817953175688338e8, 2.2738038412606615e8
2.8242926261695164e8, 4.590606686464595e8
2.7336384546151406e8, 4.278552871668642e8
1.1977881467046928e8, 2.4645315576597884e8
1.802210740799667e8, 2.222260576926889e8
1.1536249249513844e8, 1.4801569687003008e8
1.4344725556813854e8, 2.1022663831739697e8
4.4617206158918756e8, 5.691710296462556e8
1.605081050206886e8, 2.3567954980324507e8
2.8224301555022323e8, 4.639786751290778e8
1.2019225759942189e8, 1.7414035209409696e8
1.0758403723805802e8, 1.5433465547394058e8
2.010609458099078e8, 2.810610645337251e8
1.1857598046150261e8, 2.1018060648404518e8
1.805159777303963e8, 2.5675516128100443e8
1.2768866649386519e8, 2.698604591717013e8
1.7257167277228823e8, 2.2269452858152616e8
1.0147697587658885e8, 1.8555035121301788e8
1.1403892621115804e8, 1.886100431775793e8
1.360171521616489e8, 1.8757818310305616e8
1.6587420864877918e8, 3.085138038563453e8
1.3924029028862154e8, 2.4549390137318847e8
1.1472820946040645e8, 2.879146157598142e8
2.5690445001649344e8, 3.577046134255773e8
4.510368726509629e8, 5.2455193248514557e8
1.4680036715141368e8, 2.0852581215011355e8
1.2168111836620115e8, 1.810170762093027e8
8.893441459276511e7, 2.0387248865533513e8
2.4266931324584296e8, 3.2606526620915353e8
1.811368329933047e8, 3.056307657502819e8
1.8736050285245657e8, 2.867068453670821e8
2.124740509648909e8, 3.7485897383482516e8
3.1461077971182704e8, 3.6586313365494907e8
1.5225250828305906e8, 2.035337915450747e8
1.774476678420515e8, 2.7258791112812936e8
3.3107180910284865e8, 3.788714564431017e8
1.4015502948110536e8, 1.9451590688727635e8
1.2760184566971895e8, 1.7779866454997003e8
1.6944070431486258e8, 2.663875713277337e8
1.635682045651265e8, 3.118196775074304e8
2.1162423561199585e8, 2.5567443519005156e8
1.5951252673440924e8, 2.046565551785412e8
1.2430606299283795e8, 2.4253985316644585e8
9.683848104165198e7, 2.4141957332888523e8
1.3198802189816913e8, 2.360949402769448e8
2.4680068953090334e8, 3.293631202200511e8
1.3501366902324384e8, 2.6974059927208304e8
1.337320956213634e8, 4.115302341628808e8
2.1162461720260596e8, 2.9096554669511646e8
2.0518630299268407e8, 3.6649642446153957e8
1.5558345036491525e8, 2.2410708268634477e8
1.2470486350349915e8, 2.624461222538148e8
1.1798268508392493e8, 1.8056201379096848e8
1.3615879886561173e8, 3.7085944417241544e8
1.3566802778425074e8, 2.127082203672596e8
2.7651494291471964e8, 4.3173814334940577e8
1.3824951953962603e8, 2.3420463309381098e8
1.0773426235160011e8, 2.746808038637362e8
1.4346109679403958e8, 1.895427615362762e8
1.0818086279226324e8, 3.456788192547231e8
1.789166373794095e8, 2.8605278832335675e8
1.914120216455883e8, 3.6202627886696744e8
9.463533505968514e7, 1.2436426369977295e8
2.062469053061701e8, 3.027264196061387e8
1.546038983858379e8, 2.0066366741203678e8
1.3312349431495221e8, 2.2127447490776983e8
3.7118944896096206e8, 4.9028216119731325e8
1.2451043382213321e8, 1.8742398320482817e8
1.2172021897121021e8, 2.1539736723524275e8
1.3162203328294994e8, 1.8901856697126007e8
2.1280897586552325e8, 5.646468248809026e8
1.559178324814033e8, 2.1150507311935177e8
1.32336443886915e8, 3.4999990982226956e8
1.2582202334284633e8, 1.9961612208746204e8
2.102148679148083e8, 5.764451919798019e8
2.1208803601033816e8, 3.099721923282005e8
1.7392455873924246e8, 2.933351477725135e8
2.9240372654579186e8, 3.864309168866555e8
1.871536554145735e8, 2.277215709097769e8
1.2255176385846233e8, 1.7505272314705983e8
1.0433317879385473e8, 2.020001791187364e8
1.2904308679214206e8, 2.384533539411666e8
1.3163330287809967e8, 1.8881738510233918e8
3.087206677095507e8, 5.116472266136301e8
1.7528519921741015e8, 2.4286836369757405e8
1.3763764338260013e8, 2.2173330590468204e8
2.2741904069632733e8, 3.037770027725718e8
9.03174307236585e7, 2.0410468358650875e8
1.3162639319273503e8, 1.9588288729194275e8
2.2922020601817542e8, 2.854662349339952e8
1.498700552148056e8, 2.0480653209387547e8
2.2646933652182785e8, 2.6160065007973078e8
1.3910148005799863e8, 1.8717897740317884e8
2.5983409903144917e8, 3.207267528637254e8
1.2743477537213531e8, 3.5335507185649425e8
3.772269286283773e8, 4.842344087605237e8
4.779443508486776e8, 8.061318374583529e8
1.0459885492306636e8, 1.641661461974765e8
1.6342294939023528e8, 2.9129706343347347e8
3.270691178249055e8, 3.98392019054874e8
1.5345081192306817e8, 2.54188321364673e8
1.513166272121163e8, 2.1357209573750508e8
2.1740303039063796e8, 2.6493837378089246e8
1.3863431871667954e8, 2.4098094192280686e8
1.9576442026550287e8, 2.596270884977963e8
1.653661286210452e8, 2.4709459835069233e8
1.9052724780005723e8, 2.481907474984469e8
1.924851306521291e8, 3.055954475408803e8
1.199660511298789e8, 1.8341061981514302e8
1.754604179765196e8, 7.24240449075459e8
1.4870760052003255e8, 2.378758396475807e8
1.3906814171843526e8, 4.449496356980132e8
1.4048079038750196e8, 2.4308034044204465e8
1.6762397518226027e8, 2.1162435777590278e8
1.236851065267458e8, 2.1562540419227204e8
1.5585163540138924e8, 4.0332708514756674e8
1.750169998365954e8, 2.2746348516748697e8
1.2465169521239775e8, 1.8759745673378837e8
1.9905990105533978e8, 2.7658539960435295e8
1.581372080079374e8, 1.8836890416990325e8
1.6767089596836975e8, 2.5319975752332377e8
1.8446021293970785e8, 3.0257692660262424e8
1.1874821272675082e8, 1.9045751358114278e8
1.2646079428272627e8, 2.0806872560902667e8
2.21265697262693e8, 2.9484309067525744e8
1.3742408187785846e8, 2.4455699871284783e8
