(1,3156.01)
(2,4413.56)
(3,7890.99)
(4,10859.95)
(5,12155.07)
(6,12161.44)
(7,11163.17)
(8,9216.49)
(9,6516.18)
(10,3456.83)
(11,898.35)
(12,279.17)
(13,1784.11)
(14,4503.6)
(15,7126.48)
(16,10750.05)
(17,12109.35)
(18,11926.19)
(19,10463.42)
(20,7334.96)
(21,4063.66)
(22,1605.75)
(23,284.82)
(24,113.48)
(25,1638.03)
(26,4890.29)
(27,7598.42)
(28,11091.13)
(29,12319.26)
(30,12316.64)
(31,11119.15)
(32,8466.89)
(33,5715.54)
(34,3050.73)
(35,882.45)
(36,284.72)
(37,1802.36)
(38,5125.27)
(39,8007.98)
(40,11392.2)
(41,12285.86)
(42,12128.57)
(43,10735.16)
(44,8090.78)
(45,4906.75)
(46,2157.79)
(47,499.9)
(48,202.16)
(49,1766.0)
(50,4849.92)
(51,7816.31)
(52,11477.05)
(53,12443.69)
(54,12426.18)
(55,11221.91)
(56,8928.85)
(57,6087.55)
(58,2769.12)
(59,561.3)
(60,203.95)
(61,1640.12)
(62,4622.34)
(63,8070.11)
(64,11356.23)
(65,12201.94)
(66,12092.25)
(67,10866.14)
(68,8486.6)
(69,5675.95)
(70,2987.51)
(71,660.7)
(72,232.8)
(73,1898.11)
(74,5001.0)
(75,7817.11)
(76,11326.02)
(77,12346.37)
(78,12274.66)
(79,11055.32)
(80,8754.17)
(81,5759.85)
(82,2749.57)
(83,661.05)
(84,240.97)
(85,1863.06)
(86,5042.55)
(87,7815.11)
(88,11201.74)
(89,12179.83)
(90,12108.83)
(91,11033.34)
(92,8923.88)
(93,6148.41)
(94,3303.2)
(95,746.86)
(96,211.62)
(97,1792.48)
(98,5193.18)
(99,8423.94)
(100,11454.83)
(101,12400.48)
(102,12329.08)
(103,11163.15)
(104,8816.74)
(105,5722.71)
(106,2566.91)
(107,418.06)
(108,145.72)
(109,1776.34)
(110,5053.91)
(111,8659.0)
(112,11602.97)
(113,12448.46)
(114,12356.3)
(115,11204.98)
(116,9161.61)
(117,6504.2)
(118,3607.1)
(119,788.29)
(120,246.17)
###################
(1,3156.01)
(2,1381.0)
(3,3204.89)
(4,5634.37)
(5,8788.9)
(6,8876.91)
(7,7812.91)
(8,5516.41)
(9,2773.72)
(10,585.76)
(11,0.0)
(12,0.0)
(13,0.0)
(14,0.0)
(15,0.0)
(16,5074.04)
(17,8369.74)
(18,7930.33)
(19,5415.24)
(20,3019.99)
(21,1087.07)
(22,0.0)
(23,0.0)
(24,0.0)
(25,0.0)
(26,0.0)
(27,0.0)
(28,5751.14)
(29,9403.55)
(30,9555.44)
(31,7313.37)
(32,3665.24)
(33,971.21)
(34,0.0)
(35,0.0)
(36,0.0)
(37,0.0)
(38,0.0)
(39,1014.58)
(40,6425.69)
(41,9278.19)
(42,8841.84)
(43,6244.77)
(44,3306.61)
(45,1251.59)
(46,0.0)
(47,0.0)
(48,0.0)
(49,0.0)
(50,0.0)
(51,1349.13)
(52,6965.5)
(53,10400.26)
(54,10328.79)
(55,7457.56)
(56,4560.39)
(57,1737.81)
(58,39.5)
(59,0.0)
(60,0.0)
(61,0.0)
(62,0.0)
(63,1764.08)
(64,6225.44)
(65,8646.21)
(66,8299.54)
(67,5752.34)
(68,3387.52)
(69,1578.46)
(70,84.01)
(71,0.0)
(72,0.0)
(73,0.0)
(74,0.0)
(75,1260.96)
(76,6047.0)
(77,9641.26)
(78,9334.05)
(79,7207.78)
(80,3978.01)
(81,1959.91)
(82,133.82)
(83,0.0)
(84,0.0)
(85,0.0)
(86,0.0)
(87,1706.32)
(88,5589.56)
(89,8114.32)
(90,7785.32)
(91,6234.01)
(92,4004.49)
(93,1851.46)
(94,202.7)
(95,0.0)
(96,0.0)
(97,0.0)
(98,0.0)
(99,1836.16)
(100,6354.85)
(101,9986.65)
(102,9666.64)
(103,7356.76)
(104,4382.15)
(105,2283.14)
(106,369.01)
(107,0.0)
(108,0.0)
(109,0.0)
(110,0.0)
(111,2223.41)
(112,6983.07)
(113,10416.11)
(114,9847.13)
(115,7998.24)
(116,5252.09)
(117,2764.71)
(118,695.25)
(119,0.0)
(120,0.0)
###################
(1,3156.01)
(2,8103.25)
(3,12744.9)
(4,12744.9)
(5,12744.9)
(6,12744.9)
(7,12161.18)
(8,10580.46)
(9,8388.87)
(10,6209.98)
(11,4165.36)
(12,2108.98)
(13,7483.59)
(14,12744.9)
(15,12744.9)
(16,12744.9)
(17,12744.9)
(18,12744.9)
(19,12429.67)
(20,10696.41)
(21,8002.6)
(22,5443.18)
(23,1878.29)
(24,620.94)
(25,7031.17)
(26,12744.9)
(27,12744.9)
(28,12744.9)
(29,12744.9)
(30,12744.9)
(31,12398.91)
(32,10742.51)
(33,8516.21)
(34,6294.79)
(35,4074.2)
(36,2112.05)
(37,7118.13)
(38,12744.9)
(39,12744.9)
(40,12744.9)
(41,12744.9)
(42,12744.9)
(43,12389.44)
(44,10768.84)
(45,8533.3)
(46,6046.53)
(47,3106.7)
(48,1695.0)
(49,6877.11)
(50,12744.9)
(51,12744.9)
(52,12744.9)
(53,12744.9)
(54,12744.9)
(55,12435.64)
(56,10869.85)
(57,8631.96)
(58,6178.24)
(59,3152.8)
(60,1472.17)
(61,7296.96)
(62,12744.9)
(63,12744.9)
(64,12744.9)
(65,12744.9)
(66,12744.9)
(67,12454.98)
(68,10920.09)
(69,8774.98)
(70,6490.91)
(71,3449.12)
(72,1727.33)
(73,7700.8)
(74,12744.9)
(75,12744.9)
(76,12744.9)
(77,12744.9)
(78,12744.9)
(79,12431.31)
(80,10882.1)
(81,8667.27)
(82,6270.95)
(83,3283.3)
(84,1882.7)
(85,7637.86)
(86,12744.9)
(87,12744.9)
(88,12744.9)
(89,12744.9)
(90,12744.9)
(91,12411.1)
(92,10985.29)
(93,8855.27)
(94,6614.55)
(95,2965.86)
(96,1652.37)
(97,7511.39)
(98,12744.9)
(99,12744.9)
(100,12744.9)
(101,12744.9)
(102,12744.9)
(103,12404.61)
(104,10862.82)
(105,8499.63)
(106,5713.65)
(107,2045.49)
(108,1114.45)
(109,7422.05)
(110,12744.9)
(111,12744.9)
(112,12744.9)
(113,12744.9)
(114,12744.9)
(115,12357.21)
(116,10783.87)
(117,8589.09)
(118,5806.99)
(119,2451.36)
(120,2053.26)
###################
