(1,5514.41)
(2,8719.48)
(3,11110.08)
(4,11804.52)
(5,7809.25)
(6,3954.79)
(7,2380.73)
(8,1697.61)
(9,1321.37)
(10,1455.94)
(11,2612.32)
(12,5283.57)
(13,9048.07)
(14,12332.92)
(15,13854.29)
(16,13586.52)
(17,8765.74)
(18,4275.72)
(19,2498.46)
(20,1765.03)
(21,1413.17)
(22,1569.55)
(23,2488.87)
(24,5027.69)
(25,8926.3)
(26,12040.99)
(27,13646.34)
(28,13732.7)
(29,8910.1)
(30,4417.17)
(31,2597.02)
(32,1869.23)
(33,1438.79)
(34,1624.01)
(35,2622.6)
(36,5032.98)
(37,8948.46)
(38,12563.33)
(39,14248.24)
(40,13593.44)
(41,8888.06)
(42,4334.57)
(43,2520.75)
(44,1778.67)
(45,1385.39)
(46,1607.9)
(47,2628.07)
(48,4985.29)
(49,8754.76)
(50,11692.25)
(51,13985.53)
(52,13685.29)
(53,8990.14)
(54,4273.79)
(55,2524.47)
(56,1796.77)
(57,1394.35)
(58,1589.79)
(59,2626.29)
(60,5037.76)
(61,9130.9)
(62,12219.42)
(63,13970.4)
(64,13987.56)
(65,8702.97)
(66,4216.14)
(67,2492.2)
(68,1764.91)
(69,1395.75)
(70,1583.47)
(71,2535.07)
(72,5084.11)
(73,9503.13)
(74,12886.86)
(75,13954.29)
(76,13887.93)
(77,9077.29)
(78,4322.93)
(79,2496.61)
(80,1782.27)
(81,1406.7)
(82,1552.07)
(83,2541.52)
(84,4899.62)
(85,8249.71)
(86,11481.37)
(87,13617.34)
(88,13681.8)
(89,8887.76)
(90,4314.21)
(91,2522.56)
(92,1792.55)
(93,1407.12)
(94,1556.3)
(95,2566.11)
(96,4887.63)
(97,8729.92)
(98,11642.98)
(99,13644.48)
(100,13829.31)
(101,8938.12)
(102,4356.28)
(103,2540.41)
(104,1813.23)
(105,1423.98)
(106,1595.35)
(107,2694.94)
(108,4980.88)
(109,8696.54)
(110,11854.54)
(111,13829.04)
(112,13878.03)
(113,9111.96)
(114,4412.59)
(115,2567.03)
(116,1841.82)
(117,1450.77)
(118,1613.07)
(119,2592.07)
(120,5151.42)
###################
(1,5514.41)
(2,5570.99)
(3,7197.25)
(4,7812.44)
(5,5042.25)
(6,2489.67)
(7,1583.71)
(8,1132.66)
(9,847.12)
(10,846.83)
(11,1292.08)
(12,2401.27)
(13,4606.51)
(14,6251.54)
(15,7964.09)
(16,8270.7)
(17,5369.37)
(18,2621.84)
(19,1634.44)
(20,1146.37)
(21,890.45)
(22,913.7)
(23,1273.29)
(24,2344.28)
(25,4467.85)
(26,5614.1)
(27,7463.47)
(28,8395.84)
(29,5377.82)
(30,2630.85)
(31,1677.19)
(32,1225.92)
(33,936.66)
(34,957.06)
(35,1348.67)
(36,2302.54)
(37,4412.12)
(38,5886.31)
(39,8078.19)
(40,8274.44)
(41,5521.8)
(42,2628.0)
(43,1639.5)
(44,1140.93)
(45,872.28)
(46,904.38)
(47,1288.58)
(48,2333.37)
(49,4619.83)
(50,5890.57)
(51,8045.1)
(52,8356.04)
(53,5297.06)
(54,2530.87)
(55,1615.45)
(56,1165.68)
(57,890.33)
(58,895.11)
(59,1319.38)
(60,2379.56)
(61,4702.32)
(62,6217.56)
(63,8362.24)
(64,9135.37)
(65,5519.91)
(66,2651.54)
(67,1640.1)
(68,1173.71)
(69,890.24)
(70,908.51)
(71,1300.0)
(72,2434.26)
(73,5107.27)
(74,6590.45)
(75,8195.88)
(76,8941.89)
(77,5662.02)
(78,2690.92)
(79,1655.9)
(80,1180.51)
(81,911.39)
(82,917.35)
(83,1264.56)
(84,2208.16)
(85,4090.19)
(86,5513.78)
(87,7703.4)
(88,8406.8)
(89,5336.2)
(90,2610.0)
(91,1643.3)
(92,1170.91)
(93,882.4)
(94,869.01)
(95,1292.29)
(96,2232.67)
(97,4373.28)
(98,5798.36)
(99,7772.48)
(100,8400.19)
(101,5248.81)
(102,2651.76)
(103,1598.55)
(104,1145.09)
(105,896.85)
(106,904.43)
(107,1405.69)
(108,2105.79)
(109,4013.28)
(110,5576.5)
(111,7892.55)
(112,8701.65)
(113,5667.7)
(114,2706.28)
(115,1685.46)
(116,1187.22)
(117,944.58)
(118,937.54)
(119,1329.6)
(120,2245.37)
###################
(1,5514.41)
(2,12785.63)
(3,17049.54)
(4,17547.77)
(5,11553.96)
(6,5916.18)
(7,3388.33)
(8,2443.08)
(9,1947.72)
(10,2273.49)
(11,4357.52)
(12,9545.89)
(13,15860.26)
(14,20896.63)
(15,21623.88)
(16,20334.77)
(17,13488.86)
(18,6482.93)
(19,3656.26)
(20,2562.1)
(21,2124.21)
(22,2446.9)
(23,4205.03)
(24,8927.89)
(25,15169.28)
(26,21648.97)
(27,21918.43)
(28,20813.67)
(29,13713.67)
(30,6659.5)
(31,3711.56)
(32,2669.4)
(33,2095.25)
(34,2510.06)
(35,4390.22)
(36,8899.29)
(37,15423.98)
(38,22486.87)
(39,22901.88)
(40,20965.15)
(41,13668.79)
(42,6680.45)
(43,3708.94)
(44,2578.02)
(45,2063.6)
(46,2623.34)
(47,4692.16)
(48,9000.93)
(49,14425.84)
(50,20092.64)
(51,21845.96)
(52,20928.52)
(53,13907.47)
(54,6726.94)
(55,3749.21)
(56,2688.24)
(57,2060.95)
(58,2526.85)
(59,4574.33)
(60,9147.61)
(61,15470.58)
(62,21205.97)
(63,21567.69)
(64,20079.0)
(65,13051.33)
(66,6299.18)
(67,3571.93)
(68,2545.91)
(69,2022.88)
(70,2577.32)
(71,4296.19)
(72,9205.5)
(73,15897.7)
(74,22327.79)
(75,21452.27)
(76,20237.87)
(77,13619.85)
(78,6396.88)
(79,3607.22)
(80,2590.97)
(81,2059.98)
(82,2464.91)
(83,4382.16)
(84,8972.43)
(85,14467.21)
(86,21478.15)
(87,22696.36)
(88,21446.94)
(89,13925.2)
(90,6813.42)
(91,3734.5)
(92,2640.71)
(93,2087.77)
(94,2567.22)
(95,4380.32)
(96,8578.4)
(97,15385.88)
(98,20308.6)
(99,21612.07)
(100,20978.12)
(101,13866.25)
(102,6678.41)
(103,3803.67)
(104,2724.45)
(105,2120.34)
(106,2477.12)
(107,4468.37)
(108,9208.11)
(109,15542.54)
(110,20931.11)
(111,22196.06)
(112,20700.73)
(113,13556.19)
(114,6560.98)
(115,3662.39)
(116,2639.82)
(117,2073.89)
(118,2489.77)
(119,4252.71)
(120,9749.84)
###################
(1,5514.41)
(2,4730.26)
(3,4920.61)
(4,5401.42)
(5,3386.07)
(6,1373.54)
(7,1040.11)
(8,776.21)
(9,486.47)
(10,397.37)
(11,715.13)
(12,1258.21)
(13,2170.06)
(14,3048.01)
(15,4282.18)
(16,5144.33)
(17,3362.47)
(18,1682.52)
(19,1121.83)
(20,803.07)
(21,589.43)
(22,596.12)
(23,599.54)
(24,1331.69)
(25,2659.45)
(26,3181.98)
(27,4001.12)
(28,4938.32)
(29,2846.46)
(30,1371.12)
(31,924.77)
(32,658.92)
(33,592.24)
(34,520.9)
(35,781.61)
(36,1187.27)
(37,2098.67)
(38,2853.98)
(39,4270.18)
(40,4879.38)
(41,3518.09)
(42,1717.87)
(43,1109.19)
(44,748.66)
(45,406.27)
(46,491.78)
(47,685.42)
(48,1514.88)
(49,1982.92)
(50,2363.17)
(51,5190.94)
(52,5087.23)
(53,2952.89)
(54,1576.25)
(55,1089.78)
(56,689.69)
(57,461.35)
(58,469.15)
(59,596.25)
(60,480.46)
(61,2001.77)
(62,3169.13)
(63,5038.53)
(64,5286.35)
(65,3187.21)
(66,1748.46)
(67,1241.99)
(68,801.13)
(69,636.34)
(70,603.69)
(71,733.32)
(72,1320.4)
(73,2932.4)
(74,2933.16)
(75,4842.29)
(76,5757.28)
(77,3611.0)
(78,1696.24)
(79,1067.33)
(80,748.38)
(81,585.53)
(82,447.98)
(83,582.53)
(84,1060.5)
(85,1786.2)
(86,3060.07)
(87,4430.62)
(88,5616.71)
(89,3568.02)
(90,1782.65)
(91,1117.17)
(92,820.57)
(93,527.51)
(94,469.04)
(95,659.24)
(96,1107.29)
(97,2418.69)
(98,2915.76)
(99,5034.85)
(100,5712.81)
(101,3674.62)
(102,1734.24)
(103,1041.17)
(104,797.46)
(105,587.18)
(106,469.94)
(107,598.5)
(108,1068.03)
(109,1603.55)
(110,2231.87)
(111,4389.25)
(112,5186.06)
(113,3028.31)
(114,1677.57)
(115,1005.56)
(116,731.14)
(117,613.2)
(118,555.61)
(119,664.85)
(120,857.16)
###################
